#  Overlap between R and R+dR : i_MO_R, j_MO_R+dR, S_ij  
1    1    0.999964 
1    2    0.248363 
1    3    0.00203514 
1    4    -5.02285e-06 
1    5    1.32958e-06 
1    6    0.0 
1    7    0.0370283 
1    8    -0.0305379 
1    9    0.053268 
1    10    7.56224e-05 
1    11    0.0 
1    12    0.00185655 
1    13    -0.00368485 
1    14    0.002159 
1    15    1.3075e-05 
1    16    0.0 
1    17    0.000387078 
1    18    -0.00103451 
1    19    0.0 
1    20    1.28495e-06 
1    21    0.0 
1    22    0.00185688 
1    23    -0.00368552 
1    24    -0.00215918 
1    25    1.30243e-05 
1    26    0.0 
1    27    0.0370318 
1    28    -0.0305407 
1    29    -0.053273 
1    30    7.21359e-05 
1    31    0.0051113 
1    32    9.36558e-05 
1    33    9.36837e-05 
1    34    0.00511142 
1    35    0.0 
1    36    0.0 
1    37    0.0 
1    38    0.0 
1    39    0.0 
1    40    0.0 
1    41    0.0 
1    42    0.0 
1    43    0.0228053 
1    44    0.0391977 
1    45    0.0 
1    46    -5.21769e-05 
1    47    0.0 
1    48    0.000260183 
1    49    0.000645203 
1    50    -0.000328447 
1    51    0.0 
1    52    0.0 
1    53    0.000260092 
1    54    0.00064498 
1    55    0.000328367 
1    56    0.0 
2    1    0.248363 
2    2    0.999999 
2    3    0.00129829 
2    4    -3.20425e-06 
2    5    0.0 
2    6    0.0370283 
2    7    0.361956 
2    8    -0.191949 
2    9    0.334821 
2    10    0.000475332 
2    11    0.00185655 
2    12    0.061545 
2    13    -0.0780773 
2    14    0.0457465 
2    15    0.000277043 
2    16    0.000387078 
2    17    0.0251147 
2    18    -0.0405257 
2    19    0.0 
2    20    5.03362e-05 
2    21    0.00185688 
2    22    0.0615513 
2    23    -0.0780864 
2    24    -0.0457474 
2    25    0.000275949 
2    26    0.0370318 
2    27    0.361975 
2    28    -0.191955 
2    29    -0.334833 
2    30    0.000453392 
2    31    0.0932521 
2    32    0.00652232 
2    33    0.00652354 
2    34    0.0932537 
2    35    0.0 
2    36    0.000196378 
2    37    -0.000415653 
2    38    0.0 
2    39    -6.02416e-06 
2    40    0.000142069 
2    41    0.00014208 
2    42    0.0240547 
2    43    0.282391 
2    44    0.298996 
2    45    7.3977e-06 
2    46    -0.000398 
2    47    0.00158443 
2    48    0.0385072 
2    49    0.0459331 
2    50    -0.0233827 
2    51    -4.69112e-05 
2    52    0.00158408 
2    53    0.0385014 
2    54    0.0459259 
2    55    0.0233815 
2    56    -5.13514e-05 
3    1    -0.00203514 
3    2    -0.00129829 
3    3    0.999994 
3    4    0.0 
3    5    0.0 
3    6    0.0305379 
3    7    0.191949 
3    8    0.0777099 
3    9    0.232422 
3    10    0.000329961 
3    11    0.00368485 
3    12    0.0780773 
3    13    -0.0835963 
3    14    0.0640891 
3    15    0.000388127 
3    16    0.00103451 
3    17    0.0405257 
3    18    -0.0607868 
3    19    1.16801e-06 
3    20    8.74982e-05 
3    21    0.00368552 
3    22    0.0780864 
3    23    -0.0836079 
3    24    -0.0640914 
3    25    0.000386601 
3    26    0.0305407 
3    27    0.191955 
3    28    0.0777209 
3    29    -0.232429 
3    30    0.000314728 
3    31    0.00800198 
3    32    0.00830104 
3    33    0.00830244 
3    34    0.00800546 
3    35    0.0 
3    36    0.000467127 
3    37    -0.00093717 
3    38    0.0 
3    39    -1.44899e-05 
3    40    0.000292017 
3    41    0.000292038 
3    42    -0.0400996 
3    43    -0.344371 
3    44    -0.305605 
3    45    -1.13374e-05 
3    46    0.00060996 
3    47    -0.00318544 
3    48    -0.0577112 
3    49    -0.0601429 
3    50    0.0381397 
3    51    7.65172e-05 
3    52    -0.00318476 
3    53    -0.057702 
3    54    -0.0601328 
3    55    -0.0381372 
3    56    8.37587e-05 
4    1    5.02285e-06 
4    2    3.20425e-06 
4    3    0.0 
4    4    0.999998 
4    5    0.0 
4    6    -0.053268 
4    7    -0.334821 
4    8    0.232422 
4    9    -0.194466 
4    10    -0.000575559 
4    11    -0.002159 
4    12    -0.0457465 
4    13    0.0640891 
4    14    -0.0117635 
4    15    -0.000227409 
4    16    0.0 
4    17    0.0 
4    18    1.16801e-06 
4    19    0.00965798 
4    20    0.0 
4    21    0.00215918 
4    22    0.0457474 
4    23    -0.0640914 
4    24    -0.0117582 
4    25    0.000226492 
4    26    0.053273 
4    27    0.334833 
4    28    -0.232429 
4    29    -0.194464 
4    30    0.00054899 
4    31    -0.120696 
4    32    -0.00691664 
4    33    0.00691788 
4    34    0.120698 
4    35    0.0 
4    36    0.0 
4    37    0.0 
4    38    6.25977e-05 
4    39    0.0 
4    40    -5.29216e-05 
4    41    5.29273e-05 
4    42    0.0 
4    43    -8.52036e-06 
4    44    -1.13374e-05 
4    45    0.152625 
4    46    0.0 
4    47    0.00162158 
4    48    0.0293784 
4    49    0.0381397 
4    50    -0.00463643 
4    51    -3.89518e-05 
4    52    -0.0016214 
4    53    -0.0293768 
4    54    -0.0381372 
4    55    -0.00463963 
4    56    4.26425e-05 
5    1    -1.32958e-06 
5    2    0.0 
5    3    0.0 
5    4    0.0 
5    5    0.999998 
5    6    -7.56224e-05 
5    7    -0.000475332 
5    8    0.000329961 
5    9    -0.000575559 
5    10    0.210954 
5    11    -1.3075e-05 
5    12    -0.000277043 
5    13    0.000388127 
5    14    -0.000227409 
5    15    0.0257857 
5    16    -1.28495e-06 
5    17    -5.03362e-05 
5    18    8.74982e-05 
5    19    0.0 
5    20    0.00965787 
5    21    -1.30243e-05 
5    22    -0.000275949 
5    23    0.000386601 
5    24    0.000226492 
5    25    0.0257887 
5    26    -7.21359e-05 
5    27    -0.000453392 
5    28    0.000314728 
5    29    0.00054899 
5    30    0.210969 
5    31    -2.94726e-05 
5    32    -2.16547e-05 
5    33    -2.17858e-05 
5    34    -1.72598e-05 
5    35    0.0 
5    36    6.77017e-06 
5    37    -1.44899e-05 
5    38    0.0 
5    39    6.23877e-05 
5    40    -9.1963e-06 
5    41    -9.16067e-06 
5    42    5.33775e-05 
5    43    0.0004584 
5    44    0.00060996 
5    45    0.0 
5    46    0.152624 
5    47    3.25327e-06 
5    48    5.894e-05 
5    49    7.65172e-05 
5    50    -3.89518e-05 
5    51    0.0147789 
5    52    3.56099e-06 
5    53    6.45186e-05 
5    54    8.37587e-05 
5    55    4.26425e-05 
5    56    0.0147764 
6    1    0.0 
6    2    0.037057 
6    3    0.0303206 
6    4    -0.0534461 
6    5    -7.59383e-05 
6    6    0.998909 
6    7    0.248368 
6    8    -0.010398 
6    9    -0.00421734 
6    10    -9.4526e-06 
6    11    0.0 
6    12    0.0383272 
6    13    -0.0635386 
6    14    -7.65295e-05 
6    15    0.000258247 
6    16    0.0 
6    17    0.00165242 
6    18    -0.00333477 
6    19    -0.00192356 
6    20    2.76026e-06 
6    21    0.0 
6    22    0.000386731 
6    23    -0.00051155 
6    24    -0.000898202 
6    25    2.06811e-06 
6    26    0.0 
6    27    0.00168 
6    28    -1.12349e-05 
6    29    -0.00390702 
6    30    0.0 
6    31    0.0610661 
6    32    0.0054682 
6    33    1.10279e-05 
6    34    8.25453e-05 
6    35    0.0 
6    36    0.0 
6    37    -1.30884e-06 
6    38    0.0 
6    39    0.0 
6    40    7.66922e-06 
6    41    0.0 
6    42    0.0 
6    43    0.000466756 
6    44    0.00107765 
6    45    -0.000606553 
6    46    -1.83963e-06 
6    47    0.0 
6    48    0.0 
6    49    0.0 
6    50    0.0 
6    51    0.0 
6    52    0.0 
6    53    1.54891e-05 
6    54    5.11257e-05 
6    55    -3.16547e-06 
6    56    0.0 
7    1    0.037057 
7    2    0.362116 
7    3    0.190495 
7    4    -0.335785 
7    5    -0.000477096 
7    6    0.248368 
7    7    0.999968 
7    8    -0.00663461 
7    9    -0.00269094 
7    10    -6.03138e-06 
7    11    0.0383272 
7    12    0.369158 
7    13    -0.391139 
7    14    -0.00047111 
7    15    0.00158975 
7    16    0.00165242 
7    17    0.0575289 
7    18    -0.0738512 
7    19    -0.0425988 
7    20    6.11281e-05 
7    21    0.000386731 
7    22    0.025102 
7    23    -0.0200466 
7    24    -0.0351987 
7    25    8.10448e-05 
7    26    0.00168 
7    27    0.0580826 
7    28    -0.000247245 
7    29    -0.0859814 
7    30    -3.04297e-06 
7    31    0.485932 
7    32    0.0978866 
7    33    0.00173865 
7    34    0.00602541 
7    35    3.31633e-06 
7    36    0.00110696 
7    37    -0.00200134 
7    38    -0.000699672 
7    39    -3.57423e-05 
7    40    0.00139371 
7    41    0.000328274 
7    42    0.00104737 
7    43    0.0367834 
7    44    0.0469679 
7    45    -0.0264356 
7    46    -8.01773e-05 
7    47    5.18805e-06 
7    48    0.00081143 
7    49    0.00113312 
7    50    -0.000934324 
7    51    -1.58082e-06 
7    52    0.000275672 
7    53    0.0115172 
7    54    0.0172934 
7    55    -0.00107073 
7    56    -2.53806e-05 
8    1    -0.0303206 
8    2    -0.190495 
8    3    0.07989 
8    4    0.231245 
8    5    0.000328562 
8    6    0.010398 
8    7    0.00663461 
8    8    0.999834 
8    9    -4.24283e-05 
8    10    0.0 
8    11    0.0635386 
8    12    0.391139 
8    13    -0.328204 
8    14    -0.0006561 
8    15    0.00221399 
8    16    0.00333477 
8    17    0.0738512 
8    18    -0.0805223 
8    19    -0.0602472 
8    20    8.6453e-05 
8    21    0.00051155 
8    22    0.0200466 
8    23    -0.0075932 
8    24    -0.0302811 
8    25    6.9722e-05 
8    26    1.12349e-05 
8    27    0.000247245 
8    28    0.0241793 
8    29    -0.000403363 
8    30    0.0 
8    31    -0.231592 
8    32    0.112944 
8    33    0.00154686 
8    34    -0.00159801 
8    35    1.11595e-05 
8    36    0.00223535 
8    37    -0.00377475 
8    38    -0.00144668 
8    39    -7.39029e-05 
8    40    0.00253905 
8    41    0.000580596 
8    42    -0.00219332 
8    43    -0.0521928 
8    44    -0.0579483 
8    45    0.0407747 
8    46    0.000123667 
8    47    -1.38931e-05 
8    48    -0.00143906 
8    49    -0.00179045 
8    50    0.00169019 
8    51    2.8597e-06 
8    52    -0.00073866 
8    53    -0.021585 
8    54    -0.030154 
8    55    0.00211741 
8    56    5.01911e-05 
9    1    0.0534461 
9    2    0.335785 
9    3    0.231245 
9    4    -0.196536 
9    5    -0.000579154 
9    6    0.00421734 
9    7    0.00269094 
9    8    -4.24283e-05 
9    9    0.999922 
9    10    0.0 
9    11    7.65295e-05 
9    12    0.00047111 
9    13    -0.0006561 
9    14    0.216522 
9    15    2.66666e-06 
9    16    0.00192356 
9    17    0.0425988 
9    18    -0.0602472 
9    19    -0.010827 
9    20    4.98678e-05 
9    21    0.000898202 
9    22    0.0351987 
9    23    -0.0302811 
9    24    -0.0435161 
9    25    0.000122421 
9    26    0.00390702 
9    27    0.0859814 
9    28    -0.000403363 
9    29    -0.116092 
9    30    -4.9644e-06 
9    31    -0.402504 
9    32    -0.0562631 
9    33    0.00273307 
9    34    0.00990852 
9    35    3.90138e-06 
9    36    0.00078148 
9    37    -0.00144668 
9    38    -0.00014242 
9    39    -2.58366e-05 
9    40    0.00024128 
9    41    0.000302296 
9    42    0.0012345 
9    43    0.0293765 
9    44    0.0407747 
9    45    -0.00845426 
9    46    -6.96052e-05 
9    47    1.14557e-05 
9    48    0.00118659 
9    49    0.00169019 
9    50    -0.00113431 
9    51    -2.358e-06 
9    52    4.57345e-05 
9    53    0.00133645 
9    54    0.00211741 
9    55    0.0039133 
9    56    -3.10761e-06 
10    1    7.59383e-05 
10    2    0.000477096 
10    3    0.000328562 
10    4    -0.000579154 
10    5    0.211077 
10    6    9.4526e-06 
10    7    6.03138e-06 
10    8    0.0 
10    9    0.0 
10    10    0.999939 
10    11    -0.000258247 
10    12    -0.00158975 
10    13    0.00221399 
10    14    2.66666e-06 
10    15    0.216513 
10    16    -2.76026e-06 
10    17    -6.11281e-05 
10    18    8.6453e-05 
10    19    4.98678e-05 
10    20    0.0239247 
10    21    -2.06811e-06 
10    22    -8.10448e-05 
10    23    6.9722e-05 
10    24    0.000122421 
10    25    0.0096524 
10    26    0.0 
10    27    3.04297e-06 
10    28    0.0 
10    29    -4.9644e-06 
10    30    0.0241804 
10    31    0.000510035 
10    32    -0.000298605 
10    33    -4.12191e-06 
10    34    4.16154e-06 
10    35    0.0 
10    36    3.99215e-05 
10    37    -7.39029e-05 
10    38    -2.58366e-05 
10    39    0.000362022 
10    40    -9.27865e-05 
10    41    -2.11324e-05 
10    42    3.74415e-06 
10    43    8.90966e-05 
10    44    0.000123667 
10    45    -6.96052e-05 
10    46    0.0144954 
10    47    0.0 
10    48    2.00765e-06 
10    49    2.8597e-06 
10    50    -2.358e-06 
10    51    0.000259354 
10    52    1.08409e-06 
10    53    3.16792e-05 
10    54    5.01911e-05 
10    55    -3.10761e-06 
10    56    0.00404433 
11    1    0.0 
11    2    0.00180749 
11    3    0.00359992 
11    4    -0.00210496 
11    5    -1.28485e-05 
11    6    1.01687e-06 
11    7    0.0384214 
11    8    0.0636939 
11    9    -0.000138425 
11    10    -0.000262598 
11    11    0.999253 
11    12    0.248366 
11    13    0.00888005 
11    14    -0.00271901 
11    15    -0.000104282 
11    16    0.0 
11    17    0.035805 
11    18    -0.0301965 
11    19    -0.051147 
11    20    -0.000166161 
11    21    0.0 
11    22    0.00167217 
11    23    9.5605e-06 
11    24    -0.00389078 
11    25    0.0 
11    26    0.0 
11    27    0.0003889 
11    28    0.000514045 
11    29    -0.000902898 
11    30    -2.14887e-06 
11    31    0.00529258 
11    32    0.0614079 
11    33    8.09489e-05 
11    34    1.09033e-05 
11    35    0.0 
11    36    0.000625784 
11    37    -0.00139682 
11    38    -0.000813537 
11    39    -4.53637e-05 
11    40    0.00155935 
11    41    0.00014113 
11    42    0.0 
11    43    0.0 
11    44    0.0 
11    45    0.0 
11    46    0.0 
11    47    0.0 
11    48    0.0 
11    49    0.0 
11    50    0.0 
11    51    0.0 
11    52    0.0 
11    53    0.0 
11    54    0.0 
11    55    0.0 
11    56    0.0 
12    1    0.00180749 
12    2    0.0605967 
12    3    0.0770549 
12    4    -0.0450558 
12    5    -0.000275018 
12    6    0.0384214 
12    7    0.369676 
12    8    0.391508 
12    9    -0.000850857 
12    10    -0.00161412 
12    11    0.248366 
12    12    0.999978 
12    13    0.00566568 
12    14    -0.00173479 
12    15    -6.65342e-05 
12    16    0.035805 
12    17    0.355046 
12    18    -0.19363 
12    19    -0.327971 
12    20    -0.00106548 
12    21    0.00167217 
12    22    0.0579258 
12    23    0.000210771 
12    24    -0.0857762 
12    25    -3.5328e-06 
12    26    0.0003889 
12    27    0.0251813 
12    28    0.0200988 
12    29    -0.0353027 
12    30    -8.40194e-05 
12    31    0.0956155 
12    32    0.487302 
12    33    0.00595212 
12    34    0.00172664 
12    35    0.00132418 
12    36    0.0426776 
12    37    -0.0531573 
12    38    -0.0309599 
12    39    -0.00172636 
12    40    0.0406783 
12    41    0.00844767 
12    42    2.24302e-06 
12    43    0.00087769 
12    44    0.00161321 
12    45    -0.000552573 
12    46    -4.26363e-06 
12    47    0.0 
12    48    6.1871e-06 
12    49    1.24942e-05 
12    50    -6.8381e-06 
12    51    0.0 
12    52    0.0 
12    53    8.22791e-05 
12    54    0.000168442 
12    55    -6.92855e-06 
12    56    0.0 
13    1    -0.00359992 
13    2    -0.0770549 
13    3    -0.082799 
13    4    0.0632347 
13    5    0.000385981 
13    6    -0.0636939 
13    7    -0.391508 
13    8    -0.32823 
13    9    0.00118477 
13    10    0.00224757 
13    11    -0.00888005 
13    12    -0.00566568 
13    13    0.999882 
13    14    2.33583e-05 
13    15    0.0 
13    16    0.0301965 
13    17    0.19363 
13    18    0.0679842 
13    19    -0.233206 
13    20    -0.000757616 
13    21    -9.5605e-06 
13    22    -0.000210771 
13    23    0.0241071 
13    24    0.000343934 
13    25    0.0 
13    26    -0.000514045 
13    27    -0.0200988 
13    28    -0.00759675 
13    29    0.0303559 
13    30    7.2246e-05 
13    31    -0.111041 
13    32    0.224785 
13    33    0.0015252 
13    34    -0.00155038 
13    35    0.00268111 
13    36    0.0591359 
13    37    -0.0633527 
13    38    -0.0468329 
13    39    -0.00261145 
13    40    0.0573055 
13    41    0.010703 
13    42    -7.70424e-06 
13    43    -0.00180352 
13    44    -0.00310017 
13    45    0.00116005 
13    46    8.95091e-06 
13    47    0.0 
13    48    -1.62343e-05 
13    49    -3.10049e-05 
13    50    1.80035e-05 
13    51    0.0 
13    52    0.0 
13    53    -0.000216986 
13    54    -0.000422495 
13    55    1.84275e-05 
13    56    1.05371e-06 
14    1    0.00210496 
14    2    0.0450558 
14    3    0.0632347 
14    4    -0.0116292 
14    5    -0.000225692 
14    6    0.000138425 
14    7    0.000850857 
14    8    0.00118477 
14    9    0.216922 
14    10    -4.88461e-06 
14    11    0.00271901 
14    12    0.00173479 
14    13    2.33583e-05 
14    14    0.999951 
14    15    0.0 
14    16    0.051147 
14    17    0.327971 
14    18    -0.233206 
14    19    -0.189338 
14    20    -0.00128325 
14    21    0.00389078 
14    22    0.0857762 
14    23    0.000343934 
14    24    -0.115861 
14    25    -5.7648e-06 
14    26    0.000902898 
14    27    0.0353027 
14    28    0.0303559 
14    29    -0.0436331 
14    30    -0.000126897 
14    31    -0.0543495 
14    32    -0.407291 
14    33    0.00980489 
14    34    0.00270766 
14    35    0.00156153 
14    36    0.034442 
14    37    -0.0468329 
14    38    -0.0102183 
14    39    -0.00152096 
14    40    0.00840614 
14    41    0.00859928 
14    42    2.63893e-06 
14    43    0.000617759 
14    44    0.00116005 
14    45    -0.000110799 
14    46    -3.06595e-06 
14    47    0.0 
14    48    8.88506e-06 
14    49    1.80035e-05 
14    50    -7.96319e-06 
14    51    0.0 
14    52    0.0 
14    53    8.92532e-06 
14    54    1.84275e-05 
14    55    2.47426e-05 
14    56    0.0 
15    1    1.28485e-05 
15    2    0.000275018 
15    3    0.000385981 
15    4    -0.000225692 
15    5    0.0253443 
15    6    0.000262598 
15    7    0.00161412 
15    8    0.00224757 
15    9    -4.88461e-06 
15    10    0.216915 
15    11    0.000104282 
15    12    6.65342e-05 
15    13    0.0 
15    14    0.0 
15    15    0.999958 
15    16    0.000166161 
15    17    0.00106548 
15    18    -0.000757616 
15    19    -0.00128325 
15    20    0.205662 
15    21    0.0 
15    22    3.5328e-06 
15    23    0.0 
15    24    -5.7648e-06 
15    25    0.024108 
15    26    2.14887e-06 
15    27    8.40194e-05 
15    28    7.2246e-05 
15    29    -0.000126897 
15    30    0.00968539 
15    31    0.000395713 
15    32    0.00026766 
15    33    1.70114e-06 
15    34    5.70058e-06 
15    35    8.70728e-05 
15    36    0.00192052 
15    37    -0.00261145 
15    38    -0.00152096 
15    39    0.0169733 
15    40    -0.00310375 
15    41    -0.000577282 
15    42    0.0 
15    43    4.7666e-06 
15    44    8.95091e-06 
15    45    -3.06595e-06 
15    46    0.000286529 
15    47    0.0 
15    48    0.0 
15    49    0.0 
15    50    0.0 
15    51    1.88999e-06 
15    52    0.0 
15    53    0.0 
15    54    1.05371e-06 
15    55    0.0 
15    56    2.54981e-05 
16    1    0.0 
16    2    0.000389796 
16    3    0.00104117 
16    4    0.0 
16    5    -1.25646e-06 
16    6    0.0 
16    7    0.00171558 
16    8    0.00344612 
16    9    0.00199261 
16    10    -2.71257e-06 
16    11    0.0 
16    12    0.0358104 
16    13    0.0303274 
16    14    0.0510797 
16    15    0.000167436 
16    16    0.999827 
16    17    0.248363 
16    18    -0.00446562 
16    19    -1.92044e-06 
16    20    0.00014817 
16    21    0.0 
16    22    0.0358121 
16    23    0.0303289 
16    24    -0.0510821 
16    25    0.000166191 
16    26    0.0 
16    27    0.00171527 
16    28    0.00344553 
16    29    -0.00199235 
16    30    -2.84281e-06 
16    31    8.32281e-05 
16    32    0.00496866 
16    33    0.00496779 
16    34    8.32262e-05 
16    35    0.0 
16    36    0.0303445 
16    37    -0.0509217 
16    38    0.0 
16    39    -0.00236468 
16    40    0.00717772 
16    41    0.0071777 
16    42    0.0 
16    43    0.0 
16    44    0.0 
16    45    0.0 
16    46    0.0 
16    47    0.0 
16    48    0.0 
16    49    0.0 
16    50    0.0 
16    51    0.0 
16    52    0.0 
16    53    0.0 
16    54    0.0 
16    55    0.0 
16    56    0.0 
17    1    0.000389796 
17    2    0.025214 
17    3    0.0406712 
17    4    0.0 
17    5    -4.90812e-05 
17    6    0.00171558 
17    7    0.0587917 
17    8    0.075237 
17    9    0.0435034 
17    10    -5.92219e-05 
17    11    0.0358104 
17    12    0.355076 
17    13    0.194452 
17    14    0.327511 
17    15    0.00107356 
17    16    0.248363 
17    17    0.999995 
17    18    -0.00284885 
17    19    -1.22515e-06 
17    20    9.45251e-05 
17    21    0.0358121 
17    22    0.355086 
17    23    0.194456 
17    24    -0.327517 
17    25    0.00106555 
17    26    0.00171527 
17    27    0.0587855 
17    28    0.0752293 
17    29    -0.0435008 
17    30    -6.20695e-05 
17    31    0.00605661 
17    32    0.0913783 
17    33    0.0913668 
17    34    0.00605652 
17    35    0.0305419 
17    36    0.328857 
17    37    -0.33332 
17    38    4.51701e-06 
17    39    -0.0154785 
17    40    0.119171 
17    41    0.11917 
17    42    0.0 
17    43    0.000134656 
17    44    0.000290853 
17    45    0.0 
17    46    0.0 
17    47    0.0 
17    48    1.8326e-06 
17    49    4.32654e-06 
17    50    0.0 
17    51    0.0 
17    52    0.0 
17    53    1.83247e-06 
17    54    4.32625e-06 
17    55    0.0 
17    56    0.0 
18    1    -0.00104117 
18    2    -0.0406712 
18    3    -0.0609789 
18    4    1.29083e-06 
18    5    8.52932e-05 
18    6    -0.00344612 
18    7    -0.075237 
18    8    -0.0816465 
18    9    -0.0613806 
18    10    8.35584e-05 
18    11    -0.0303274 
18    12    -0.194452 
18    13    0.0668454 
18    14    -0.233851 
18    15    -0.000766551 
18    16    0.00446562 
18    17    0.00284885 
18    18    0.999971 
18    19    0.0 
18    20    0.0 
18    21    -0.0303289 
18    22    -0.194456 
18    23    0.0668505 
18    24    0.233855 
18    25    -0.000760826 
18    26    -0.00344553 
18    27    -0.0752293 
18    28    -0.0816382 
18    29    0.0613768 
18    30    8.75761e-05 
18    31    -0.00781251 
18    32    -0.0102544 
18    33    -0.0102567 
18    34    -0.00781221 
18    35    0.0506417 
18    36    0.385549 
18    37    -0.318741 
18    38    6.83513e-06 
18    39    -0.0234221 
18    40    0.135845 
18    41    0.135844 
18    42    0.0 
18    43    -0.000327217 
18    44    -0.000670681 
18    45    0.0 
18    46    0.0 
18    47    0.0 
18    48    -5.63414e-06 
18    49    -1.27734e-05 
18    50    2.87638e-06 
18    51    0.0 
18    52    0.0 
18    53    -5.63377e-06 
18    54    -1.27725e-05 
18    55    -2.87623e-06 
18    56    0.0 
19    1    0.0 
19    2    0.0 
19    3    1.29083e-06 
19    4    0.0096993 
19    5    0.0 
19    6    -0.00199261 
19    7    -0.0435034 
19    8    -0.0613806 
19    9    -0.0109831 
19    10    4.8315e-05 
19    11    -0.0510797 
19    12    -0.327511 
19    13    -0.233851 
19    14    -0.18818 
19    15    -0.00129108 
19    16    1.92044e-06 
19    17    1.22515e-06 
19    18    0.0 
19    19    0.99999 
19    20    0.0 
19    21    0.0510821 
19    22    0.327517 
19    23    0.233855 
19    24    -0.188178 
19    25    0.00128144 
19    26    0.00199235 
19    27    0.0435008 
19    28    0.0613768 
19    29    -0.0109852 
19    30    -5.06402e-05 
19    31    -0.00637735 
19    32    -0.118395 
19    33    0.118381 
19    34    0.00637749 
19    35    0.0 
19    36    -5.22481e-06 
19    37    6.83513e-06 
19    38    0.185638 
19    39    0.0 
19    40    -0.0618895 
19    41    0.0618984 
19    42    0.0 
19    43    0.0 
19    44    0.0 
19    45    4.27564e-05 
19    46    0.0 
19    47    0.0 
19    48    1.21563e-06 
19    49    2.87638e-06 
19    50    0.0 
19    51    0.0 
19    52    0.0 
19    53    -1.21556e-06 
19    54    -2.87623e-06 
19    55    0.0 
19    56    0.0 
20    1    1.25646e-06 
20    2    4.90812e-05 
20    3    8.52932e-05 
20    4    0.0 
20    5    0.0096992 
20    6    2.71257e-06 
20    7    5.92219e-05 
20    8    8.35584e-05 
20    9    4.8315e-05 
20    10    0.0245082 
20    11    -0.000167436 
20    12    -0.00107356 
20    13    -0.000766551 
20    14    -0.00129108 
20    15    0.205685 
20    16    -0.00014817 
20    17    -9.45251e-05 
20    18    0.0 
20    19    0.0 
20    20    0.99999 
20    21    -0.000166191 
20    22    -0.00106555 
20    23    -0.000760826 
20    24    0.00128144 
20    25    0.205693 
20    26    2.84281e-06 
20    27    6.20695e-05 
20    28    8.75761e-05 
20    29    -5.06402e-05 
20    30    0.0245054 
20    31    8.38845e-06 
20    32    -0.000186689 
20    33    -0.000188833 
20    34    9.03364e-06 
20    35    0.00235167 
20    36    0.017904 
20    37    -0.0234221 
20    38    0.0 
20    39    0.184551 
20    40    -0.0105069 
20    41    -0.0104644 
20    42    0.0 
20    43    0.0 
20    44    0.0 
20    45    0.0 
20    46    4.27553e-05 
20    47    0.0 
20    48    0.0 
20    49    0.0 
20    50    0.0 
20    51    0.0 
20    52    0.0 
20    53    0.0 
20    54    0.0 
20    55    0.0 
20    56    0.0 
21    1    0.0 
21    2    0.00180784 
21    3    0.00360063 
21    4    0.00210517 
21    5    -1.27987e-05 
21    6    0.0 
21    7    0.00038902 
21    8    0.000514199 
21    9    0.000903149 
21    10    -2.10869e-06 
21    11    0.0 
21    12    0.00167214 
21    13    9.58726e-06 
21    14    0.00389073 
21    15    0.0 
21    16    0.0 
21    17    0.0358065 
21    18    -0.0301978 
21    19    0.051149 
21    20    -0.000164898 
21    21    0.999253 
21    22    0.248366 
21    23    0.00887547 
21    24    0.00272551 
21    25    -0.000103691 
21    26    1.01639e-06 
21    27    0.0384189 
21    28    0.0636898 
21    29    0.000134949 
21    30    -0.000264849 
21    31    1.09058e-05 
21    32    8.097e-05 
21    33    0.0614037 
21    34    0.00529265 
21    35    0.0 
21    36    0.000625768 
21    37    -0.00139678 
21    38    0.000813533 
21    39    -4.53423e-05 
21    40    0.000141161 
21    41    0.00155966 
21    42    0.0 
21    43    0.0 
21    44    0.0 
21    45    0.0 
21    46    0.0 
21    47    0.0 
21    48    0.0 
21    49    0.0 
21    50    0.0 
21    51    0.0 
21    52    0.0 
21    53    0.0 
21    54    0.0 
21    55    0.0 
21    56    0.0 
22    1    0.00180784 
22    2    0.0606034 
22    3    0.0770644 
22    4    0.045057 
22    5    -0.00027393 
22    6    0.00038902 
22    7    0.0251857 
22    8    0.0201023 
22    9    0.0353081 
22    10    -8.24382e-05 
22    11    0.00167214 
22    12    0.0579252 
22    13    0.000211362 
22    14    0.0857755 
22    15    -1.4117e-06 
22    16    0.0358065 
22    17    0.355054 
22    18    -0.193634 
22    19    0.327976 
22    20    -0.00105735 
22    21    0.248366 
22    22    0.999978 
22    23    0.00566276 
22    24    0.00173894 
22    25    -6.61572e-05 
22    26    0.0384189 
22    27    0.369662 
22    28    0.391498 
22    29    0.000829526 
22    30    -0.00162801 
22    31    0.00172688 
22    32    0.00595309 
22    33    0.487285 
22    34    0.0956164 
22    35    0.00132416 
22    36    0.0426771 
22    37    -0.0531564 
22    38    0.0309601 
22    39    -0.00172556 
22    40    0.00844884 
22    41    0.0406838 
22    42    2.24309e-06 
22    43    0.000877706 
22    44    0.00161324 
22    45    0.000552566 
22    46    -4.24996e-06 
22    47    0.0 
22    48    8.22803e-05 
22    49    0.000168444 
22    50    6.92883e-06 
22    51    0.0 
22    52    0.0 
22    53    6.18659e-06 
22    54    1.24932e-05 
22    55    6.83755e-06 
22    56    0.0 
23    1    -0.00360063 
23    2    -0.0770644 
23    3    -0.0828109 
23    4    -0.0632373 
23    5    0.00038446 
23    6    -0.000514199 
23    7    -0.0201023 
23    8    -0.00759801 
23    9    -0.0303606 
23    10    7.08867e-05 
23    11    -9.58726e-06 
23    12    -0.000211362 
23    13    0.0241069 
23    14    -0.000344899 
23    15    0.0 
23    16    0.0301978 
23    17    0.193634 
23    18    0.067988 
23    19    0.233209 
23    20    -0.000751837 
23    21    -0.00887547 
23    22    -0.00566276 
23    23    0.999882 
23    24    -2.34021e-05 
23    25    0.0 
23    26    -0.0636898 
23    27    -0.391498 
23    28    -0.328229 
23    29    -0.00115508 
23    30    0.00226693 
23    31    -0.00155066 
23    32    0.00152564 
23    33    0.224741 
23    34    -0.11104 
23    35    0.00268105 
23    36    0.0591349 
23    37    -0.0633512 
23    38    0.046833 
23    39    -0.00261024 
23    40    0.0107046 
23    41    0.0573136 
23    42    -7.70448e-06 
23    43    -0.00180356 
23    44    -0.00310024 
23    45    -0.00116004 
23    46    8.92224e-06 
23    47    0.0 
23    48    -0.000216989 
23    49    -0.000422501 
23    50    -1.84282e-05 
23    51    1.02887e-06 
23    52    0.0 
23    53    -1.6233e-05 
23    54    -3.10026e-05 
23    55    -1.80021e-05 
23    56    0.0 
24    1    -0.00210517 
24    2    -0.045057 
24    3    -0.0632373 
24    4    -0.011624 
24    5    0.000224781 
24    6    -0.000903149 
24    7    -0.0353081 
24    8    -0.0303606 
24    9    -0.0436384 
24    10    0.000124507 
24    11    -0.00389073 
24    12    -0.0857755 
24    13    -0.000344899 
24    14    -0.11586 
24    15    2.30361e-06 
24    16    -0.051149 
24    17    -0.327976 
24    18    0.233209 
24    19    -0.189337 
24    20    0.00127346 
24    21    -0.00272551 
24    22    -0.00173894 
24    23    -2.34021e-05 
24    24    0.999951 
24    25    0.0 
24    26    -0.000134949 
24    27    -0.000829526 
24    28    -0.00115508 
24    29    0.216911 
24    30    4.8033e-06 
24    31    -0.00270797 
24    32    -0.00980635 
24    33    0.407304 
24    34    0.0543556 
24    35    -0.00156153 
24    36    -0.0344422 
24    37    0.046833 
24    38    -0.0102192 
24    39    0.00152029 
24    40    -0.00859997 
24    41    -0.00840436 
24    42    -2.63893e-06 
24    43    -0.000617752 
24    44    -0.00116004 
24    45    -0.000110778 
24    46    3.05603e-06 
24    47    0.0 
24    48    -8.92568e-06 
24    49    -1.84282e-05 
24    50    2.47429e-05 
24    51    0.0 
24    52    0.0 
24    53    -8.88434e-06 
24    54    -1.80021e-05 
24    55    -7.96256e-06 
24    56    0.0 
25    1    1.27987e-05 
25    2    0.00027393 
25    3    0.00038446 
25    4    0.000224781 
25    5    0.0253474 
25    6    2.10869e-06 
25    7    8.24382e-05 
25    8    7.08867e-05 
25    9    0.000124507 
25    10    0.00968722 
25    11    0.0 
25    12    1.4117e-06 
25    13    0.0 
25    14    2.30361e-06 
25    15    0.0241077 
25    16    0.000164898 
25    17    0.00105735 
25    18    -0.000751837 
25    19    0.00127346 
25    20    0.205668 
25    21    0.000103691 
25    22    6.61572e-05 
25    23    0.0 
25    24    0.0 
25    25    0.999958 
25    26    0.000264849 
25    27    0.00162801 
25    28    0.00226693 
25    29    4.8033e-06 
25    30    0.216904 
25    31    5.50174e-06 
25    32    1.72909e-06 
25    33    0.000237767 
25    34    0.000406543 
25    35    8.70322e-05 
25    36    0.00191964 
25    37    -0.00261024 
25    38    0.00152029 
25    39    0.0169731 
25    40    -0.000579905 
25    41    -0.00309197 
25    42    0.0 
25    43    4.75132e-06 
25    44    8.92224e-06 
25    45    3.05603e-06 
25    46    0.000286535 
25    47    0.0 
25    48    0.0 
25    49    1.02887e-06 
25    50    0.0 
25    51    2.54986e-05 
25    52    0.0 
25    53    0.0 
25    54    0.0 
25    55    0.0 
25    56    1.88983e-06 
26    1    0.0 
26    2    0.0370608 
26    3    0.030324 
26    4    0.0534514 
26    5    -7.24317e-05 
26    6    0.0 
26    7    0.00168 
26    8    -1.12914e-05 
26    9    0.00390703 
26    10    0.0 
26    11    0.0 
26    12    0.000386612 
26    13    -0.000511395 
26    14    0.000897955 
26    15    2.10806e-06 
26    16    0.0 
26    17    0.00165215 
26    18    -0.00333426 
26    19    0.00192335 
26    20    2.88635e-06 
26    21    0.0 
26    22    0.0383249 
26    23    -0.0635347 
26    24    8.01683e-05 
26    25    0.000260529 
26    26    0.998911 
26    27    0.248368 
26    28    -0.0103911 
26    29    0.00421704 
26    30    -8.86181e-06 
26    31    8.25496e-05 
26    32    1.10258e-05 
26    33    0.00546888 
26    34    0.0610689 
26    35    0.0 
26    36    0.0 
26    37    -1.30842e-06 
26    38    0.0 
26    39    0.0 
26    40    0.0 
26    41    7.66988e-06 
26    42    0.0 
26    43    0.000466743 
26    44    0.00107762 
26    45    0.000606555 
26    46    -1.79967e-06 
26    47    0.0 
26    48    1.54913e-05 
26    49    5.11325e-05 
26    50    3.1674e-06 
26    51    0.0 
26    52    0.0 
26    53    0.0 
26    54    0.0 
26    55    0.0 
26    56    0.0 
27    1    0.0370608 
27    2    0.362138 
27    3    0.190504 
27    4    0.335797 
27    5    -0.000455037 
27    6    0.00168 
27    7    0.0580827 
27    8    -0.000248489 
27    9    0.0859815 
27    10    2.60625e-06 
27    11    0.000386612 
27    12    0.0250976 
27    13    -0.020043 
27    14    0.0351934 
27    15    8.26207e-05 
27    16    0.00165215 
27    17    0.0575235 
27    18    -0.0738443 
27    19    0.0425967 
27    20    6.39244e-05 
27    21    0.0383249 
27    22    0.369146 
27    23    -0.391129 
27    24    0.000493528 
27    25    0.00160385 
27    26    0.248368 
27    27    0.999968 
27    28    -0.00663018 
27    29    0.00269075 
27    30    -5.65442e-06 
27    31    0.00602561 
27    32    0.00173844 
27    33    0.0978953 
27    34    0.485943 
27    35    3.31546e-06 
27    36    0.00110679 
27    37    -0.00200103 
27    38    0.000699619 
27    39    -3.56907e-05 
27    40    0.000328257 
27    41    0.00139378 
27    42    0.00104734 
27    43    0.0367828 
27    44    0.0469668 
27    45    0.0264361 
27    46    -7.84369e-05 
27    47    0.000275696 
27    48    0.0115179 
27    49    0.0172943 
27    50    0.0010713 
27    51    -2.36233e-05 
27    52    5.18671e-06 
27    53    0.000811292 
27    54    0.00113292 
27    55    0.000934195 
27    56    -1.62969e-06 
28    1    -0.030324 
28    2    -0.190504 
28    3    0.0798997 
28    4    -0.231254 
28    5    0.000313371 
28    6    1.12914e-05 
28    7    0.000248489 
28    8    0.0241793 
28    9    0.000405392 
28    10    0.0 
28    11    0.000511395 
28    12    0.020043 
28    13    -0.00759175 
28    14    0.0302762 
28    15    7.1077e-05 
28    16    0.00333426 
28    17    0.0738443 
28    18    -0.0805149 
28    19    0.060244 
28    20    9.04075e-05 
28    21    0.0635347 
28    22    0.391129 
28    23    -0.328203 
28    24    0.000687324 
28    25    0.00223365 
28    26    0.0103911 
28    27    0.00663018 
28    28    0.999835 
28    29    4.2397e-05 
28    30    0.0 
28    31    -0.00159819 
28    32    0.00154675 
28    33    0.112952 
28    34    -0.231567 
28    35    1.11566e-05 
28    36    0.002235 
28    37    -0.00377417 
28    38    0.00144657 
28    39    -7.37961e-05 
28    40    0.00058057 
28    41    0.00253919 
28    42    -0.00219326 
28    43    -0.0521916 
28    44    -0.0579463 
28    45    -0.0407751 
28    46    0.000120981 
28    47    -0.000738718 
28    48    -0.0215862 
28    49    -0.0301554 
28    50    -0.00211852 
28    51    4.67157e-05 
28    52    -1.38895e-05 
28    53    -0.00143881 
28    54    -0.00179012 
28    55    -0.00168995 
28    56    2.9481e-06 
29    1    -0.0534514 
29    2    -0.335797 
29    3    -0.231254 
29    4    -0.196532 
29    5    0.000552372 
29    6    -0.00390703 
29    7    -0.0859815 
29    8    0.000405392 
29    9    -0.116092 
29    10    -4.25192e-06 
29    11    -0.000897955 
29    12    -0.0351934 
29    13    0.0302762 
29    14    -0.0435109 
29    15    -0.000124804 
29    16    -0.00192335 
29    17    -0.0425967 
29    18    0.060244 
29    19    -0.0108291 
29    20    -5.2151e-05 
29    21    -8.01683e-05 
29    22    -0.000493528 
29    23    0.000687324 
29    24    0.216512 
29    25    -2.81842e-06 
29    26    -0.00421704 
29    27    -0.00269075 
29    28    4.2397e-05 
29    29    0.999922 
29    30    0.0 
29    31    -0.0099088 
29    32    -0.00273275 
29    33    0.0562687 
29    34    0.402526 
29    35    -3.90068e-06 
29    36    -0.000781421 
29    37    0.00144657 
29    38    -0.000142479 
29    39    2.58012e-05 
29    40    -0.000302272 
29    41    -0.000241254 
29    42    -0.00123451 
29    43    -0.0293769 
29    44    -0.0407751 
29    45    -0.0084556 
29    46    6.80964e-05 
29    47    -4.57599e-05 
29    48    -0.00133716 
29    49    -0.00211852 
29    50    0.00391343 
29    51    2.89381e-06 
29    52    -1.14531e-05 
29    53    -0.00118643 
29    54    -0.00168995 
29    55    -0.0011342 
29    56    2.43098e-06 
30    1    7.24317e-05 
30    2    0.000455037 
30    3    0.000313371 
30    4    0.000552372 
30    5    0.211094 
30    6    0.0 
30    7    -2.60625e-06 
30    8    0.0 
30    9    -4.25192e-06 
30    10    0.0241804 
30    11    -2.10806e-06 
30    12    -8.26207e-05 
30    13    7.1077e-05 
30    14    -0.000124804 
30    15    0.00965058 
30    16    -2.88635e-06 
30    17    -6.39244e-05 
30    18    9.04075e-05 
30    19    -5.2151e-05 
30    20    0.0239222 
30    21    -0.000260529 
30    22    -0.00160385 
30    23    0.00223365 
30    24    -2.81842e-06 
30    25    0.216503 
30    26    8.86181e-06 
30    27    5.65442e-06 
30    28    0.0 
30    29    0.0 
30    30    0.999939 
30    31    3.28523e-06 
30    32    -4.15385e-06 
30    33    -0.000305694 
30    34    0.000569073 
30    35    0.0 
30    36    3.98638e-05 
30    37    -7.37961e-05 
30    38    2.58012e-05 
30    39    0.000361968 
30    40    -2.12279e-05 
30    41    -9.2472e-05 
30    42    3.66285e-06 
30    43    8.71625e-05 
30    44    0.000120981 
30    45    6.80964e-05 
30    46    0.0144952 
30    47    1.00906e-06 
30    48    2.94858e-05 
30    49    4.67157e-05 
30    50    2.89381e-06 
30    51    0.00404459 
30    52    0.0 
30    53    2.06971e-06 
30    54    2.9481e-06 
30    55    2.43098e-06 
30    56    0.000259309 
31    1    0.00513554 
31    2    0.0935692 
31    3    0.00832978 
31    4    -0.121034 
31    5    -2.76179e-05 
31    6    0.0607682 
31    7    0.484732 
31    8    -0.232088 
31    9    -0.401378 
31    10    0.000520063 
31    11    0.00541664 
31    12    0.0972216 
31    13    -0.11256 
31    14    -0.055355 
31    15    0.000401087 
31    16    8.39374e-05 
31    17    0.00608892 
31    18    -0.00785341 
31    19    -0.00640645 
31    20    8.83265e-06 
31    21    1.13336e-05 
31    22    0.00176789 
31    23    -0.00158046 
31    24    -0.00277091 
31    25    5.60711e-06 
31    26    8.40525e-05 
31    27    0.00609415 
31    28    -0.00162633 
31    29    -0.0100119 
31    30    3.40822e-06 
31    31    0.999981 
31    32    0.0523292 
31    33    0.000105952 
31    34    0.000710852 
31    35    0.0 
31    36    0.000104677 
31    37    -0.000182918 
31    38    -9.83514e-05 
31    39    -2.77075e-06 
31    40    0.000257965 
31    41    2.74534e-05 
31    42    0.000846485 
31    43    0.0226645 
31    44    0.0189124 
31    45    -0.0252405 
31    46    -2.86538e-05 
31    47    6.25455e-06 
31    48    0.000495993 
31    49    0.000469408 
31    50    -0.000683616 
31    51    0.0 
31    52    0.00138358 
31    53    0.0266596 
31    54    0.0292829 
31    55    -0.0148257 
31    56    -3.71203e-05 
32    1    9.33671e-05 
32    2    0.00650968 
32    3    0.00829193 
32    4    -0.00689713 
32    5    -2.10878e-05 
32    6    0.00553555 
32    7    0.0987529 
32    8    0.113717 
32    9    -0.0568906 
32    10    -0.000292227 
32    11    0.0609026 
32    12    0.485274 
32    13    0.22646 
32    14    -0.404957 
32    15    0.000305675 
32    16    0.00498851 
32    17    0.0916399 
32    18    -0.0103935 
32    19    -0.118681 
32    20    -0.000172878 
32    21    8.17628e-05 
32    22    0.00598955 
32    23    0.00155596 
32    24    -0.00985888 
32    25    2.01329e-06 
32    26    1.13781e-05 
32    27    0.00177211 
32    28    0.00157272 
32    29    -0.00278352 
32    30    -4.10702e-06 
32    31    0.0518425 
32    32    0.999996 
32    33    0.000680874 
32    34    0.000105006 
32    35    0.000924693 
32    36    0.024151 
32    37    -0.0195051 
32    38    -0.0271218 
32    39    -0.000837971 
32    40    0.054964 
32    41    0.00418776 
32    42    0.0 
32    43    8.59054e-05 
32    44    0.000152036 
32    45    -8.08632e-05 
32    46    0.0 
32    47    0.0 
32    48    0.0 
32    49    0.0 
32    50    0.0 
32    51    0.0 
32    52    0.0 
32    53    1.74133e-05 
32    54    3.3616e-05 
32    55    -8.09923e-06 
32    56    0.0 
33    1    9.34018e-05 
33    2    0.0065112 
33    3    0.00829374 
33    4    0.00689861 
33    5    -2.12148e-05 
33    6    1.13814e-05 
33    7    0.00177243 
33    8    0.00157295 
33    9    0.00278402 
33    10    -4.0738e-06 
33    11    8.17482e-05 
33    12    0.00598888 
33    13    0.00155561 
33    14    0.00985788 
33    15    1.98842e-06 
33    16    0.004988 
33    17    0.0916331 
33    18    -0.0103963 
33    19    0.118673 
33    20    -0.000174959 
33    21    0.0609012 
33    22    0.485268 
33    23    0.226423 
33    24    0.404974 
33    25    0.000276766 
33    26    0.0055363 
33    27    0.0987625 
33    28    0.113726 
33    29    0.0568953 
33    30    -0.000299276 
33    31    0.00010502 
33    32    0.000680921 
33    33    0.999996 
33    34    0.0518548 
33    35    0.0009244 
33    36    0.0241455 
33    37    -0.0195011 
33    38    0.027116 
33    39    -0.000838244 
33    40    0.00418783 
33    41    0.0549675 
33    42    0.0 
33    43    8.59214e-05 
33    44    0.000152063 
33    45    8.08791e-05 
33    46    0.0 
33    47    0.0 
33    48    1.74177e-05 
33    49    3.36241e-05 
33    50    8.1017e-06 
33    51    0.0 
33    52    0.0 
33    53    0.0 
33    54    0.0 
33    55    0.0 
33    56    0.0 
34    1    0.00513559 
34    2    0.0935699 
34    3    0.00833247 
34    4    0.121034 
34    5    -1.54307e-05 
34    6    8.4043e-05 
34    7    0.00609372 
34    8    -0.00162613 
34    9    0.0100113 
34    10    4.28978e-06 
34    11    1.133e-05 
34    12    0.00176754 
34    13    -0.00158009 
34    14    0.00277045 
34    15    5.8091e-06 
34    16    8.39299e-05 
34    17    0.00608858 
34    18    -0.00785281 
34    19    0.00640635 
34    20    9.4772e-06 
34    21    0.0054164 
34    22    0.0972186 
34    23    -0.112554 
34    24    0.0553597 
34    25    0.00041205 
34    26    0.060769 
34    27    0.484735 
34    28    -0.232061 
34    29    0.401395 
34    30    0.000578504 
34    31    0.000710827 
34    32    0.000105939 
34    33    0.0523406 
34    34    0.999982 
34    35    0.0 
34    36    0.00010467 
34    37    -0.000182903 
34    38    9.8351e-05 
34    39    -2.76066e-06 
34    40    2.74556e-05 
34    41    0.000258021 
34    42    0.000846251 
34    43    0.0226601 
34    44    0.018909 
34    45    0.025236 
34    46    -2.61066e-05 
34    47    0.00138324 
34    48    0.0266545 
34    49    0.0292773 
34    50    0.0148241 
34    51    -3.1574e-05 
34    52    6.25092e-06 
34    53    0.000495787 
34    54    0.000469221 
34    55    0.000683351 
34    56    0.0 
35    1    0.0 
35    2    0.0 
35    3    0.0 
35    4    0.0 
35    5    0.0 
35    6    0.0 
35    7    3.48668e-06 
35    8    1.17047e-05 
35    9    4.09225e-06 
35    10    0.0 
35    11    0.0 
35    12    0.00130874 
35    13    0.00265565 
35    14    0.00154096 
35    15    8.82044e-05 
35    16    0.0 
35    17    0.0308581 
35    18    0.0511637 
35    19    0.0 
35    20    0.00245315 
35    21    0.0 
35    22    0.00130874 
35    23    0.00265564 
35    24    -0.00154098 
35    25    8.81665e-05 
35    26    0.0 
35    27    3.48569e-06 
35    28    1.17014e-05 
35    29    -4.09142e-06 
35    30    0.0 
35    31    0.0 
35    32    0.00092095 
35    33    0.000920594 
35    34    0.0 
35    35    0.999869 
35    36    0.235039 
35    37    -0.00222304 
35    38    0.0 
35    39    0.0029004 
35    40    0.0612602 
35    41    0.0612589 
35    42    0.0 
35    43    0.0 
35    44    0.0 
35    45    0.0 
35    46    0.0 
35    47    0.0 
35    48    0.0 
35    49    0.0 
35    50    0.0 
35    51    0.0 
35    52    0.0 
35    53    0.0 
35    54    0.0 
35    55    0.0 
35    56    0.0 
36    1    0.0 
36    2    0.000196345 
36    3    0.000467049 
36    4    0.0 
36    5    6.96684e-06 
36    6    0.0 
36    7    0.0011404 
36    8    0.00229833 
36    9    0.000803554 
36    10    4.23094e-05 
36    11    0.000616671 
36    12    0.0423607 
36    13    0.0587955 
36    14    0.0341165 
36    15    0.00195283 
36    16    0.0307183 
36    17    0.330996 
36    18    0.387346 
36    19    -5.51931e-06 
36    20    0.0185721 
36    21    0.00061667 
36    22    0.0423607 
36    23    0.0587952 
36    24    -0.034117 
36    25    0.00195199 
36    26    0.0 
36    27    0.00114021 
36    28    0.00229795 
36    29    -0.000803482 
36    30    4.22494e-05 
36    31    0.000103449 
36    32    0.0240806 
36    33    0.0240739 
36    34    0.000103449 
36    35    0.235039 
36    36    0.999996 
36    37    -0.0014517 
36    38    0.0 
36    39    0.00189404 
36    40    0.507514 
36    41    0.507508 
36    42    0.0 
36    43    0.0 
36    44    0.0 
36    45    0.0 
36    46    0.0 
36    47    0.0 
36    48    0.0 
36    49    0.0 
36    50    0.0 
36    51    0.0 
36    52    0.0 
36    53    0.0 
36    54    0.0 
36    55    0.0 
36    56    0.0 
37    1    0.0 
37    2    -0.000415584 
37    3    -0.000937017 
37    4    0.0 
37    5    -1.49108e-05 
37    6    -1.38987e-06 
37    7    -0.00205798 
37    8    -0.00387349 
37    9    -0.00148523 
37    10    -7.82018e-05 
37    11    -0.00137951 
37    12    -0.0528545 
37    13    -0.0631503 
37    14    -0.0464608 
37    15    -0.00265941 
37    16    -0.0515055 
37    17    -0.334809 
37    18    -0.319111 
37    19    7.21464e-06 
37    20    -0.0242768 
37    21    -0.0013795 
37    22    -0.0528542 
37    23    -0.0631495 
37    24    0.0464613 
37    25    -0.00265826 
37    26    -1.38939e-06 
37    27    -0.00205764 
37    28    -0.00387286 
37    29    0.0014851 
37    30    -7.8091e-05 
37    31    -0.000180866 
37    32    -0.0194405 
37    33    -0.0194355 
37    34    -0.000180863 
37    35    0.00222304 
37    36    0.0014517 
37    37    0.999988 
37    38    0.0 
37    39    6.5346e-06 
37    40    0.214173 
37    41    0.214165 
37    42    0.0 
37    43    0.0 
37    44    0.0 
37    45    0.0 
37    46    0.0 
37    47    0.0 
37    48    0.0 
37    49    0.0 
37    50    0.0 
37    51    0.0 
37    52    0.0 
37    53    0.0 
37    54    0.0 
37    55    0.0 
37    56    0.0 
38    1    0.0 
38    2    0.0 
38    3    0.0 
38    4    6.25869e-05 
38    5    0.0 
38    6    0.0 
38    7    -0.000719522 
38    8    -0.00148523 
38    9    -0.000144686 
38    10    -2.73413e-05 
38    11    -0.000800469 
38    12    -0.0306692 
38    13    -0.0464608 
38    14    -0.0100401 
38    15    -0.00154314 
38    16    0.0 
38    17    4.77071e-06 
38    18    7.21464e-06 
38    19    0.187213 
38    20    0.0 
38    21    0.000800482 
38    22    0.0306697 
38    23    0.0464613 
38    24    -0.0100409 
38    25    0.0015425 
38    26    0.0 
38    27    0.000719457 
38    28    0.0014851 
38    29    -0.000144744 
38    30    2.73046e-05 
38    31    -9.72851e-05 
38    32    -0.0270583 
38    33    0.0270514 
38    34    9.72902e-05 
38    35    0.0 
38    36    0.0 
38    37    0.0 
38    38    0.999993 
38    39    0.0 
38    40    -0.380311 
38    41    0.380377 
38    42    0.0 
38    43    0.0 
38    44    0.0 
38    45    0.0 
38    46    0.0 
38    47    0.0 
38    48    0.0 
38    49    0.0 
38    50    0.0 
38    51    0.0 
38    52    0.0 
38    53    0.0 
38    54    0.0 
38    55    0.0 
38    56    0.0 
39    1    0.0 
39    2    -6.19915e-06 
39    3    -1.49108e-05 
39    4    0.0 
39    5    6.23645e-05 
39    6    0.0 
39    7    -3.78849e-05 
39    8    -7.82018e-05 
39    9    -2.73413e-05 
39    10    0.000373149 
39    11    -4.58188e-05 
39    12    -0.0017555 
39    13    -0.00265941 
39    14    -0.00154314 
39    15    0.0168308 
39    16    -0.00246954 
39    17    -0.0160531 
39    18    -0.0242768 
39    19    0.0 
39    20    0.186049 
39    21    -4.57991e-05 
39    22    -0.00175475 
39    23    -0.00265826 
39    24    0.0015425 
39    25    0.0168308 
39    26    0.0 
39    27    -3.78311e-05 
39    28    -7.8091e-05 
39    29    2.73046e-05 
39    30    0.000373088 
39    31    -2.81878e-06 
39    32    -0.000859371 
39    33    -0.00085961 
39    34    -2.80893e-06 
39    35    -0.0029004 
39    36    -0.00189404 
39    37    6.5346e-06 
39    38    0.0 
39    39    0.999985 
39    40    -0.0942124 
39    41    -0.0939499 
39    42    0.0 
39    43    0.0 
39    44    0.0 
39    45    0.0 
39    46    0.0 
39    47    0.0 
39    48    0.0 
39    49    0.0 
39    50    0.0 
39    51    0.0 
39    52    0.0 
39    53    0.0 
39    54    0.0 
39    55    0.0 
39    56    0.0 
40    1    0.0 
40    2    0.00012434 
40    3    0.000256974 
40    4    -4.8915e-05 
40    5    -8.7096e-06 
40    6    7.01517e-06 
40    7    0.00132023 
40    8    0.0024158 
40    9    0.000197115 
40    10    -9.51924e-05 
40    11    0.00142343 
40    12    0.0382337 
40    13    0.0543397 
40    14    0.00681007 
40    15    -0.00315904 
40    16    0.00641217 
40    17    0.109811 
40    18    0.125603 
40    19    -0.0596335 
40    20    -0.0103857 
40    21    0.000112687 
40    22    0.00732766 
40    23    0.00934652 
40    24    -0.00757155 
40    25    -0.00054347 
40    26    0.0 
40    27    0.000287571 
40    28    0.000510628 
40    29    -0.000270148 
40    30    -2.0131e-05 
40    31    0.000243004 
40    32    0.0547543 
40    33    0.00362546 
40    34    2.27239e-05 
40    35    0.0534755 
40    36    0.471887 
40    37    0.205184 
40    38    -0.363143 
40    39    -0.0893351 
40    40    0.996905 
40    41    0.180383 
40    42    0.0 
40    43    0.0 
40    44    0.0 
40    45    0.0 
40    46    0.0 
40    47    0.0 
40    48    0.0 
40    49    0.0 
40    50    0.0 
40    51    0.0 
40    52    0.0 
40    53    0.0 
40    54    0.0 
40    55    0.0 
40    56    0.0 
41    1    0.0 
41    2    0.000124354 
41    3    0.000257002 
41    4    4.89215e-05 
41    5    -8.67745e-06 
41    6    0.0 
41    7    0.000287599 
41    8    0.000510674 
41    9    0.000270182 
41    10    -2.00453e-05 
41    11    0.000112664 
41    12    0.00732674 
41    13    0.00934526 
41    14    0.00757103 
41    15    -0.000541122 
41    16    0.00641235 
41    17    0.109813 
41    18    0.125604 
41    19    0.0596426 
41    20    -0.0103456 
41    21    0.00142377 
41    22    0.0382399 
41    23    0.0543486 
41    24    -0.00680843 
41    25    -0.0031476 
41    26    7.01592e-06 
41    27    0.00132032 
41    28    0.00241597 
41    29    -0.000197094 
41    30    -9.48809e-05 
41    31    2.27216e-05 
41    32    0.00362568 
41    33    0.0547569 
41    34    0.000243073 
41    35    0.0534758 
41    36    0.471888 
41    37    0.205178 
41    38    0.363208 
41    39    -0.0890894 
41    40    0.180386 
41    41    0.996906 
41    42    0.0 
41    43    0.0 
41    44    0.0 
41    45    0.0 
41    46    0.0 
41    47    0.0 
41    48    0.0 
41    49    0.0 
41    50    0.0 
41    51    0.0 
41    52    0.0 
41    53    0.0 
41    54    0.0 
41    55    0.0 
41    56    0.0 
42    1    0.0 
42    2    0.0256597 
42    3    -0.0426854 
42    4    -1.21321e-06 
42    5    5.74789e-05 
42    6    0.0 
42    7    0.00111691 
42    8    -0.00232004 
42    9    0.00131351 
42    10    3.9719e-06 
42    11    0.0 
42    12    2.66175e-06 
42    13    -9.06384e-06 
42    14    3.12696e-06 
42    15    0.0 
42    16    0.0 
42    17    0.0 
42    18    0.0 
42    19    0.0 
42    20    0.0 
42    21    0.0 
42    22    2.66179e-06 
42    23    -9.06401e-06 
42    24    -3.12691e-06 
42    25    0.0 
42    26    0.0 
42    27    0.0011169 
42    28    -0.00231998 
42    29    -0.00131354 
42    30    3.88566e-06 
42    31    0.000888872 
42    32    0.0 
42    33    0.0 
42    34    0.00088863 
42    35    0.0 
42    36    0.0 
42    37    0.0 
42    38    0.0 
42    39    0.0 
42    40    0.0 
42    41    0.0 
42    42    0.984163 
42    43    0.235131 
42    44    0.0404463 
42    45    -2.12e-06 
42    46    -2.16892e-05 
42    47    0.0 
42    48    0.0276719 
42    49    0.0234566 
42    50    -0.0403833 
42    51    -5.88861e-06 
42    52    0.0 
42    53    0.0276684 
42    54    0.0234535 
42    55    0.0403789 
42    56    -1.35691e-05 
43    1    0.0246456 
43    2    0.294374 
43    3    -0.355447 
43    4    -1.01025e-05 
43    5    0.000478635 
43    6    0.000505821 
43    7    0.0383104 
43    8    -0.0540642 
43    9    0.030609 
43    10    9.25578e-05 
43    11    0.0 
43    12    0.000971486 
43    13    -0.00198168 
43    14    0.000683664 
43    15    5.23608e-06 
43    16    0.0 
43    17    0.000146423 
43    18    -0.000354158 
43    19    0.0 
43    20    0.0 
43    21    0.0 
43    22    0.000971495 
43    23    -0.0019817 
43    24    -0.000683649 
43    25    5.21932e-06 
43    26    0.000505813 
43    27    0.0383101 
43    28    -0.0540632 
43    29    -0.0306098 
43    30    9.05486e-05 
43    31    0.0234741 
43    32    9.28708e-05 
43    33    9.28845e-05 
43    34    0.0234695 
43    35    0.0 
43    36    0.0 
43    37    0.0 
43    38    0.0 
43    39    0.0 
43    40    0.0 
43    41    0.0 
43    42    0.235131 
43    43    0.999556 
43    44    0.0264899 
43    45    -1.38847e-06 
43    46    -1.42051e-05 
43    47    0.030163 
43    48    0.323937 
43    49    0.163871 
43    50    -0.282124 
43    51    -4.11388e-05 
43    52    0.0301599 
43    53    0.323916 
43    54    0.163861 
43    55    0.282113 
43    56    -9.48025e-05 
44    1    0.042062 
44    2    0.30826 
44    3    -0.310084 
44    4    -1.33869e-05 
44    5    0.000634242 
44    6    0.00115838 
44    7    0.0486383 
44    8    -0.0595429 
44    9    0.0422909 
44    10    0.000127882 
44    11    1.00685e-06 
44    12    0.00177329 
44    13    -0.00338119 
44    14    0.00127615 
44    15    9.77389e-06 
44    16    0.0 
44    17    0.000314871 
44    18    -0.000722509 
44    19    0.0 
44    20    0.0 
44    21    1.00687e-06 
44    22    0.00177331 
44    23    -0.00338124 
44    24    -0.00127613 
44    25    9.74264e-06 
44    26    0.00115835 
44    27    0.0486374 
44    28    -0.0595409 
44    29    -0.0422916 
44    30    0.000125105 
44    31    0.0192908 
44    32    0.000163448 
44    33    0.000163469 
44    34    0.0192874 
44    35    0.0 
44    36    0.0 
44    37    0.0 
44    38    0.0 
44    39    0.0 
44    40    0.0 
44    41    0.0 
44    42    -0.0404463 
44    43    -0.0264899 
44    44    0.997499 
44    45    0.0 
44    46    0.0 
44    47    -0.0251491 
44    48    -0.19337 
44    49    0.055814 
44    50    0.217071 
44    51    3.16528e-05 
44    52    -0.0251461 
44    53    -0.193358 
44    54    0.0558074 
44    55    -0.21706 
44    56    7.29418e-05 
45    1    1.19549e-06 
45    2    8.76139e-06 
45    3    -1.33869e-05 
45    4    0.160921 
45    5    0.0 
45    6    -0.00065583 
45    7    -0.0275371 
45    8    0.0422909 
45    9    -0.0087887 
45    10    -7.2402e-05 
45    11    0.0 
45    12    -0.000611771 
45    13    0.00127615 
45    14    -0.000122367 
45    15    -3.37192e-06 
45    16    0.0 
45    17    0.0 
45    18    0.0 
45    19    4.65303e-05 
45    20    0.0 
45    21    0.0 
45    22    0.000611759 
45    23    -0.00127613 
45    24    -0.000122341 
45    25    3.36102e-06 
45    26    0.000655842 
45    27    0.0275378 
45    28    -0.0422916 
45    29    -0.00879028 
45    30    7.08327e-05 
45    31    -0.0262353 
45    32    -8.75541e-05 
45    33    8.75687e-05 
45    34    0.0262305 
45    35    0.0 
45    36    0.0 
45    37    0.0 
45    38    0.0 
45    39    0.0 
45    40    0.0 
45    41    0.0 
45    42    2.12e-06 
45    43    1.38847e-06 
45    44    0.0 
45    45    0.999166 
45    46    0.0 
45    47    0.0432971 
45    48    0.33291 
45    49    0.217071 
45    50    -0.191814 
45    51    -5.44941e-05 
45    52    -0.0432929 
45    53    -0.332896 
45    54    -0.21706 
45    55    -0.191818 
45    56    0.00012558 
46    1    -5.66395e-05 
46    2    -0.000415095 
46    3    0.000634242 
46    4    0.0 
46    5    0.16092 
46    6    -1.98315e-06 
46    7    -8.32687e-05 
46    8    0.000127882 
46    9    -7.2402e-05 
46    10    0.0151546 
46    11    0.0 
46    12    -4.68547e-06 
46    13    9.77389e-06 
46    14    -3.37192e-06 
46    15    0.000317871 
46    16    0.0 
46    17    0.0 
46    18    0.0 
46    19    0.0 
46    20    4.65291e-05 
46    21    0.0 
46    22    -4.67047e-06 
46    23    9.74264e-06 
46    24    3.36102e-06 
46    25    0.000317874 
46    26    -1.94008e-06 
46    27    -8.14611e-05 
46    28    0.000125105 
46    29    7.08327e-05 
46    30    0.0151544 
46    31    -3.00074e-05 
46    32    0.0 
46    33    0.0 
46    34    -2.73469e-05 
46    35    0.0 
46    36    0.0 
46    37    0.0 
46    38    0.0 
46    39    0.0 
46    40    0.0 
46    41    0.0 
46    42    2.16892e-05 
46    43    1.42051e-05 
46    44    0.0 
46    45    0.0 
46    46    0.999166 
46    47    6.3135e-06 
46    48    4.85443e-05 
46    49    3.16528e-05 
46    50    -5.44941e-05 
46    51    0.181899 
46    52    1.45484e-05 
46    53    0.000111868 
46    54    7.29418e-05 
46    55    0.00012558 
46    56    0.181884 
47    1    0.0 
47    2    0.00150154 
47    3    -0.00303256 
47    4    0.00155664 
47    5    3.09533e-06 
47    6    0.0 
47    7    4.61969e-06 
47    8    -1.24523e-05 
47    9    1.02495e-05 
47    10    0.0 
47    11    0.0 
47    12    0.0 
47    13    0.0 
47    14    0.0 
47    15    0.0 
47    16    0.0 
47    17    0.0 
47    18    0.0 
47    19    0.0 
47    20    0.0 
47    21    0.0 
47    22    0.0 
47    23    0.0 
47    24    0.0 
47    25    0.0 
47    26    0.0 
47    27    0.000256177 
47    28    -0.000690921 
47    29    -3.83804e-05 
47    30    0.0 
47    31    5.77493e-06 
47    32    0.0 
47    33    0.0 
47    34    0.00137836 
47    35    0.0 
47    36    0.0 
47    37    0.0 
47    38    0.0 
47    39    0.0 
47    40    0.0 
47    41    0.0 
47    42    0.0 
47    43    0.0297409 
47    44    -0.0241376 
47    45    0.043066 
47    46    5.97623e-06 
47    47    0.989317 
47    48    0.236766 
47    49    -0.0209837 
47    50    0.026016 
47    51    1.47375e-05 
47    52    0.0 
47    53    0.000434737 
47    54    -6.01918e-06 
47    55    0.0011481 
47    56    0.0 
48    1    0.000238564 
48    2    0.0370828 
48    3    -0.0556857 
48    4    0.0285839 
48    5    5.68382e-05 
48    6    0.0 
48    7    0.000751682 
48    8    -0.00134091 
48    9    0.0011037 
48    10    1.85916e-06 
48    11    0.0 
48    12    5.89355e-06 
48    13    -1.54822e-05 
48    14    8.50744e-06 
48    15    0.0 
48    16    0.0 
48    17    1.6852e-06 
48    18    -5.19569e-06 
48    19    1.13242e-06 
48    20    0.0 
48    21    0.0 
48    22    8.07466e-05 
48    23    -0.000213193 
48    24    -7.95841e-06 
48    25    0.0 
48    26    1.37625e-05 
48    27    0.0109568 
48    28    -0.0206304 
48    29    -0.00114601 
48    30    2.80094e-05 
48    31    0.00046836 
48    32    0.0 
48    33    1.69331e-05 
48    34    0.0265807 
48    35    0.0 
48    36    0.0 
48    37    0.0 
48    38    0.0 
48    39    0.0 
48    40    0.0 
48    41    0.0 
48    42    0.0271988 
48    43    0.321035 
48    44    -0.186989 
48    45    0.333623 
48    46    4.62966e-05 
48    47    0.236766 
48    48    0.999699 
48    49    -0.0136882 
48    50    0.0169709 
48    51    9.61365e-06 
48    52    0.000434737 
48    53    0.0277542 
48    54    -0.000232617 
48    55    0.0443693 
48    56    -4.02933e-06 
49    1    0.000594317 
49    2    0.0443451 
49    3    -0.0581992 
49    4    0.0371541 
49    5    7.38799e-05 
49    6    0.0 
49    7    0.00105522 
49    8    -0.00167909 
49    9    0.00157952 
49    10    2.66066e-06 
49    11    0.0 
49    12    1.19141e-05 
49    13    -2.96025e-05 
49    14    1.72558e-05 
49    15    0.0 
49    16    0.0 
49    17    3.98935e-06 
49    18    -1.18135e-05 
49    19    2.68661e-06 
49    20    0.0 
49    21    0.0 
49    22    0.000165483 
49    23    -0.000415592 
49    24    -1.64479e-05 
49    25    1.00406e-06 
49    26    4.57199e-05 
49    27    0.0165271 
49    28    -0.0289662 
49    29    -0.00182219 
49    30    4.45358e-05 
49    31    0.000444263 
49    32    0.0 
49    33    3.27522e-05 
49    34    0.0292843 
49    35    0.0 
49    36    0.0 
49    37    0.0 
49    38    0.0 
49    39    0.0 
49    40    0.0 
49    41    0.0 
49    42    0.0224712 
49    43    0.158511 
49    44    0.0609799 
49    45    0.211968 
49    46    2.94147e-05 
49    47    0.0209837 
49    48    0.0136882 
49    49    0.99899 
49    50    0.000551867 
49    51    0.0 
49    52    6.01918e-06 
49    53    0.000232617 
49    54    0.0107598 
49    55    0.000401515 
49    56    0.0 
50    1    -0.000305067 
50    2    -0.0227627 
50    3    0.0371541 
50    4    -0.00488898 
50    5    -3.79231e-05 
50    6    0.0 
50    7    -0.000868555 
50    8    0.00157952 
50    9    -0.00106022 
50    10    -2.19e-06 
50    11    0.0 
50    12    -6.54678e-06 
50    13    1.72558e-05 
50    14    -7.68184e-06 
50    15    0.0 
50    16    0.0 
50    17    0.0 
50    18    2.68661e-06 
50    19    0.0 
50    20    0.0 
50    21    0.0 
50    22    6.17741e-06 
50    23    -1.64479e-05 
50    24    2.44076e-05 
50    25    0.0 
50    26    2.53972e-06 
50    27    0.000918073 
50    28    -0.00182219 
50    29    0.00373557 
50    30    2.47395e-06 
50    31    -0.000648112 
50    32    0.0 
50    33    7.79094e-06 
50    34    0.0146273 
50    35    0.0 
50    36    0.0 
50    37    0.0 
50    38    0.0 
50    39    0.0 
50    40    0.0 
50    41    0.0 
50    42    -0.0400928 
50    43    -0.282812 
50    44    0.211968 
50    45    -0.198407 
50    46    -5.24812e-05 
50    47    -0.026016 
50    48    -0.0169709 
50    49    0.000551867 
50    50    0.998751 
50    51    0.0 
50    52    -0.0011481 
50    53    -0.0443693 
50    54    0.000401515 
50    55    -0.065823 
50    56    6.95493e-06 
51    1    0.0 
51    2    -4.52629e-05 
51    3    7.38799e-05 
51    4    -3.79231e-05 
51    5    0.0141824 
51    6    0.0 
51    7    -1.46305e-06 
51    8    2.66066e-06 
51    9    -2.19e-06 
51    10    0.000239892 
51    11    0.0 
51    12    0.0 
51    13    0.0 
51    14    0.0 
51    15    1.80003e-06 
51    16    0.0 
51    17    0.0 
51    18    0.0 
51    19    0.0 
51    20    0.0 
51    21    0.0 
51    22    0.0 
51    23    1.00406e-06 
51    24    0.0 
51    25    2.50193e-05 
51    26    0.0 
51    27    -2.24384e-05 
51    28    4.45358e-05 
51    29    2.47395e-06 
51    30    0.00383673 
51    31    0.0 
51    32    0.0 
51    33    0.0 
51    34    -3.20191e-05 
51    35    0.0 
51    36    0.0 
51    37    0.0 
51    38    0.0 
51    39    0.0 
51    40    0.0 
51    41    0.0 
51    42    -5.56364e-06 
51    43    -3.92456e-05 
51    44    2.94147e-05 
51    45    -5.24812e-05 
51    46    0.179784 
51    47    -1.47375e-05 
51    48    -9.61365e-06 
51    49    0.0 
51    50    0.0 
51    51    0.999435 
51    52    0.0 
51    53    4.02933e-06 
51    54    0.0 
51    55    6.95493e-06 
51    56    0.0107619 
52    1    0.0 
52    2    0.00150122 
52    3    -0.0030319 
52    4    -0.00155647 
52    5    3.39055e-06 
52    6    0.0 
52    7    0.000256151 
52    8    -0.000690857 
52    9    3.83571e-05 
52    10    1.00828e-06 
52    11    0.0 
52    12    0.0 
52    13    0.0 
52    14    0.0 
52    15    0.0 
52    16    0.0 
52    17    0.0 
52    18    0.0 
52    19    0.0 
52    20    0.0 
52    21    0.0 
52    22    0.0 
52    23    0.0 
52    24    0.0 
52    25    0.0 
52    26    0.0 
52    27    4.61866e-06 
52    28    -1.24495e-05 
52    29    -1.02476e-05 
52    30    0.0 
52    31    0.00137873 
52    32    0.0 
52    33    0.0 
52    34    5.77175e-06 
52    35    0.0 
52    36    0.0 
52    37    0.0 
52    38    0.0 
52    39    0.0 
52    40    0.0 
52    41    0.0 
52    42    0.0 
52    43    0.0297379 
52    44    -0.0241348 
52    45    -0.0430619 
52    46    1.41624e-05 
52    47    0.0 
52    48    0.000434742 
52    49    -6.0288e-06 
52    50    -0.00114811 
52    51    0.0 
52    52    0.989321 
52    53    0.236766 
52    54    -0.0209792 
52    55    -0.0260118 
52    56    1.9461e-05 
53    1    0.000238479 
53    2    0.0370771 
53    3    -0.0556767 
53    4    -0.0285823 
53    5    6.22627e-05 
53    6    1.37602e-05 
53    7    0.0109561 
53    8    -0.0206291 
53    9    0.00114535 
53    10    3.01073e-05 
53    11    0.0 
53    12    8.07472e-05 
53    13    -0.000213194 
53    14    7.95858e-06 
53    15    0.0 
53    16    0.0 
53    17    1.6851e-06 
53    18    -5.1954e-06 
53    19    -1.13238e-06 
53    20    0.0 
53    21    0.0 
53    22    5.89313e-06 
53    23    -1.54811e-05 
53    24    -8.50683e-06 
53    25    0.0 
53    26    0.0 
53    27    0.000751572 
53    28    -0.0013407 
53    29    -0.00110358 
53    30    1.91806e-06 
53    31    0.0265862 
53    32    1.69292e-05 
53    33    0.0 
53    34    0.000468175 
53    35    0.0 
53    36    0.0 
53    37    0.0 
53    38    0.0 
53    39    0.0 
53    40    0.0 
53    41    0.0 
53    42    0.0271955 
53    43    0.321015 
53    44    -0.186977 
53    45    -0.333609 
53    46    0.000109719 
53    47    0.000434742 
53    48    0.0277544 
53    49    -0.000232988 
53    50    -0.0443696 
53    51    4.40881e-06 
53    52    0.236766 
53    53    0.999699 
53    54    -0.0136853 
53    55    -0.0169682 
53    56    1.26949e-05 
54    1    0.000594108 
54    2    0.0443381 
54    3    -0.0581892 
54    4    -0.0371517 
54    5    8.09299e-05 
54    6    4.57128e-05 
54    7    0.016526 
54    8    -0.0289646 
54    9    0.00182116 
54    10    4.78718e-05 
54    11    0.0 
54    12    0.000165484 
54    13    -0.000415594 
54    14    1.64483e-05 
54    15    1.02869e-06 
54    16    0.0 
54    17    3.98913e-06 
54    18    -1.18129e-05 
54    19    -2.68651e-06 
54    20    0.0 
54    21    0.0 
54    22    1.19133e-05 
54    23    -2.96007e-05 
54    24    -1.72546e-05 
54    25    0.0 
54    26    0.0 
54    27    0.00105506 
54    28    -0.00167882 
54    29    -0.00157933 
54    30    2.74494e-06 
54    31    0.0292902 
54    32    3.27451e-05 
54    33    0.0 
54    34    0.000444098 
54    35    0.0 
54    36    0.0 
54    37    0.0 
54    38    0.0 
54    39    0.0 
54    40    0.0 
54    41    0.0 
54    42    0.0224683 
54    43    0.158501 
54    44    0.0609738 
54    45    -0.211957 
54    46    6.97094e-05 
54    47    6.0288e-06 
54    48    0.000232988 
54    49    0.0107598 
54    50    -0.000402155 
54    51    0.0 
54    52    0.0209792 
54    53    0.0136853 
54    54    0.99899 
54    55    -0.00055166 
54    56    0.0 
55    1    0.000304993 
55    2    0.0227615 
55    3    -0.0371517 
55    4    -0.00489217 
55    5    4.15464e-05 
55    6    -2.53803e-06 
55    7    -0.000917544 
55    8    0.00182116 
55    9    0.0037354 
55    10    -2.6579e-06 
55    11    0.0 
55    12    -6.17754e-06 
55    13    1.64483e-05 
55    14    2.44078e-05 
55    15    0.0 
55    16    0.0 
55    17    0.0 
55    18    -2.68651e-06 
55    19    0.0 
55    20    0.0 
55    21    0.0 
55    22    6.54632e-06 
55    23    -1.72546e-05 
55    24    -7.68128e-06 
55    25    0.0 
55    26    0.0 
55    27    0.000868455 
55    28    -0.00157933 
55    29    -0.00106014 
55    30    2.25945e-06 
55    31    -0.0146293 
55    32    -7.78856e-06 
55    33    0.0 
55    34    0.00064787 
55    35    0.0 
55    36    0.0 
55    37    0.0 
55    38    0.0 
55    39    0.0 
55    40    0.0 
55    41    0.0 
55    42    0.0400885 
55    43    0.282801 
55    44    -0.211957 
55    45    -0.198411 
55    46    0.000124377 
55    47    0.00114811 
55    48    0.0443696 
55    49    -0.000402155 
55    50    -0.0658234 
55    51    7.60995e-06 
55    52    0.0260118 
55    53    0.0169682 
55    54    -0.00055166 
55    55    0.998751 
55    56    0.0 
56    1    0.0 
56    2    -4.95828e-05 
56    3    8.09299e-05 
56    4    4.15464e-05 
56    5    0.01418 
56    6    0.0 
56    7    -2.4119e-05 
56    8    4.78718e-05 
56    9    -2.6579e-06 
56    10    0.00383644 
56    11    0.0 
56    12    0.0 
56    13    1.02869e-06 
56    14    0.0 
56    15    2.50194e-05 
56    16    0.0 
56    17    0.0 
56    18    0.0 
56    19    0.0 
56    20    0.0 
56    21    0.0 
56    22    0.0 
56    23    0.0 
56    24    0.0 
56    25    1.79989e-06 
56    26    0.0 
56    27    -1.50941e-06 
56    28    2.74494e-06 
56    29    2.25945e-06 
56    30    0.000239856 
56    31    -3.75997e-05 
56    32    0.0 
56    33    0.0 
56    34    0.0 
56    35    0.0 
56    36    0.0 
56    37    0.0 
56    38    0.0 
56    39    0.0 
56    40    0.0 
56    41    0.0 
56    42    -1.31845e-05 
56    43    -9.30087e-05 
56    44    6.97094e-05 
56    45    0.000124377 
56    46    0.179769 
56    47    0.0 
56    48    -4.40881e-06 
56    49    0.0 
56    50    7.60995e-06 
56    51    0.0107619 
56    52    -1.9461e-05 
56    53    -1.26949e-05 
56    54    0.0 
56    55    0.0 
56    56    0.999435 
