#  Overlap between R and R+dR : i_AO_R, j_AO_R+dR, S_ij
1 57 0.999964
1 58 0.248363
1 59 -0.00203514
1 60 5.02285e-06
1 61 -1.32958e-06
1 62 0.0
1 63 0.037057
1 64 -0.0303206
1 65 0.0534461
1 66 7.59383e-05
1 67 0.0
1 68 0.00180749
1 69 -0.00359992
1 70 0.00210496
1 71 1.28485e-05
1 72 0.0
1 73 0.000389796
1 74 -0.00104117
1 75 0.0
1 76 1.25646e-06
1 77 0.0
1 78 0.00180784
1 79 -0.00360063
1 80 -0.00210517
1 81 1.27987e-05
1 82 0.0
1 83 0.0370608
1 84 -0.030324
1 85 -0.0534514
1 86 7.24317e-05
1 87 0.00513554
1 88 9.33671e-05
1 89 9.34018e-05
1 90 0.00513559
1 91 0.0
1 92 0.0
1 93 0.0
1 94 0.0
1 95 0.0
1 96 0.0
1 97 0.0
1 98 0.0
1 99 0.0246456
1 100 0.042062
1 101 1.19549e-06
1 102 -5.66395e-05
1 103 0.0
1 104 0.000238564
1 105 0.000594317
1 106 -0.000305067
1 107 0.0
1 108 0.0
1 109 0.000238479
1 110 0.000594108
1 111 0.000304993
1 112 0.0
2 57 0.248363
2 58 0.999999
2 59 -0.00129829
2 60 3.20425e-06
2 61 0.0
2 62 0.037057
2 63 0.362116
2 64 -0.190495
2 65 0.335785
2 66 0.000477096
2 67 0.00180749
2 68 0.0605967
2 69 -0.0770549
2 70 0.0450558
2 71 0.000275018
2 72 0.000389796
2 73 0.025214
2 74 -0.0406712
2 75 0.0
2 76 4.90812e-05
2 77 0.00180784
2 78 0.0606034
2 79 -0.0770644
2 80 -0.045057
2 81 0.00027393
2 82 0.0370608
2 83 0.362138
2 84 -0.190504
2 85 -0.335797
2 86 0.000455037
2 87 0.0935692
2 88 0.00650968
2 89 0.0065112
2 90 0.0935699
2 91 0.0
2 92 0.000196345
2 93 -0.000415584
2 94 0.0
2 95 -6.19915e-06
2 96 0.00012434
2 97 0.000124354
2 98 0.0256597
2 99 0.294374
2 100 0.30826
2 101 8.76139e-06
2 102 -0.000415095
2 103 0.00150154
2 104 0.0370828
2 105 0.0443451
2 106 -0.0227627
2 107 -4.52629e-05
2 108 0.00150122
2 109 0.0370771
2 110 0.0443381
2 111 0.0227615
2 112 -4.95828e-05
3 57 0.00203514
3 58 0.00129829
3 59 0.999994
3 60 0.0
3 61 0.0
3 62 0.0303206
3 63 0.190495
3 64 0.07989
3 65 0.231245
3 66 0.000328562
3 67 0.00359992
3 68 0.0770549
3 69 -0.082799
3 70 0.0632347
3 71 0.000385981
3 72 0.00104117
3 73 0.0406712
3 74 -0.0609789
3 75 1.29083e-06
3 76 8.52932e-05
3 77 0.00360063
3 78 0.0770644
3 79 -0.0828109
3 80 -0.0632373
3 81 0.00038446
3 82 0.030324
3 83 0.190504
3 84 0.0798997
3 85 -0.231254
3 86 0.000313371
3 87 0.00832978
3 88 0.00829193
3 89 0.00829374
3 90 0.00833247
3 91 0.0
3 92 0.000467049
3 93 -0.000937017
3 94 0.0
3 95 -1.49108e-05
3 96 0.000256974
3 97 0.000257002
3 98 -0.0426854
3 99 -0.355447
3 100 -0.310084
3 101 -1.33869e-05
3 102 0.000634242
3 103 -0.00303256
3 104 -0.0556857
3 105 -0.0581992
3 106 0.0371541
3 107 7.38799e-05
3 108 -0.0030319
3 109 -0.0556767
3 110 -0.0581892
3 111 -0.0371517
3 112 8.09299e-05
4 57 -5.02285e-06
4 58 -3.20425e-06
4 59 0.0
4 60 0.999998
4 61 0.0
4 62 -0.0534461
4 63 -0.335785
4 64 0.231245
4 65 -0.196536
4 66 -0.000579154
4 67 -0.00210496
4 68 -0.0450558
4 69 0.0632347
4 70 -0.0116292
4 71 -0.000225692
4 72 0.0
4 73 0.0
4 74 1.29083e-06
4 75 0.0096993
4 76 0.0
4 77 0.00210517
4 78 0.045057
4 79 -0.0632373
4 80 -0.011624
4 81 0.000224781
4 82 0.0534514
4 83 0.335797
4 84 -0.231254
4 85 -0.196532
4 86 0.000552372
4 87 -0.121034
4 88 -0.00689713
4 89 0.00689861
4 90 0.121034
4 91 0.0
4 92 0.0
4 93 0.0
4 94 6.25869e-05
4 95 0.0
4 96 -4.8915e-05
4 97 4.89215e-05
4 98 -1.21321e-06
4 99 -1.01025e-05
4 100 -1.33869e-05
4 101 0.160921
4 102 0.0
4 103 0.00155664
4 104 0.0285839
4 105 0.0371541
4 106 -0.00488898
4 107 -3.79231e-05
4 108 -0.00155647
4 109 -0.0285823
4 110 -0.0371517
4 111 -0.00489217
4 112 4.15464e-05
5 57 1.32958e-06
5 58 0.0
5 59 0.0
5 60 0.0
5 61 0.999998
5 62 -7.59383e-05
5 63 -0.000477096
5 64 0.000328562
5 65 -0.000579154
5 66 0.211077
5 67 -1.28485e-05
5 68 -0.000275018
5 69 0.000385981
5 70 -0.000225692
5 71 0.0253443
5 72 -1.25646e-06
5 73 -4.90812e-05
5 74 8.52932e-05
5 75 0.0
5 76 0.0096992
5 77 -1.27987e-05
5 78 -0.00027393
5 79 0.00038446
5 80 0.000224781
5 81 0.0253474
5 82 -7.24317e-05
5 83 -0.000455037
5 84 0.000313371
5 85 0.000552372
5 86 0.211094
5 87 -2.76179e-05
5 88 -2.10878e-05
5 89 -2.12148e-05
5 90 -1.54307e-05
5 91 0.0
5 92 6.96684e-06
5 93 -1.49108e-05
5 94 0.0
5 95 6.23645e-05
5 96 -8.7096e-06
5 97 -8.67745e-06
5 98 5.74789e-05
5 99 0.000478635
5 100 0.000634242
5 101 0.0
5 102 0.16092
5 103 3.09533e-06
5 104 5.68382e-05
5 105 7.38799e-05
5 106 -3.79231e-05
5 107 0.0141824
5 108 3.39055e-06
5 109 6.22627e-05
5 110 8.09299e-05
5 111 4.15464e-05
5 112 0.01418
6 57 0.0
6 58 0.0370283
6 59 0.0305379
6 60 -0.053268
6 61 -7.56224e-05
6 62 0.998909
6 63 0.248368
6 64 0.010398
6 65 0.00421734
6 66 9.4526e-06
6 67 1.01687e-06
6 68 0.0384214
6 69 -0.0636939
6 70 0.000138425
6 71 0.000262598
6 72 0.0
6 73 0.00171558
6 74 -0.00344612
6 75 -0.00199261
6 76 2.71257e-06
6 77 0.0
6 78 0.00038902
6 79 -0.000514199
6 80 -0.000903149
6 81 2.10869e-06
6 82 0.0
6 83 0.00168
6 84 1.12914e-05
6 85 -0.00390703
6 86 0.0
6 87 0.0607682
6 88 0.00553555
6 89 1.13814e-05
6 90 8.4043e-05
6 91 0.0
6 92 0.0
6 93 -1.38987e-06
6 94 0.0
6 95 0.0
6 96 7.01517e-06
6 97 0.0
6 98 0.0
6 99 0.000505821
6 100 0.00115838
6 101 -0.00065583
6 102 -1.98315e-06
6 103 0.0
6 104 0.0
6 105 0.0
6 106 0.0
6 107 0.0
6 108 0.0
6 109 1.37602e-05
6 110 4.57128e-05
6 111 -2.53803e-06
6 112 0.0
7 57 0.0370283
7 58 0.361956
7 59 0.191949
7 60 -0.334821
7 61 -0.000475332
7 62 0.248368
7 63 0.999968
7 64 0.00663461
7 65 0.00269094
7 66 6.03138e-06
7 67 0.0384214
7 68 0.369676
7 69 -0.391508
7 70 0.000850857
7 71 0.00161412
7 72 0.00171558
7 73 0.0587917
7 74 -0.075237
7 75 -0.0435034
7 76 5.92219e-05
7 77 0.00038902
7 78 0.0251857
7 79 -0.0201023
7 80 -0.0353081
7 81 8.24382e-05
7 82 0.00168
7 83 0.0580827
7 84 0.000248489
7 85 -0.0859815
7 86 -2.60625e-06
7 87 0.484732
7 88 0.0987529
7 89 0.00177243
7 90 0.00609372
7 91 3.48668e-06
7 92 0.0011404
7 93 -0.00205798
7 94 -0.000719522
7 95 -3.78849e-05
7 96 0.00132023
7 97 0.000287599
7 98 0.00111691
7 99 0.0383104
7 100 0.0486383
7 101 -0.0275371
7 102 -8.32687e-05
7 103 4.61969e-06
7 104 0.000751682
7 105 0.00105522
7 106 -0.000868555
7 107 -1.46305e-06
7 108 0.000256151
7 109 0.0109561
7 110 0.016526
7 111 -0.000917544
7 112 -2.4119e-05
8 57 -0.0305379
8 58 -0.191949
8 59 0.0777099
8 60 0.232422
8 61 0.000329961
8 62 -0.010398
8 63 -0.00663461
8 64 0.999834
8 65 -4.24283e-05
8 66 0.0
8 67 0.0636939
8 68 0.391508
8 69 -0.32823
8 70 0.00118477
8 71 0.00224757
8 72 0.00344612
8 73 0.075237
8 74 -0.0816465
8 75 -0.0613806
8 76 8.35584e-05
8 77 0.000514199
8 78 0.0201023
8 79 -0.00759801
8 80 -0.0303606
8 81 7.08867e-05
8 82 -1.12914e-05
8 83 -0.000248489
8 84 0.0241793
8 85 0.000405392
8 86 0.0
8 87 -0.232088
8 88 0.113717
8 89 0.00157295
8 90 -0.00162613
8 91 1.17047e-05
8 92 0.00229833
8 93 -0.00387349
8 94 -0.00148523
8 95 -7.82018e-05
8 96 0.0024158
8 97 0.000510674
8 98 -0.00232004
8 99 -0.0540642
8 100 -0.0595429
8 101 0.0422909
8 102 0.000127882
8 103 -1.24523e-05
8 104 -0.00134091
8 105 -0.00167909
8 106 0.00157952
8 107 2.66066e-06
8 108 -0.000690857
8 109 -0.0206291
8 110 -0.0289646
8 111 0.00182116
8 112 4.78718e-05
9 57 0.053268
9 58 0.334821
9 59 0.232422
9 60 -0.194466
9 61 -0.000575559
9 62 -0.00421734
9 63 -0.00269094
9 64 -4.24283e-05
9 65 0.999922
9 66 0.0
9 67 -0.000138425
9 68 -0.000850857
9 69 0.00118477
9 70 0.216922
9 71 -4.88461e-06
9 72 0.00199261
9 73 0.0435034
9 74 -0.0613806
9 75 -0.0109831
9 76 4.8315e-05
9 77 0.000903149
9 78 0.0353081
9 79 -0.0303606
9 80 -0.0436384
9 81 0.000124507
9 82 0.00390703
9 83 0.0859815
9 84 0.000405392
9 85 -0.116092
9 86 -4.25192e-06
9 87 -0.401378
9 88 -0.0568906
9 89 0.00278402
9 90 0.0100113
9 91 4.09225e-06
9 92 0.000803554
9 93 -0.00148523
9 94 -0.000144686
9 95 -2.73413e-05
9 96 0.000197115
9 97 0.000270182
9 98 0.00131351
9 99 0.030609
9 100 0.0422909
9 101 -0.0087887
9 102 -7.2402e-05
9 103 1.02495e-05
9 104 0.0011037
9 105 0.00157952
9 106 -0.00106022
9 107 -2.19e-06
9 108 3.83571e-05
9 109 0.00114535
9 110 0.00182116
9 111 0.0037354
9 112 -2.6579e-06
10 57 7.56224e-05
10 58 0.000475332
10 59 0.000329961
10 60 -0.000575559
10 61 0.210954
10 62 -9.4526e-06
10 63 -6.03138e-06
10 64 0.0
10 65 0.0
10 66 0.999939
10 67 -0.000262598
10 68 -0.00161412
10 69 0.00224757
10 70 -4.88461e-06
10 71 0.216915
10 72 -2.71257e-06
10 73 -5.92219e-05
10 74 8.35584e-05
10 75 4.8315e-05
10 76 0.0245082
10 77 -2.10869e-06
10 78 -8.24382e-05
10 79 7.08867e-05
10 80 0.000124507
10 81 0.00968722
10 82 0.0
10 83 2.60625e-06
10 84 0.0
10 85 -4.25192e-06
10 86 0.0241804
10 87 0.000520063
10 88 -0.000292227
10 89 -4.0738e-06
10 90 4.28978e-06
10 91 0.0
10 92 4.23094e-05
10 93 -7.82018e-05
10 94 -2.73413e-05
10 95 0.000373149
10 96 -9.51924e-05
10 97 -2.00453e-05
10 98 3.9719e-06
10 99 9.25578e-05
10 100 0.000127882
10 101 -7.2402e-05
10 102 0.0151546
10 103 0.0
10 104 1.85916e-06
10 105 2.66066e-06
10 106 -2.19e-06
10 107 0.000239892
10 108 1.00828e-06
10 109 3.01073e-05
10 110 4.78718e-05
10 111 -2.6579e-06
10 112 0.00383644
11 57 0.0
11 58 0.00185655
11 59 0.00368485
11 60 -0.002159
11 61 -1.3075e-05
11 62 0.0
11 63 0.0383272
11 64 0.0635386
11 65 7.65295e-05
11 66 -0.000258247
11 67 0.999253
11 68 0.248366
11 69 -0.00888005
11 70 0.00271901
11 71 0.000104282
11 72 0.0
11 73 0.0358104
11 74 -0.0303274
11 75 -0.0510797
11 76 -0.000167436
11 77 0.0
11 78 0.00167214
11 79 -9.58726e-06
11 80 -0.00389073
11 81 0.0
11 82 0.0
11 83 0.000386612
11 84 0.000511395
11 85 -0.000897955
11 86 -2.10806e-06
11 87 0.00541664
11 88 0.0609026
11 89 8.17482e-05
11 90 1.133e-05
11 91 0.0
11 92 0.000616671
11 93 -0.00137951
11 94 -0.000800469
11 95 -4.58188e-05
11 96 0.00142343
11 97 0.000112664
11 98 0.0
11 99 0.0
11 100 1.00685e-06
11 101 0.0
11 102 0.0
11 103 0.0
11 104 0.0
11 105 0.0
11 106 0.0
11 107 0.0
11 108 0.0
11 109 0.0
11 110 0.0
11 111 0.0
11 112 0.0
12 57 0.00185655
12 58 0.061545
12 59 0.0780773
12 60 -0.0457465
12 61 -0.000277043
12 62 0.0383272
12 63 0.369158
12 64 0.391139
12 65 0.00047111
12 66 -0.00158975
12 67 0.248366
12 68 0.999978
12 69 -0.00566568
12 70 0.00173479
12 71 6.65342e-05
12 72 0.0358104
12 73 0.355076
12 74 -0.194452
12 75 -0.327511
12 76 -0.00107356
12 77 0.00167214
12 78 0.0579252
12 79 -0.000211362
12 80 -0.0857755
12 81 1.4117e-06
12 82 0.000386612
12 83 0.0250976
12 84 0.020043
12 85 -0.0351934
12 86 -8.26207e-05
12 87 0.0972216
12 88 0.485274
12 89 0.00598888
12 90 0.00176754
12 91 0.00130874
12 92 0.0423607
12 93 -0.0528545
12 94 -0.0306692
12 95 -0.0017555
12 96 0.0382337
12 97 0.00732674
12 98 2.66175e-06
12 99 0.000971486
12 100 0.00177329
12 101 -0.000611771
12 102 -4.68547e-06
12 103 0.0
12 104 5.89355e-06
12 105 1.19141e-05
12 106 -6.54678e-06
12 107 0.0
12 108 0.0
12 109 8.07472e-05
12 110 0.000165484
12 111 -6.17754e-06
12 112 0.0
13 57 -0.00368485
13 58 -0.0780773
13 59 -0.0835963
13 60 0.0640891
13 61 0.000388127
13 62 -0.0635386
13 63 -0.391139
13 64 -0.328204
13 65 -0.0006561
13 66 0.00221399
13 67 0.00888005
13 68 0.00566568
13 69 0.999882
13 70 2.33583e-05
13 71 0.0
13 72 0.0303274
13 73 0.194452
13 74 0.0668454
13 75 -0.233851
13 76 -0.000766551
13 77 9.58726e-06
13 78 0.000211362
13 79 0.0241069
13 80 -0.000344899
13 81 0.0
13 82 -0.000511395
13 83 -0.020043
13 84 -0.00759175
13 85 0.0302762
13 86 7.1077e-05
13 87 -0.11256
13 88 0.22646
13 89 0.00155561
13 90 -0.00158009
13 91 0.00265565
13 92 0.0587955
13 93 -0.0631503
13 94 -0.0464608
13 95 -0.00265941
13 96 0.0543397
13 97 0.00934526
13 98 -9.06384e-06
13 99 -0.00198168
13 100 -0.00338119
13 101 0.00127615
13 102 9.77389e-06
13 103 0.0
13 104 -1.54822e-05
13 105 -2.96025e-05
13 106 1.72558e-05
13 107 0.0
13 108 0.0
13 109 -0.000213194
13 110 -0.000415594
13 111 1.64483e-05
13 112 1.02869e-06
14 57 0.002159
14 58 0.0457465
14 59 0.0640891
14 60 -0.0117635
14 61 -0.000227409
14 62 -7.65295e-05
14 63 -0.00047111
14 64 -0.0006561
14 65 0.216522
14 66 2.66666e-06
14 67 -0.00271901
14 68 -0.00173479
14 69 2.33583e-05
14 70 0.999951
14 71 0.0
14 72 0.0510797
14 73 0.327511
14 74 -0.233851
14 75 -0.18818
14 76 -0.00129108
14 77 0.00389073
14 78 0.0857755
14 79 -0.000344899
14 80 -0.11586
14 81 2.30361e-06
14 82 0.000897955
14 83 0.0351934
14 84 0.0302762
14 85 -0.0435109
14 86 -0.000124804
14 87 -0.055355
14 88 -0.404957
14 89 0.00985788
14 90 0.00277045
14 91 0.00154096
14 92 0.0341165
14 93 -0.0464608
14 94 -0.0100401
14 95 -0.00154314
14 96 0.00681007
14 97 0.00757103
14 98 3.12696e-06
14 99 0.000683664
14 100 0.00127615
14 101 -0.000122367
14 102 -3.37192e-06
14 103 0.0
14 104 8.50744e-06
14 105 1.72558e-05
14 106 -7.68184e-06
14 107 0.0
14 108 0.0
14 109 7.95858e-06
14 110 1.64483e-05
14 111 2.44078e-05
14 112 0.0
15 57 1.3075e-05
15 58 0.000277043
15 59 0.000388127
15 60 -0.000227409
15 61 0.0257857
15 62 0.000258247
15 63 0.00158975
15 64 0.00221399
15 65 2.66666e-06
15 66 0.216513
15 67 -0.000104282
15 68 -6.65342e-05
15 69 0.0
15 70 0.0
15 71 0.999958
15 72 0.000167436
15 73 0.00107356
15 74 -0.000766551
15 75 -0.00129108
15 76 0.205685
15 77 0.0
15 78 -1.4117e-06
15 79 0.0
15 80 2.30361e-06
15 81 0.0241077
15 82 2.10806e-06
15 83 8.26207e-05
15 84 7.1077e-05
15 85 -0.000124804
15 86 0.00965058
15 87 0.000401087
15 88 0.000305675
15 89 1.98842e-06
15 90 5.8091e-06
15 91 8.82044e-05
15 92 0.00195283
15 93 -0.00265941
15 94 -0.00154314
15 95 0.0168308
15 96 -0.00315904
15 97 -0.000541122
15 98 0.0
15 99 5.23608e-06
15 100 9.77389e-06
15 101 -3.37192e-06
15 102 0.000317871
15 103 0.0
15 104 0.0
15 105 0.0
15 106 0.0
15 107 1.80003e-06
15 108 0.0
15 109 0.0
15 110 1.02869e-06
15 111 0.0
15 112 2.50194e-05
16 57 0.0
16 58 0.000387078
16 59 0.00103451
16 60 0.0
16 61 -1.28495e-06
16 62 0.0
16 63 0.00165242
16 64 0.00333477
16 65 0.00192356
16 66 -2.76026e-06
16 67 0.0
16 68 0.035805
16 69 0.0301965
16 70 0.051147
16 71 0.000166161
16 72 0.999827
16 73 0.248363
16 74 0.00446562
16 75 1.92044e-06
16 76 -0.00014817
16 77 0.0
16 78 0.0358065
16 79 0.0301978
16 80 -0.051149
16 81 0.000164898
16 82 0.0
16 83 0.00165215
16 84 0.00333426
16 85 -0.00192335
16 86 -2.88635e-06
16 87 8.39374e-05
16 88 0.00498851
16 89 0.004988
16 90 8.39299e-05
16 91 0.0
16 92 0.0307183
16 93 -0.0515055
16 94 0.0
16 95 -0.00246954
16 96 0.00641217
16 97 0.00641235
16 98 0.0
16 99 0.0
16 100 0.0
16 101 0.0
16 102 0.0
16 103 0.0
16 104 0.0
16 105 0.0
16 106 0.0
16 107 0.0
16 108 0.0
16 109 0.0
16 110 0.0
16 111 0.0
16 112 0.0
17 57 0.000387078
17 58 0.0251147
17 59 0.0405257
17 60 0.0
17 61 -5.03362e-05
17 62 0.00165242
17 63 0.0575289
17 64 0.0738512
17 65 0.0425988
17 66 -6.11281e-05
17 67 0.035805
17 68 0.355046
17 69 0.19363
17 70 0.327971
17 71 0.00106548
17 72 0.248363
17 73 0.999995
17 74 0.00284885
17 75 1.22515e-06
17 76 -9.45251e-05
17 77 0.0358065
17 78 0.355054
17 79 0.193634
17 80 -0.327976
17 81 0.00105735
17 82 0.00165215
17 83 0.0575235
17 84 0.0738443
17 85 -0.0425967
17 86 -6.39244e-05
17 87 0.00608892
17 88 0.0916399
17 89 0.0916331
17 90 0.00608858
17 91 0.0308581
17 92 0.330996
17 93 -0.334809
17 94 4.77071e-06
17 95 -0.0160531
17 96 0.109811
17 97 0.109813
17 98 0.0
17 99 0.000146423
17 100 0.000314871
17 101 0.0
17 102 0.0
17 103 0.0
17 104 1.6852e-06
17 105 3.98935e-06
17 106 0.0
17 107 0.0
17 108 0.0
17 109 1.6851e-06
17 110 3.98913e-06
17 111 0.0
17 112 0.0
18 57 -0.00103451
18 58 -0.0405257
18 59 -0.0607868
18 60 1.16801e-06
18 61 8.74982e-05
18 62 -0.00333477
18 63 -0.0738512
18 64 -0.0805223
18 65 -0.0602472
18 66 8.6453e-05
18 67 -0.0301965
18 68 -0.19363
18 69 0.0679842
18 70 -0.233206
18 71 -0.000757616
18 72 -0.00446562
18 73 -0.00284885
18 74 0.999971
18 75 0.0
18 76 0.0
18 77 -0.0301978
18 78 -0.193634
18 79 0.067988
18 80 0.233209
18 81 -0.000751837
18 82 -0.00333426
18 83 -0.0738443
18 84 -0.0805149
18 85 0.060244
18 86 9.04075e-05
18 87 -0.00785341
18 88 -0.0103935
18 89 -0.0103963
18 90 -0.00785281
18 91 0.0511637
18 92 0.387346
18 93 -0.319111
18 94 7.21464e-06
18 95 -0.0242768
18 96 0.125603
18 97 0.125604
18 98 0.0
18 99 -0.000354158
18 100 -0.000722509
18 101 0.0
18 102 0.0
18 103 0.0
18 104 -5.19569e-06
18 105 -1.18135e-05
18 106 2.68661e-06
18 107 0.0
18 108 0.0
18 109 -5.1954e-06
18 110 -1.18129e-05
18 111 -2.68651e-06
18 112 0.0
19 57 0.0
19 58 0.0
19 59 1.16801e-06
19 60 0.00965798
19 61 0.0
19 62 -0.00192356
19 63 -0.0425988
19 64 -0.0602472
19 65 -0.010827
19 66 4.98678e-05
19 67 -0.051147
19 68 -0.327971
19 69 -0.233206
19 70 -0.189338
19 71 -0.00128325
19 72 -1.92044e-06
19 73 -1.22515e-06
19 74 0.0
19 75 0.99999
19 76 0.0
19 77 0.051149
19 78 0.327976
19 79 0.233209
19 80 -0.189337
19 81 0.00127346
19 82 0.00192335
19 83 0.0425967
19 84 0.060244
19 85 -0.0108291
19 86 -5.2151e-05
19 87 -0.00640645
19 88 -0.118681
19 89 0.118673
19 90 0.00640635
19 91 0.0
19 92 -5.51931e-06
19 93 7.21464e-06
19 94 0.187213
19 95 0.0
19 96 -0.0596335
19 97 0.0596426
19 98 0.0
19 99 0.0
19 100 0.0
19 101 4.65303e-05
19 102 0.0
19 103 0.0
19 104 1.13242e-06
19 105 2.68661e-06
19 106 0.0
19 107 0.0
19 108 0.0
19 109 -1.13238e-06
19 110 -2.68651e-06
19 111 0.0
19 112 0.0
20 57 1.28495e-06
20 58 5.03362e-05
20 59 8.74982e-05
20 60 0.0
20 61 0.00965787
20 62 2.76026e-06
20 63 6.11281e-05
20 64 8.6453e-05
20 65 4.98678e-05
20 66 0.0239247
20 67 -0.000166161
20 68 -0.00106548
20 69 -0.000757616
20 70 -0.00128325
20 71 0.205662
20 72 0.00014817
20 73 9.45251e-05
20 74 0.0
20 75 0.0
20 76 0.99999
20 77 -0.000164898
20 78 -0.00105735
20 79 -0.000751837
20 80 0.00127346
20 81 0.205668
20 82 2.88635e-06
20 83 6.39244e-05
20 84 9.04075e-05
20 85 -5.2151e-05
20 86 0.0239222
20 87 8.83265e-06
20 88 -0.000172878
20 89 -0.000174959
20 90 9.4772e-06
20 91 0.00245315
20 92 0.0185721
20 93 -0.0242768
20 94 0.0
20 95 0.186049
20 96 -0.0103857
20 97 -0.0103456
20 98 0.0
20 99 0.0
20 100 0.0
20 101 0.0
20 102 4.65291e-05
20 103 0.0
20 104 0.0
20 105 0.0
20 106 0.0
20 107 0.0
20 108 0.0
20 109 0.0
20 110 0.0
20 111 0.0
20 112 0.0
21 57 0.0
21 58 0.00185688
21 59 0.00368552
21 60 0.00215918
21 61 -1.30243e-05
21 62 0.0
21 63 0.000386731
21 64 0.00051155
21 65 0.000898202
21 66 -2.06811e-06
21 67 0.0
21 68 0.00167217
21 69 -9.5605e-06
21 70 0.00389078
21 71 0.0
21 72 0.0
21 73 0.0358121
21 74 -0.0303289
21 75 0.0510821
21 76 -0.000166191
21 77 0.999253
21 78 0.248366
21 79 -0.00887547
21 80 -0.00272551
21 81 0.000103691
21 82 0.0
21 83 0.0383249
21 84 0.0635347
21 85 -8.01683e-05
21 86 -0.000260529
21 87 1.13336e-05
21 88 8.17628e-05
21 89 0.0609012
21 90 0.0054164
21 91 0.0
21 92 0.00061667
21 93 -0.0013795
21 94 0.000800482
21 95 -4.57991e-05
21 96 0.000112687
21 97 0.00142377
21 98 0.0
21 99 0.0
21 100 1.00687e-06
21 101 0.0
21 102 0.0
21 103 0.0
21 104 0.0
21 105 0.0
21 106 0.0
21 107 0.0
21 108 0.0
21 109 0.0
21 110 0.0
21 111 0.0
21 112 0.0
22 57 0.00185688
22 58 0.0615513
22 59 0.0780864
22 60 0.0457474
22 61 -0.000275949
22 62 0.000386731
22 63 0.025102
22 64 0.0200466
22 65 0.0351987
22 66 -8.10448e-05
22 67 0.00167217
22 68 0.0579258
22 69 -0.000210771
22 70 0.0857762
22 71 3.5328e-06
22 72 0.0358121
22 73 0.355086
22 74 -0.194456
22 75 0.327517
22 76 -0.00106555
22 77 0.248366
22 78 0.999978
22 79 -0.00566276
22 80 -0.00173894
22 81 6.61572e-05
22 82 0.0383249
22 83 0.369146
22 84 0.391129
22 85 -0.000493528
22 86 -0.00160385
22 87 0.00176789
22 88 0.00598955
22 89 0.485268
22 90 0.0972186
22 91 0.00130874
22 92 0.0423607
22 93 -0.0528542
22 94 0.0306697
22 95 -0.00175475
22 96 0.00732766
22 97 0.0382399
22 98 2.66179e-06
22 99 0.000971495
22 100 0.00177331
22 101 0.000611759
22 102 -4.67047e-06
22 103 0.0
22 104 8.07466e-05
22 105 0.000165483
22 106 6.17741e-06
22 107 0.0
22 108 0.0
22 109 5.89313e-06
22 110 1.19133e-05
22 111 6.54632e-06
22 112 0.0
23 57 -0.00368552
23 58 -0.0780864
23 59 -0.0836079
23 60 -0.0640914
23 61 0.000386601
23 62 -0.00051155
23 63 -0.0200466
23 64 -0.0075932
23 65 -0.0302811
23 66 6.9722e-05
23 67 9.5605e-06
23 68 0.000210771
23 69 0.0241071
23 70 0.000343934
23 71 0.0
23 72 0.0303289
23 73 0.194456
23 74 0.0668505
23 75 0.233855
23 76 -0.000760826
23 77 0.00887547
23 78 0.00566276
23 79 0.999882
23 80 -2.34021e-05
23 81 0.0
23 82 -0.0635347
23 83 -0.391129
23 84 -0.328203
23 85 0.000687324
23 86 0.00223365
23 87 -0.00158046
23 88 0.00155596
23 89 0.226423
23 90 -0.112554
23 91 0.00265564
23 92 0.0587952
23 93 -0.0631495
23 94 0.0464613
23 95 -0.00265826
23 96 0.00934652
23 97 0.0543486
23 98 -9.06401e-06
23 99 -0.0019817
23 100 -0.00338124
23 101 -0.00127613
23 102 9.74264e-06
23 103 0.0
23 104 -0.000213193
23 105 -0.000415592
23 106 -1.64479e-05
23 107 1.00406e-06
23 108 0.0
23 109 -1.54811e-05
23 110 -2.96007e-05
23 111 -1.72546e-05
23 112 0.0
24 57 -0.00215918
24 58 -0.0457474
24 59 -0.0640914
24 60 -0.0117582
24 61 0.000226492
24 62 -0.000898202
24 63 -0.0351987
24 64 -0.0302811
24 65 -0.0435161
24 66 0.000122421
24 67 -0.00389078
24 68 -0.0857762
24 69 0.000343934
24 70 -0.115861
24 71 -5.7648e-06
24 72 -0.0510821
24 73 -0.327517
24 74 0.233855
24 75 -0.188178
24 76 0.00128144
24 77 0.00272551
24 78 0.00173894
24 79 -2.34021e-05
24 80 0.999951
24 81 0.0
24 82 8.01683e-05
24 83 0.000493528
24 84 0.000687324
24 85 0.216512
24 86 -2.81842e-06
24 87 -0.00277091
24 88 -0.00985888
24 89 0.404974
24 90 0.0553597
24 91 -0.00154098
24 92 -0.034117
24 93 0.0464613
24 94 -0.0100409
24 95 0.0015425
24 96 -0.00757155
24 97 -0.00680843
24 98 -3.12691e-06
24 99 -0.000683649
24 100 -0.00127613
24 101 -0.000122341
24 102 3.36102e-06
24 103 0.0
24 104 -7.95841e-06
24 105 -1.64479e-05
24 106 2.44076e-05
24 107 0.0
24 108 0.0
24 109 -8.50683e-06
24 110 -1.72546e-05
24 111 -7.68128e-06
24 112 0.0
25 57 1.30243e-05
25 58 0.000275949
25 59 0.000386601
25 60 0.000226492
25 61 0.0257887
25 62 2.06811e-06
25 63 8.10448e-05
25 64 6.9722e-05
25 65 0.000122421
25 66 0.0096524
25 67 0.0
25 68 -3.5328e-06
25 69 0.0
25 70 -5.7648e-06
25 71 0.024108
25 72 0.000166191
25 73 0.00106555
25 74 -0.000760826
25 75 0.00128144
25 76 0.205693
25 77 -0.000103691
25 78 -6.61572e-05
25 79 0.0
25 80 0.0
25 81 0.999958
25 82 0.000260529
25 83 0.00160385
25 84 0.00223365
25 85 -2.81842e-06
25 86 0.216503
25 87 5.60711e-06
25 88 2.01329e-06
25 89 0.000276766
25 90 0.00041205
25 91 8.81665e-05
25 92 0.00195199
25 93 -0.00265826
25 94 0.0015425
25 95 0.0168308
25 96 -0.00054347
25 97 -0.0031476
25 98 0.0
25 99 5.21932e-06
25 100 9.74264e-06
25 101 3.36102e-06
25 102 0.000317874
25 103 0.0
25 104 0.0
25 105 1.00406e-06
25 106 0.0
25 107 2.50193e-05
25 108 0.0
25 109 0.0
25 110 0.0
25 111 0.0
25 112 1.79989e-06
26 57 0.0
26 58 0.0370318
26 59 0.0305407
26 60 0.053273
26 61 -7.21359e-05
26 62 0.0
26 63 0.00168
26 64 1.12349e-05
26 65 0.00390702
26 66 0.0
26 67 0.0
26 68 0.0003889
26 69 -0.000514045
26 70 0.000902898
26 71 2.14887e-06
26 72 0.0
26 73 0.00171527
26 74 -0.00344553
26 75 0.00199235
26 76 2.84281e-06
26 77 1.01639e-06
26 78 0.0384189
26 79 -0.0636898
26 80 -0.000134949
26 81 0.000264849
26 82 0.998911
26 83 0.248368
26 84 0.0103911
26 85 -0.00421704
26 86 8.86181e-06
26 87 8.40525e-05
26 88 1.13781e-05
26 89 0.0055363
26 90 0.060769
26 91 0.0
26 92 0.0
26 93 -1.38939e-06
26 94 0.0
26 95 0.0
26 96 0.0
26 97 7.01592e-06
26 98 0.0
26 99 0.000505813
26 100 0.00115835
26 101 0.000655842
26 102 -1.94008e-06
26 103 0.0
26 104 1.37625e-05
26 105 4.57199e-05
26 106 2.53972e-06
26 107 0.0
26 108 0.0
26 109 0.0
26 110 0.0
26 111 0.0
26 112 0.0
27 57 0.0370318
27 58 0.361975
27 59 0.191955
27 60 0.334833
27 61 -0.000453392
27 62 0.00168
27 63 0.0580826
27 64 0.000247245
27 65 0.0859814
27 66 3.04297e-06
27 67 0.0003889
27 68 0.0251813
27 69 -0.0200988
27 70 0.0353027
27 71 8.40194e-05
27 72 0.00171527
27 73 0.0587855
27 74 -0.0752293
27 75 0.0435008
27 76 6.20695e-05
27 77 0.0384189
27 78 0.369662
27 79 -0.391498
27 80 -0.000829526
27 81 0.00162801
27 82 0.248368
27 83 0.999968
27 84 0.00663018
27 85 -0.00269075
27 86 5.65442e-06
27 87 0.00609415
27 88 0.00177211
27 89 0.0987625
27 90 0.484735
27 91 3.48569e-06
27 92 0.00114021
27 93 -0.00205764
27 94 0.000719457
27 95 -3.78311e-05
27 96 0.000287571
27 97 0.00132032
27 98 0.0011169
27 99 0.0383101
27 100 0.0486374
27 101 0.0275378
27 102 -8.14611e-05
27 103 0.000256177
27 104 0.0109568
27 105 0.0165271
27 106 0.000918073
27 107 -2.24384e-05
27 108 4.61866e-06
27 109 0.000751572
27 110 0.00105506
27 111 0.000868455
27 112 -1.50941e-06
28 57 -0.0305407
28 58 -0.191955
28 59 0.0777209
28 60 -0.232429
28 61 0.000314728
28 62 -1.12349e-05
28 63 -0.000247245
28 64 0.0241793
28 65 -0.000403363
28 66 0.0
28 67 0.000514045
28 68 0.0200988
28 69 -0.00759675
28 70 0.0303559
28 71 7.2246e-05
28 72 0.00344553
28 73 0.0752293
28 74 -0.0816382
28 75 0.0613768
28 76 8.75761e-05
28 77 0.0636898
28 78 0.391498
28 79 -0.328229
28 80 -0.00115508
28 81 0.00226693
28 82 -0.0103911
28 83 -0.00663018
28 84 0.999835
28 85 4.2397e-05
28 86 0.0
28 87 -0.00162633
28 88 0.00157272
28 89 0.113726
28 90 -0.232061
28 91 1.17014e-05
28 92 0.00229795
28 93 -0.00387286
28 94 0.0014851
28 95 -7.8091e-05
28 96 0.000510628
28 97 0.00241597
28 98 -0.00231998
28 99 -0.0540632
28 100 -0.0595409
28 101 -0.0422916
28 102 0.000125105
28 103 -0.000690921
28 104 -0.0206304
28 105 -0.0289662
28 106 -0.00182219
28 107 4.45358e-05
28 108 -1.24495e-05
28 109 -0.0013407
28 110 -0.00167882
28 111 -0.00157933
28 112 2.74494e-06
29 57 -0.053273
29 58 -0.334833
29 59 -0.232429
29 60 -0.194464
29 61 0.00054899
29 62 -0.00390702
29 63 -0.0859814
29 64 -0.000403363
29 65 -0.116092
29 66 -4.9644e-06
29 67 -0.000902898
29 68 -0.0353027
29 69 0.0303559
29 70 -0.0436331
29 71 -0.000126897
29 72 -0.00199235
29 73 -0.0435008
29 74 0.0613768
29 75 -0.0109852
29 76 -5.06402e-05
29 77 0.000134949
29 78 0.000829526
29 79 -0.00115508
29 80 0.216911
29 81 4.8033e-06
29 82 0.00421704
29 83 0.00269075
29 84 4.2397e-05
29 85 0.999922
29 86 0.0
29 87 -0.0100119
29 88 -0.00278352
29 89 0.0568953
29 90 0.401395
29 91 -4.09142e-06
29 92 -0.000803482
29 93 0.0014851
29 94 -0.000144744
29 95 2.73046e-05
29 96 -0.000270148
29 97 -0.000197094
29 98 -0.00131354
29 99 -0.0306098
29 100 -0.0422916
29 101 -0.00879028
29 102 7.08327e-05
29 103 -3.83804e-05
29 104 -0.00114601
29 105 -0.00182219
29 106 0.00373557
29 107 2.47395e-06
29 108 -1.02476e-05
29 109 -0.00110358
29 110 -0.00157933
29 111 -0.00106014
29 112 2.25945e-06
30 57 7.21359e-05
30 58 0.000453392
30 59 0.000314728
30 60 0.00054899
30 61 0.210969
30 62 0.0
30 63 -3.04297e-06
30 64 0.0
30 65 -4.9644e-06
30 66 0.0241804
30 67 -2.14887e-06
30 68 -8.40194e-05
30 69 7.2246e-05
30 70 -0.000126897
30 71 0.00968539
30 72 -2.84281e-06
30 73 -6.20695e-05
30 74 8.75761e-05
30 75 -5.06402e-05
30 76 0.0245054
30 77 -0.000264849
30 78 -0.00162801
30 79 0.00226693
30 80 4.8033e-06
30 81 0.216904
30 82 -8.86181e-06
30 83 -5.65442e-06
30 84 0.0
30 85 0.0
30 86 0.999939
30 87 3.40822e-06
30 88 -4.10702e-06
30 89 -0.000299276
30 90 0.000578504
30 91 0.0
30 92 4.22494e-05
30 93 -7.8091e-05
30 94 2.73046e-05
30 95 0.000373088
30 96 -2.0131e-05
30 97 -9.48809e-05
30 98 3.88566e-06
30 99 9.05486e-05
30 100 0.000125105
30 101 7.08327e-05
30 102 0.0151544
30 103 0.0
30 104 2.80094e-05
30 105 4.45358e-05
30 106 2.47395e-06
30 107 0.00383673
30 108 0.0
30 109 1.91806e-06
30 110 2.74494e-06
30 111 2.25945e-06
30 112 0.000239856
31 57 0.0051113
31 58 0.0932521
31 59 0.00800198
31 60 -0.120696
31 61 -2.94726e-05
31 62 0.0610661
31 63 0.485932
31 64 -0.231592
31 65 -0.402504
31 66 0.000510035
31 67 0.00529258
31 68 0.0956155
31 69 -0.111041
31 70 -0.0543495
31 71 0.000395713
31 72 8.32281e-05
31 73 0.00605661
31 74 -0.00781251
31 75 -0.00637735
31 76 8.38845e-06
31 77 1.09058e-05
31 78 0.00172688
31 79 -0.00155066
31 80 -0.00270797
31 81 5.50174e-06
31 82 8.25496e-05
31 83 0.00602561
31 84 -0.00159819
31 85 -0.0099088
31 86 3.28523e-06
31 87 0.999981
31 88 0.0518425
31 89 0.00010502
31 90 0.000710827
31 91 0.0
31 92 0.000103449
31 93 -0.000180866
31 94 -9.72851e-05
31 95 -2.81878e-06
31 96 0.000243004
31 97 2.27216e-05
31 98 0.000888872
31 99 0.0234741
31 100 0.0192908
31 101 -0.0262353
31 102 -3.00074e-05
31 103 5.77493e-06
31 104 0.00046836
31 105 0.000444263
31 106 -0.000648112
31 107 0.0
31 108 0.00137873
31 109 0.0265862
31 110 0.0292902
31 111 -0.0146293
31 112 -3.75997e-05
32 57 9.36558e-05
32 58 0.00652232
32 59 0.00830104
32 60 -0.00691664
32 61 -2.16547e-05
32 62 0.0054682
32 63 0.0978866
32 64 0.112944
32 65 -0.0562631
32 66 -0.000298605
32 67 0.0614079
32 68 0.487302
32 69 0.224785
32 70 -0.407291
32 71 0.00026766
32 72 0.00496866
32 73 0.0913783
32 74 -0.0102544
32 75 -0.118395
32 76 -0.000186689
32 77 8.097e-05
32 78 0.00595309
32 79 0.00152564
32 80 -0.00980635
32 81 1.72909e-06
32 82 1.10258e-05
32 83 0.00173844
32 84 0.00154675
32 85 -0.00273275
32 86 -4.15385e-06
32 87 0.0523292
32 88 0.999996
32 89 0.000680921
32 90 0.000105939
32 91 0.00092095
32 92 0.0240806
32 93 -0.0194405
32 94 -0.0270583
32 95 -0.000859371
32 96 0.0547543
32 97 0.00362568
32 98 0.0
32 99 9.28708e-05
32 100 0.000163448
32 101 -8.75541e-05
32 102 0.0
32 103 0.0
32 104 0.0
32 105 0.0
32 106 0.0
32 107 0.0
32 108 0.0
32 109 1.69292e-05
32 110 3.27451e-05
32 111 -7.78856e-06
32 112 0.0
33 57 9.36837e-05
33 58 0.00652354
33 59 0.00830244
33 60 0.00691788
33 61 -2.17858e-05
33 62 1.10279e-05
33 63 0.00173865
33 64 0.00154686
33 65 0.00273307
33 66 -4.12191e-06
33 67 8.09489e-05
33 68 0.00595212
33 69 0.0015252
33 70 0.00980489
33 71 1.70114e-06
33 72 0.00496779
33 73 0.0913668
33 74 -0.0102567
33 75 0.118381
33 76 -0.000188833
33 77 0.0614037
33 78 0.487285
33 79 0.224741
33 80 0.407304
33 81 0.000237767
33 82 0.00546888
33 83 0.0978953
33 84 0.112952
33 85 0.0562687
33 86 -0.000305694
33 87 0.000105952
33 88 0.000680874
33 89 0.999996
33 90 0.0523406
33 91 0.000920594
33 92 0.0240739
33 93 -0.0194355
33 94 0.0270514
33 95 -0.00085961
33 96 0.00362546
33 97 0.0547569
33 98 0.0
33 99 9.28845e-05
33 100 0.000163469
33 101 8.75687e-05
33 102 0.0
33 103 0.0
33 104 1.69331e-05
33 105 3.27522e-05
33 106 7.79094e-06
33 107 0.0
33 108 0.0
33 109 0.0
33 110 0.0
33 111 0.0
33 112 0.0
34 57 0.00511142
34 58 0.0932537
34 59 0.00800546
34 60 0.120698
34 61 -1.72598e-05
34 62 8.25453e-05
34 63 0.00602541
34 64 -0.00159801
34 65 0.00990852
34 66 4.16154e-06
34 67 1.09033e-05
34 68 0.00172664
34 69 -0.00155038
34 70 0.00270766
34 71 5.70058e-06
34 72 8.32262e-05
34 73 0.00605652
34 74 -0.00781221
34 75 0.00637749
34 76 9.03364e-06
34 77 0.00529265
34 78 0.0956164
34 79 -0.11104
34 80 0.0543556
34 81 0.000406543
34 82 0.0610689
34 83 0.485943
34 84 -0.231567
34 85 0.402526
34 86 0.000569073
34 87 0.000710852
34 88 0.000105006
34 89 0.0518548
34 90 0.999982
34 91 0.0
34 92 0.000103449
34 93 -0.000180863
34 94 9.72902e-05
34 95 -2.80893e-06
34 96 2.27239e-05
34 97 0.000243073
34 98 0.00088863
34 99 0.0234695
34 100 0.0192874
34 101 0.0262305
34 102 -2.73469e-05
34 103 0.00137836
34 104 0.0265807
34 105 0.0292843
34 106 0.0146273
34 107 -3.20191e-05
34 108 5.77175e-06
34 109 0.000468175
34 110 0.000444098
34 111 0.00064787
34 112 0.0
35 57 0.0
35 58 0.0
35 59 0.0
35 60 0.0
35 61 0.0
35 62 0.0
35 63 3.31633e-06
35 64 1.11595e-05
35 65 3.90138e-06
35 66 0.0
35 67 0.0
35 68 0.00132418
35 69 0.00268111
35 70 0.00156153
35 71 8.70728e-05
35 72 0.0
35 73 0.0305419
35 74 0.0506417
35 75 0.0
35 76 0.00235167
35 77 0.0
35 78 0.00132416
35 79 0.00268105
35 80 -0.00156153
35 81 8.70322e-05
35 82 0.0
35 83 3.31546e-06
35 84 1.11566e-05
35 85 -3.90068e-06
35 86 0.0
35 87 0.0
35 88 0.000924693
35 89 0.0009244
35 90 0.0
35 91 0.999869
35 92 0.235039
35 93 0.00222304
35 94 0.0
35 95 -0.0029004
35 96 0.0534755
35 97 0.0534758
35 98 0.0
35 99 0.0
35 100 0.0
35 101 0.0
35 102 0.0
35 103 0.0
35 104 0.0
35 105 0.0
35 106 0.0
35 107 0.0
35 108 0.0
35 109 0.0
35 110 0.0
35 111 0.0
35 112 0.0
36 57 0.0
36 58 0.000196378
36 59 0.000467127
36 60 0.0
36 61 6.77017e-06
36 62 0.0
36 63 0.00110696
36 64 0.00223535
36 65 0.00078148
36 66 3.99215e-05
36 67 0.000625784
36 68 0.0426776
36 69 0.0591359
36 70 0.034442
36 71 0.00192052
36 72 0.0303445
36 73 0.328857
36 74 0.385549
36 75 -5.22481e-06
36 76 0.017904
36 77 0.000625768
36 78 0.0426771
36 79 0.0591349
36 80 -0.0344422
36 81 0.00191964
36 82 0.0
36 83 0.00110679
36 84 0.002235
36 85 -0.000781421
36 86 3.98638e-05
36 87 0.000104677
36 88 0.024151
36 89 0.0241455
36 90 0.00010467
36 91 0.235039
36 92 0.999996
36 93 0.0014517
36 94 0.0
36 95 -0.00189404
36 96 0.471887
36 97 0.471888
36 98 0.0
36 99 0.0
36 100 0.0
36 101 0.0
36 102 0.0
36 103 0.0
36 104 0.0
36 105 0.0
36 106 0.0
36 107 0.0
36 108 0.0
36 109 0.0
36 110 0.0
36 111 0.0
36 112 0.0
37 57 0.0
37 58 -0.000415653
37 59 -0.00093717
37 60 0.0
37 61 -1.44899e-05
37 62 -1.30884e-06
37 63 -0.00200134
37 64 -0.00377475
37 65 -0.00144668
37 66 -7.39029e-05
37 67 -0.00139682
37 68 -0.0531573
37 69 -0.0633527
37 70 -0.0468329
37 71 -0.00261145
37 72 -0.0509217
37 73 -0.33332
37 74 -0.318741
37 75 6.83513e-06
37 76 -0.0234221
37 77 -0.00139678
37 78 -0.0531564
37 79 -0.0633512
37 80 0.046833
37 81 -0.00261024
37 82 -1.30842e-06
37 83 -0.00200103
37 84 -0.00377417
37 85 0.00144657
37 86 -7.37961e-05
37 87 -0.000182918
37 88 -0.0195051
37 89 -0.0195011
37 90 -0.000182903
37 91 -0.00222304
37 92 -0.0014517
37 93 0.999988
37 94 0.0
37 95 6.5346e-06
37 96 0.205184
37 97 0.205178
37 98 0.0
37 99 0.0
37 100 0.0
37 101 0.0
37 102 0.0
37 103 0.0
37 104 0.0
37 105 0.0
37 106 0.0
37 107 0.0
37 108 0.0
37 109 0.0
37 110 0.0
37 111 0.0
37 112 0.0
38 57 0.0
38 58 0.0
38 59 0.0
38 60 6.25977e-05
38 61 0.0
38 62 0.0
38 63 -0.000699672
38 64 -0.00144668
38 65 -0.00014242
38 66 -2.58366e-05
38 67 -0.000813537
38 68 -0.0309599
38 69 -0.0468329
38 70 -0.0102183
38 71 -0.00152096
38 72 0.0
38 73 4.51701e-06
38 74 6.83513e-06
38 75 0.185638
38 76 0.0
38 77 0.000813533
38 78 0.0309601
38 79 0.046833
38 80 -0.0102192
38 81 0.00152029
38 82 0.0
38 83 0.000699619
38 84 0.00144657
38 85 -0.000142479
38 86 2.58012e-05
38 87 -9.83514e-05
38 88 -0.0271218
38 89 0.027116
38 90 9.8351e-05
38 91 0.0
38 92 0.0
38 93 0.0
38 94 0.999993
38 95 0.0
38 96 -0.363143
38 97 0.363208
38 98 0.0
38 99 0.0
38 100 0.0
38 101 0.0
38 102 0.0
38 103 0.0
38 104 0.0
38 105 0.0
38 106 0.0
38 107 0.0
38 108 0.0
38 109 0.0
38 110 0.0
38 111 0.0
38 112 0.0
39 57 0.0
39 58 -6.02416e-06
39 59 -1.44899e-05
39 60 0.0
39 61 6.23877e-05
39 62 0.0
39 63 -3.57423e-05
39 64 -7.39029e-05
39 65 -2.58366e-05
39 66 0.000362022
39 67 -4.53637e-05
39 68 -0.00172636
39 69 -0.00261145
39 70 -0.00152096
39 71 0.0169733
39 72 -0.00236468
39 73 -0.0154785
39 74 -0.0234221
39 75 0.0
39 76 0.184551
39 77 -4.53423e-05
39 78 -0.00172556
39 79 -0.00261024
39 80 0.00152029
39 81 0.0169731
39 82 0.0
39 83 -3.56907e-05
39 84 -7.37961e-05
39 85 2.58012e-05
39 86 0.000361968
39 87 -2.77075e-06
39 88 -0.000837971
39 89 -0.000838244
39 90 -2.76066e-06
39 91 0.0029004
39 92 0.00189404
39 93 6.5346e-06
39 94 0.0
39 95 0.999985
39 96 -0.0893351
39 97 -0.0890894
39 98 0.0
39 99 0.0
39 100 0.0
39 101 0.0
39 102 0.0
39 103 0.0
39 104 0.0
39 105 0.0
39 106 0.0
39 107 0.0
39 108 0.0
39 109 0.0
39 110 0.0
39 111 0.0
39 112 0.0
40 57 0.0
40 58 0.000142069
40 59 0.000292017
40 60 -5.29216e-05
40 61 -9.1963e-06
40 62 7.66922e-06
40 63 0.00139371
40 64 0.00253905
40 65 0.00024128
40 66 -9.27865e-05
40 67 0.00155935
40 68 0.0406783
40 69 0.0573055
40 70 0.00840614
40 71 -0.00310375
40 72 0.00717772
40 73 0.119171
40 74 0.135845
40 75 -0.0618895
40 76 -0.0105069
40 77 0.000141161
40 78 0.00844884
40 79 0.0107046
40 80 -0.00859997
40 81 -0.000579905
40 82 0.0
40 83 0.000328257
40 84 0.00058057
40 85 -0.000302272
40 86 -2.12279e-05
40 87 0.000257965
40 88 0.054964
40 89 0.00418783
40 90 2.74556e-05
40 91 0.0612602
40 92 0.507514
40 93 0.214173
40 94 -0.380311
40 95 -0.0942124
40 96 0.996905
40 97 0.180386
40 98 0.0
40 99 0.0
40 100 0.0
40 101 0.0
40 102 0.0
40 103 0.0
40 104 0.0
40 105 0.0
40 106 0.0
40 107 0.0
40 108 0.0
40 109 0.0
40 110 0.0
40 111 0.0
40 112 0.0
41 57 0.0
41 58 0.00014208
41 59 0.000292038
41 60 5.29273e-05
41 61 -9.16067e-06
41 62 0.0
41 63 0.000328274
41 64 0.000580596
41 65 0.000302296
41 66 -2.11324e-05
41 67 0.00014113
41 68 0.00844767
41 69 0.010703
41 70 0.00859928
41 71 -0.000577282
41 72 0.0071777
41 73 0.11917
41 74 0.135844
41 75 0.0618984
41 76 -0.0104644
41 77 0.00155966
41 78 0.0406838
41 79 0.0573136
41 80 -0.00840436
41 81 -0.00309197
41 82 7.66988e-06
41 83 0.00139378
41 84 0.00253919
41 85 -0.000241254
41 86 -9.2472e-05
41 87 2.74534e-05
41 88 0.00418776
41 89 0.0549675
41 90 0.000258021
41 91 0.0612589
41 92 0.507508
41 93 0.214165
41 94 0.380377
41 95 -0.0939499
41 96 0.180383
41 97 0.996906
41 98 0.0
41 99 0.0
41 100 0.0
41 101 0.0
41 102 0.0
41 103 0.0
41 104 0.0
41 105 0.0
41 106 0.0
41 107 0.0
41 108 0.0
41 109 0.0
41 110 0.0
41 111 0.0
41 112 0.0
42 57 0.0
42 58 0.0240547
42 59 -0.0400996
42 60 0.0
42 61 5.33775e-05
42 62 0.0
42 63 0.00104737
42 64 -0.00219332
42 65 0.0012345
42 66 3.74415e-06
42 67 0.0
42 68 2.24302e-06
42 69 -7.70424e-06
42 70 2.63893e-06
42 71 0.0
42 72 0.0
42 73 0.0
42 74 0.0
42 75 0.0
42 76 0.0
42 77 0.0
42 78 2.24309e-06
42 79 -7.70448e-06
42 80 -2.63893e-06
42 81 0.0
42 82 0.0
42 83 0.00104734
42 84 -0.00219326
42 85 -0.00123451
42 86 3.66285e-06
42 87 0.000846485
42 88 0.0
42 89 0.0
42 90 0.000846251
42 91 0.0
42 92 0.0
42 93 0.0
42 94 0.0
42 95 0.0
42 96 0.0
42 97 0.0
42 98 0.984163
42 99 0.235131
42 100 -0.0404463
42 101 2.12e-06
42 102 2.16892e-05
42 103 0.0
42 104 0.0271988
42 105 0.0224712
42 106 -0.0400928
42 107 -5.56364e-06
42 108 0.0
42 109 0.0271955
42 110 0.0224683
42 111 0.0400885
42 112 -1.31845e-05
43 57 0.0228053
43 58 0.282391
43 59 -0.344371
43 60 -8.52036e-06
43 61 0.0004584
43 62 0.000466756
43 63 0.0367834
43 64 -0.0521928
43 65 0.0293765
43 66 8.90966e-05
43 67 0.0
43 68 0.00087769
43 69 -0.00180352
43 70 0.000617759
43 71 4.7666e-06
43 72 0.0
43 73 0.000134656
43 74 -0.000327217
43 75 0.0
43 76 0.0
43 77 0.0
43 78 0.000877706
43 79 -0.00180356
43 80 -0.000617752
43 81 4.75132e-06
43 82 0.000466743
43 83 0.0367828
43 84 -0.0521916
43 85 -0.0293769
43 86 8.71625e-05
43 87 0.0226645
43 88 8.59054e-05
43 89 8.59214e-05
43 90 0.0226601
43 91 0.0
43 92 0.0
43 93 0.0
43 94 0.0
43 95 0.0
43 96 0.0
43 97 0.0
43 98 0.235131
43 99 0.999556
43 100 -0.0264899
43 101 1.38847e-06
43 102 1.42051e-05
43 103 0.0297409
43 104 0.321035
43 105 0.158511
43 106 -0.282812
43 107 -3.92456e-05
43 108 0.0297379
43 109 0.321015
43 110 0.158501
43 111 0.282801
43 112 -9.30087e-05
44 57 0.0391977
44 58 0.298996
44 59 -0.305605
44 60 -1.13374e-05
44 61 0.00060996
44 62 0.00107765
44 63 0.0469679
44 64 -0.0579483
44 65 0.0407747
44 66 0.000123667
44 67 0.0
44 68 0.00161321
44 69 -0.00310017
44 70 0.00116005
44 71 8.95091e-06
44 72 0.0
44 73 0.000290853
44 74 -0.000670681
44 75 0.0
44 76 0.0
44 77 0.0
44 78 0.00161324
44 79 -0.00310024
44 80 -0.00116004
44 81 8.92224e-06
44 82 0.00107762
44 83 0.0469668
44 84 -0.0579463
44 85 -0.0407751
44 86 0.000120981
44 87 0.0189124
44 88 0.000152036
44 89 0.000152063
44 90 0.018909
44 91 0.0
44 92 0.0
44 93 0.0
44 94 0.0
44 95 0.0
44 96 0.0
44 97 0.0
44 98 0.0404463
44 99 0.0264899
44 100 0.997499
44 101 0.0
44 102 0.0
44 103 -0.0241376
44 104 -0.186989
44 105 0.0609799
44 106 0.211968
44 107 2.94147e-05
44 108 -0.0241348
44 109 -0.186977
44 110 0.0609738
44 111 -0.211957
44 112 6.97094e-05
45 57 0.0
45 58 7.3977e-06
45 59 -1.13374e-05
45 60 0.152625
45 61 0.0
45 62 -0.000606553
45 63 -0.0264356
45 64 0.0407747
45 65 -0.00845426
45 66 -6.96052e-05
45 67 0.0
45 68 -0.000552573
45 69 0.00116005
45 70 -0.000110799
45 71 -3.06595e-06
45 72 0.0
45 73 0.0
45 74 0.0
45 75 4.27564e-05
45 76 0.0
45 77 0.0
45 78 0.000552566
45 79 -0.00116004
45 80 -0.000110778
45 81 3.05603e-06
45 82 0.000606555
45 83 0.0264361
45 84 -0.0407751
45 85 -0.0084556
45 86 6.80964e-05
45 87 -0.0252405
45 88 -8.08632e-05
45 89 8.08791e-05
45 90 0.025236
45 91 0.0
45 92 0.0
45 93 0.0
45 94 0.0
45 95 0.0
45 96 0.0
45 97 0.0
45 98 -2.12e-06
45 99 -1.38847e-06
45 100 0.0
45 101 0.999166
45 102 0.0
45 103 0.043066
45 104 0.333623
45 105 0.211968
45 106 -0.198407
45 107 -5.24812e-05
45 108 -0.0430619
45 109 -0.333609
45 110 -0.211957
45 111 -0.198411
45 112 0.000124377
46 57 -5.21769e-05
46 58 -0.000398
46 59 0.00060996
46 60 0.0
46 61 0.152624
46 62 -1.83963e-06
46 63 -8.01773e-05
46 64 0.000123667
46 65 -6.96052e-05
46 66 0.0144954
46 67 0.0
46 68 -4.26363e-06
46 69 8.95091e-06
46 70 -3.06595e-06
46 71 0.000286529
46 72 0.0
46 73 0.0
46 74 0.0
46 75 0.0
46 76 4.27553e-05
46 77 0.0
46 78 -4.24996e-06
46 79 8.92224e-06
46 80 3.05603e-06
46 81 0.000286535
46 82 -1.79967e-06
46 83 -7.84369e-05
46 84 0.000120981
46 85 6.80964e-05
46 86 0.0144952
46 87 -2.86538e-05
46 88 0.0
46 89 0.0
46 90 -2.61066e-05
46 91 0.0
46 92 0.0
46 93 0.0
46 94 0.0
46 95 0.0
46 96 0.0
46 97 0.0
46 98 -2.16892e-05
46 99 -1.42051e-05
46 100 0.0
46 101 0.0
46 102 0.999166
46 103 5.97623e-06
46 104 4.62966e-05
46 105 2.94147e-05
46 106 -5.24812e-05
46 107 0.179784
46 108 1.41624e-05
46 109 0.000109719
46 110 6.97094e-05
46 111 0.000124377
46 112 0.179769
47 57 0.0
47 58 0.00158443
47 59 -0.00318544
47 60 0.00162158
47 61 3.25327e-06
47 62 0.0
47 63 5.18805e-06
47 64 -1.38931e-05
47 65 1.14557e-05
47 66 0.0
47 67 0.0
47 68 0.0
47 69 0.0
47 70 0.0
47 71 0.0
47 72 0.0
47 73 0.0
47 74 0.0
47 75 0.0
47 76 0.0
47 77 0.0
47 78 0.0
47 79 0.0
47 80 0.0
47 81 0.0
47 82 0.0
47 83 0.000275696
47 84 -0.000738718
47 85 -4.57599e-05
47 86 1.00906e-06
47 87 6.25455e-06
47 88 0.0
47 89 0.0
47 90 0.00138324
47 91 0.0
47 92 0.0
47 93 0.0
47 94 0.0
47 95 0.0
47 96 0.0
47 97 0.0
47 98 0.0
47 99 0.030163
47 100 -0.0251491
47 101 0.0432971
47 102 6.3135e-06
47 103 0.989317
47 104 0.236766
47 105 0.0209837
47 106 -0.026016
47 107 -1.47375e-05
47 108 0.0
47 109 0.000434742
47 110 6.0288e-06
47 111 0.00114811
47 112 0.0
48 57 0.000260183
48 58 0.0385072
48 59 -0.0577112
48 60 0.0293784
48 61 5.894e-05
48 62 0.0
48 63 0.00081143
48 64 -0.00143906
48 65 0.00118659
48 66 2.00765e-06
48 67 0.0
48 68 6.1871e-06
48 69 -1.62343e-05
48 70 8.88506e-06
48 71 0.0
48 72 0.0
48 73 1.8326e-06
48 74 -5.63414e-06
48 75 1.21563e-06
48 76 0.0
48 77 0.0
48 78 8.22803e-05
48 79 -0.000216989
48 80 -8.92568e-06
48 81 0.0
48 82 1.54913e-05
48 83 0.0115179
48 84 -0.0215862
48 85 -0.00133716
48 86 2.94858e-05
48 87 0.000495993
48 88 0.0
48 89 1.74177e-05
48 90 0.0266545
48 91 0.0
48 92 0.0
48 93 0.0
48 94 0.0
48 95 0.0
48 96 0.0
48 97 0.0
48 98 0.0276719
48 99 0.323937
48 100 -0.19337
48 101 0.33291
48 102 4.85443e-05
48 103 0.236766
48 104 0.999699
48 105 0.0136882
48 106 -0.0169709
48 107 -9.61365e-06
48 108 0.000434742
48 109 0.0277544
48 110 0.000232988
48 111 0.0443696
48 112 -4.40881e-06
49 57 0.000645203
49 58 0.0459331
49 59 -0.0601429
49 60 0.0381397
49 61 7.65172e-05
49 62 0.0
49 63 0.00113312
49 64 -0.00179045
49 65 0.00169019
49 66 2.8597e-06
49 67 0.0
49 68 1.24942e-05
49 69 -3.10049e-05
49 70 1.80035e-05
49 71 0.0
49 72 0.0
49 73 4.32654e-06
49 74 -1.27734e-05
49 75 2.87638e-06
49 76 0.0
49 77 0.0
49 78 0.000168444
49 79 -0.000422501
49 80 -1.84282e-05
49 81 1.02887e-06
49 82 5.11325e-05
49 83 0.0172943
49 84 -0.0301554
49 85 -0.00211852
49 86 4.67157e-05
49 87 0.000469408
49 88 0.0
49 89 3.36241e-05
49 90 0.0292773
49 91 0.0
49 92 0.0
49 93 0.0
49 94 0.0
49 95 0.0
49 96 0.0
49 97 0.0
49 98 0.0234566
49 99 0.163871
49 100 0.055814
49 101 0.217071
49 102 3.16528e-05
49 103 -0.0209837
49 104 -0.0136882
49 105 0.99899
49 106 0.000551867
49 107 0.0
49 108 -6.0288e-06
49 109 -0.000232988
49 110 0.0107598
49 111 -0.000402155
49 112 0.0
50 57 -0.000328447
50 58 -0.0233827
50 59 0.0381397
50 60 -0.00463643
50 61 -3.89518e-05
50 62 0.0
50 63 -0.000934324
50 64 0.00169019
50 65 -0.00113431
50 66 -2.358e-06
50 67 0.0
50 68 -6.8381e-06
50 69 1.80035e-05
50 70 -7.96319e-06
50 71 0.0
50 72 0.0
50 73 0.0
50 74 2.87638e-06
50 75 0.0
50 76 0.0
50 77 0.0
50 78 6.92883e-06
50 79 -1.84282e-05
50 80 2.47429e-05
50 81 0.0
50 82 3.1674e-06
50 83 0.0010713
50 84 -0.00211852
50 85 0.00391343
50 86 2.89381e-06
50 87 -0.000683616
50 88 0.0
50 89 8.1017e-06
50 90 0.0148241
50 91 0.0
50 92 0.0
50 93 0.0
50 94 0.0
50 95 0.0
50 96 0.0
50 97 0.0
50 98 -0.0403833
50 99 -0.282124
50 100 0.217071
50 101 -0.191814
50 102 -5.44941e-05
50 103 0.026016
50 104 0.0169709
50 105 0.000551867
50 106 0.998751
50 107 0.0
50 108 -0.00114811
50 109 -0.0443696
50 110 -0.000402155
50 111 -0.0658234
50 112 7.60995e-06
51 57 0.0
51 58 -4.69112e-05
51 59 7.65172e-05
51 60 -3.89518e-05
51 61 0.0147789
51 62 0.0
51 63 -1.58082e-06
51 64 2.8597e-06
51 65 -2.358e-06
51 66 0.000259354
51 67 0.0
51 68 0.0
51 69 0.0
51 70 0.0
51 71 1.88999e-06
51 72 0.0
51 73 0.0
51 74 0.0
51 75 0.0
51 76 0.0
51 77 0.0
51 78 0.0
51 79 1.02887e-06
51 80 0.0
51 81 2.54986e-05
51 82 0.0
51 83 -2.36233e-05
51 84 4.67157e-05
51 85 2.89381e-06
51 86 0.00404459
51 87 0.0
51 88 0.0
51 89 0.0
51 90 -3.1574e-05
51 91 0.0
51 92 0.0
51 93 0.0
51 94 0.0
51 95 0.0
51 96 0.0
51 97 0.0
51 98 -5.88861e-06
51 99 -4.11388e-05
51 100 3.16528e-05
51 101 -5.44941e-05
51 102 0.181899
51 103 1.47375e-05
51 104 9.61365e-06
51 105 0.0
51 106 0.0
51 107 0.999435
51 108 0.0
51 109 4.40881e-06
51 110 0.0
51 111 7.60995e-06
51 112 0.0107619
52 57 0.0
52 58 0.00158408
52 59 -0.00318476
52 60 -0.0016214
52 61 3.56099e-06
52 62 0.0
52 63 0.000275672
52 64 -0.00073866
52 65 4.57345e-05
52 66 1.08409e-06
52 67 0.0
52 68 0.0
52 69 0.0
52 70 0.0
52 71 0.0
52 72 0.0
52 73 0.0
52 74 0.0
52 75 0.0
52 76 0.0
52 77 0.0
52 78 0.0
52 79 0.0
52 80 0.0
52 81 0.0
52 82 0.0
52 83 5.18671e-06
52 84 -1.38895e-05
52 85 -1.14531e-05
52 86 0.0
52 87 0.00138358
52 88 0.0
52 89 0.0
52 90 6.25092e-06
52 91 0.0
52 92 0.0
52 93 0.0
52 94 0.0
52 95 0.0
52 96 0.0
52 97 0.0
52 98 0.0
52 99 0.0301599
52 100 -0.0251461
52 101 -0.0432929
52 102 1.45484e-05
52 103 0.0
52 104 0.000434737
52 105 6.01918e-06
52 106 -0.0011481
52 107 0.0
52 108 0.989321
52 109 0.236766
52 110 0.0209792
52 111 0.0260118
52 112 -1.9461e-05
53 57 0.000260092
53 58 0.0385014
53 59 -0.057702
53 60 -0.0293768
53 61 6.45186e-05
53 62 1.54891e-05
53 63 0.0115172
53 64 -0.021585
53 65 0.00133645
53 66 3.16792e-05
53 67 0.0
53 68 8.22791e-05
53 69 -0.000216986
53 70 8.92532e-06
53 71 0.0
53 72 0.0
53 73 1.83247e-06
53 74 -5.63377e-06
53 75 -1.21556e-06
53 76 0.0
53 77 0.0
53 78 6.18659e-06
53 79 -1.6233e-05
53 80 -8.88434e-06
53 81 0.0
53 82 0.0
53 83 0.000811292
53 84 -0.00143881
53 85 -0.00118643
53 86 2.06971e-06
53 87 0.0266596
53 88 1.74133e-05
53 89 0.0
53 90 0.000495787
53 91 0.0
53 92 0.0
53 93 0.0
53 94 0.0
53 95 0.0
53 96 0.0
53 97 0.0
53 98 0.0276684
53 99 0.323916
53 100 -0.193358
53 101 -0.332896
53 102 0.000111868
53 103 0.000434737
53 104 0.0277542
53 105 0.000232617
53 106 -0.0443693
53 107 4.02933e-06
53 108 0.236766
53 109 0.999699
53 110 0.0136853
53 111 0.0169682
53 112 -1.26949e-05
54 57 0.00064498
54 58 0.0459259
54 59 -0.0601328
54 60 -0.0381372
54 61 8.37587e-05
54 62 5.11257e-05
54 63 0.0172934
54 64 -0.030154
54 65 0.00211741
54 66 5.01911e-05
54 67 0.0
54 68 0.000168442
54 69 -0.000422495
54 70 1.84275e-05
54 71 1.05371e-06
54 72 0.0
54 73 4.32625e-06
54 74 -1.27725e-05
54 75 -2.87623e-06
54 76 0.0
54 77 0.0
54 78 1.24932e-05
54 79 -3.10026e-05
54 80 -1.80021e-05
54 81 0.0
54 82 0.0
54 83 0.00113292
54 84 -0.00179012
54 85 -0.00168995
54 86 2.9481e-06
54 87 0.0292829
54 88 3.3616e-05
54 89 0.0
54 90 0.000469221
54 91 0.0
54 92 0.0
54 93 0.0
54 94 0.0
54 95 0.0
54 96 0.0
54 97 0.0
54 98 0.0234535
54 99 0.163861
54 100 0.0558074
54 101 -0.21706
54 102 7.29418e-05
54 103 -6.01918e-06
54 104 -0.000232617
54 105 0.0107598
54 106 0.000401515
54 107 0.0
54 108 -0.0209792
54 109 -0.0136853
54 110 0.99899
54 111 -0.00055166
54 112 0.0
55 57 0.000328367
55 58 0.0233815
55 59 -0.0381372
55 60 -0.00463963
55 61 4.26425e-05
55 62 -3.16547e-06
55 63 -0.00107073
55 64 0.00211741
55 65 0.0039133
55 66 -3.10761e-06
55 67 0.0
55 68 -6.92855e-06
55 69 1.84275e-05
55 70 2.47426e-05
55 71 0.0
55 72 0.0
55 73 0.0
55 74 -2.87623e-06
55 75 0.0
55 76 0.0
55 77 0.0
55 78 6.83755e-06
55 79 -1.80021e-05
55 80 -7.96256e-06
55 81 0.0
55 82 0.0
55 83 0.000934195
55 84 -0.00168995
55 85 -0.0011342
55 86 2.43098e-06
55 87 -0.0148257
55 88 -8.09923e-06
55 89 0.0
55 90 0.000683351
55 91 0.0
55 92 0.0
55 93 0.0
55 94 0.0
55 95 0.0
55 96 0.0
55 97 0.0
55 98 0.0403789
55 99 0.282113
55 100 -0.21706
55 101 -0.191818
55 102 0.00012558
55 103 0.0011481
55 104 0.0443693
55 105 0.000401515
55 106 -0.065823
55 107 6.95493e-06
55 108 -0.0260118
55 109 -0.0169682
55 110 -0.00055166
55 111 0.998751
55 112 0.0
56 57 0.0
56 58 -5.13514e-05
56 59 8.37587e-05
56 60 4.26425e-05
56 61 0.0147764
56 62 0.0
56 63 -2.53806e-05
56 64 5.01911e-05
56 65 -3.10761e-06
56 66 0.00404433
56 67 0.0
56 68 0.0
56 69 1.05371e-06
56 70 0.0
56 71 2.54981e-05
56 72 0.0
56 73 0.0
56 74 0.0
56 75 0.0
56 76 0.0
56 77 0.0
56 78 0.0
56 79 0.0
56 80 0.0
56 81 1.88983e-06
56 82 0.0
56 83 -1.62969e-06
56 84 2.9481e-06
56 85 2.43098e-06
56 86 0.000259309
56 87 -3.71203e-05
56 88 0.0
56 89 0.0
56 90 0.0
56 91 0.0
56 92 0.0
56 93 0.0
56 94 0.0
56 95 0.0
56 96 0.0
56 97 0.0
56 98 -1.35691e-05
56 99 -9.48025e-05
56 100 7.29418e-05
56 101 0.00012558
56 102 0.181884
56 103 0.0
56 104 -4.02933e-06
56 105 0.0
56 106 6.95493e-06
56 107 0.0107619
56 108 1.9461e-05
56 109 1.26949e-05
56 110 0.0
56 111 0.0
56 112 0.999435
