0.00000 0.00000 0.00000 1.00000 0.00000 1.00000
0.25000 0.00000 0.02017 0.95201 0.02781 1.00000
0.50000 0.00001 0.03688 0.91393 0.04917 1.00000
0.75000 0.00003 0.06867 0.87882 0.05249 1.00001
1.00000 0.00005 0.10884 0.83573 0.05540 1.00001
1.25000 0.00008 0.12299 0.81862 0.05868 1.00037
1.50000 0.00011 0.14701 0.78889 0.06436 1.00037
1.75000 0.00014 0.19000 0.74097 0.06925 1.00036
2.00000 0.00019 0.22480 0.69841 0.07816 1.00156
2.25000 0.00024 0.24901 0.67161 0.08070 1.00156
2.50000 0.00030 0.31089 0.60842 0.08198 1.00158
2.75000 0.00035 0.34643 0.58034 0.07467 1.00179
3.00000 0.00042 0.41469 0.52078 0.06599 1.00188
3.25000 0.00047 0.46526 0.46879 0.06835 1.00287
3.50000 0.00053 0.49441 0.44738 0.06055 1.00287
3.75000 0.00060 0.56276 0.37790 0.06348 1.00474
4.00000 0.00066 0.58245 0.35102 0.07105 1.00519
4.25000 0.00074 0.62332 0.30998 0.07114 1.00519
4.50000 0.00083 0.65470 0.27894 0.07072 1.00519
4.75000 0.00092 0.70308 0.22997 0.07122 1.00519
5.00000 0.00102 0.72283 0.20988 0.07146 1.00519
5.25000 0.00112 0.73320 0.19048 0.08154 1.00634
5.50000 0.00121 0.75185 0.16323 0.09025 1.00654
5.75000 0.00132 0.77038 0.14335 0.09153 1.00658
6.00000 0.00141 0.76919 0.14374 0.09224 1.00658
6.25000 0.00151 0.76840 0.14907 0.08740 1.00638
6.50000 0.00159 0.78633 0.13808 0.08016 1.00616
6.75000 0.00167 0.78550 0.13834 0.08066 1.00616
7.00000 0.00174 0.78461 0.13882 0.08069 1.00585
7.25000 0.00182 0.78336 0.14539 0.07528 1.00585
7.50000 0.00188 0.80284 0.12619 0.07494 1.00585
7.75000 0.00194 0.80144 0.13685 0.06560 1.00583
8.00000 0.00200 0.80018 0.13799 0.06566 1.00583
8.25000 0.00206 0.81524 0.12266 0.06588 1.00584
8.50000 0.00211 0.81489 0.12292 0.06592 1.00584
8.75000 0.00215 0.82070 0.11708 0.06590 1.00584
9.00000 0.00221 0.82873 0.11012 0.06480 1.00586
9.25000 0.00227 0.82575 0.11312 0.06472 1.00586
9.50000 0.00234 0.82558 0.11340 0.06454 1.00586
9.75000 0.00241 0.82205 0.11679 0.06462 1.00586
10.00000 0.00248 0.83828 0.10062 0.06449 1.00587
10.25000 0.00256 0.84024 0.09834 0.06473 1.00587
10.50000 0.00264 0.83920 0.09933 0.06469 1.00587
10.75000 0.00273 0.83007 0.10460 0.06847 1.00587
11.00000 0.00283 0.84837 0.08645 0.06822 1.00586
11.25000 0.00292 0.84557 0.08858 0.06879 1.00586
11.50000 0.00303 0.83304 0.10067 0.06913 1.00586
11.75000 0.00312 0.83096 0.10255 0.06922 1.00586
12.00000 0.00323 0.82847 0.10582 0.06833 1.00585
12.25000 0.00335 0.81370 0.12071 0.06809 1.00585
12.50000 0.00348 0.82519 0.10896 0.06823 1.00585
12.75000 0.00360 0.78192 0.15201 0.06832 1.00586
13.00000 0.00373 0.76173 0.17202 0.06837 1.00586
13.25000 0.00387 0.74149 0.19167 0.06885 1.00586
13.50000 0.00400 0.72737 0.20533 0.06916 1.00586
13.75000 0.00413 0.70355 0.21912 0.07906 1.00586
14.00000 0.00427 0.69176 0.22275 0.08708 1.00586
14.25000 0.00439 0.67625 0.23903 0.08619 1.00586
14.50000 0.00453 0.68118 0.23365 0.08657 1.00593
14.75000 0.00466 0.66679 0.24819 0.08629 1.00592
15.00000 0.00479 0.64319 0.27096 0.08699 1.00593
15.25000 0.00492 0.63229 0.28982 0.07890 1.00593
15.50000 0.00504 0.62893 0.29186 0.08010 1.00593
15.75000 0.00516 0.59482 0.32450 0.08144 1.00592
16.00000 0.00527 0.57374 0.34465 0.08263 1.00628
16.25000 0.00537 0.56653 0.35081 0.08358 1.00628
16.50000 0.00547 0.53820 0.37392 0.08863 1.00621
16.75000 0.00556 0.51731 0.39594 0.08756 1.00637
17.00000 0.00565 0.48051 0.43770 0.08329 1.00716
17.25000 0.00575 0.44970 0.46551 0.08656 1.00752
17.50000 0.00587 0.44545 0.44244 0.11610 1.00985
17.75000 0.00597 0.43202 0.44449 0.12737 1.00984
18.00000 0.00607 0.41277 0.46334 0.12766 1.00984
18.25000 0.00618 0.39674 0.47862 0.12845 1.00999
18.50000 0.00628 0.39604 0.47795 0.12972 1.00999
18.75000 0.00632 0.37291 0.49077 0.13979 1.00979
19.00000 0.00638 0.37555 0.46821 0.16081 1.01095
19.25000 0.00642 0.36027 0.48339 0.16089 1.01097
19.50000 0.00643 0.36422 0.47618 0.16409 1.01092
19.75000 0.00646 0.38305 0.45459 0.16684 1.01094
20.00000 0.00648 0.40384 0.42343 0.17693 1.01068
20.25000 0.00652 0.40388 0.42319 0.17803 1.01162
20.50000 0.00657 0.40335 0.42586 0.17602 1.01180
20.75000 0.00662 0.40557 0.43665 0.16234 1.01118
21.00000 0.00667 0.41656 0.42671 0.16124 1.01117
21.25000 0.00673 0.41891 0.42630 0.15922 1.01117
21.50000 0.00679 0.42409 0.43117 0.14912 1.01117
21.75000 0.00686 0.41772 0.43811 0.14871 1.01140
22.00000 0.00693 0.44524 0.41080 0.14847 1.01144
22.25000 0.00701 0.44423 0.41181 0.14839 1.01144
22.50000 0.00709 0.44190 0.41515 0.14731 1.01144
22.75000 0.00717 0.46580 0.39041 0.14781 1.01119
23.00000 0.00725 0.48237 0.36925 0.15245 1.01133
23.25000 0.00733 0.49060 0.36341 0.15139 1.01274
23.50000 0.00741 0.51256 0.34570 0.14718 1.01285
23.75000 0.00749 0.51884 0.35560 0.13092 1.01286
24.00000 0.00758 0.51209 0.35311 0.14004 1.01282
24.25000 0.00765 0.54319 0.32266 0.13932 1.01282
24.50000 0.00770 0.57168 0.30313 0.13032 1.01283
24.75000 0.00778 0.57103 0.30481 0.12886 1.01248
25.00000 0.00784 0.60646 0.27626 0.12193 1.01248
25.25000 0.00787 0.62426 0.26232 0.11804 1.01248
25.50000 0.00791 0.63278 0.25248 0.11725 1.01042
25.75000 0.00795 0.63098 0.25381 0.11769 1.01044
26.00000 0.00798 0.66115 0.23340 0.10797 1.01050
26.25000 0.00798 0.66111 0.23462 0.10678 1.01050
26.50000 0.00799 0.67745 0.21859 0.10648 1.01051
26.75000 0.00800 0.68324 0.21300 0.10626 1.01050
27.00000 0.00800 0.67632 0.21950 0.10667 1.01049
27.25000 0.00798 0.68608 0.20903 0.10744 1.01053
27.50000 0.00798 0.68843 0.20522 0.10874 1.01038
27.75000 0.00797 0.69536 0.19704 0.11000 1.01036
28.00000 0.00797 0.69774 0.18622 0.11837 1.01030
28.25000 0.00795 0.70847 0.18386 0.10968 1.00997
28.50000 0.00794 0.70908 0.18239 0.11056 1.00997
28.75000 0.00793 0.70643 0.18365 0.11177 1.00978
29.00000 0.00792 0.71415 0.17268 0.11457 1.00933
29.25000 0.00790 0.71348 0.17435 0.11427 1.01000
29.50000 0.00792 0.71512 0.17334 0.11363 1.01000
29.75000 0.00792 0.71028 0.17426 0.11754 1.01000
30.00000 0.00792 0.69651 0.18321 0.12243 1.01006
30.25000 0.00795 0.71370 0.16779 0.12068 1.01012
30.50000 0.00797 0.72357 0.16199 0.11663 1.01016
30.75000 0.00801 0.72554 0.15874 0.11791 1.01020
31.00000 0.00803 0.72696 0.15584 0.11936 1.01020
31.25000 0.00810 0.73504 0.14487 0.12137 1.00938
31.50000 0.00815 0.72646 0.15460 0.12018 1.00938
31.75000 0.00820 0.72255 0.16534 0.11293 1.00902
32.00000 0.00825 0.74196 0.14680 0.11193 1.00893
32.25000 0.00832 0.73282 0.15047 0.11749 1.00910
32.50000 0.00840 0.73108 0.15211 0.11759 1.00917
32.75000 0.00847 0.71422 0.16840 0.11808 1.00918
33.00000 0.00855 0.70713 0.17355 0.11993 1.00917
33.25000 0.00863 0.69582 0.17382 0.13172 1.01000
33.50000 0.00873 0.69162 0.17585 0.13392 1.01013
33.75000 0.00879 0.67222 0.19303 0.13611 1.01015
34.00000 0.00888 0.64172 0.22094 0.13821 1.00975
34.25000 0.00897 0.62098 0.24100 0.13867 1.00962
34.50000 0.00905 0.61687 0.24724 0.13594 1.00911
34.75000 0.00917 0.59516 0.26774 0.13704 1.00911
35.00000 0.00928 0.57059 0.29079 0.13877 1.00943
35.25000 0.00939 0.54114 0.31948 0.13960 1.00962
35.50000 0.00950 0.53007 0.33213 0.13931 1.01102
35.75000 0.00961 0.51890 0.34483 0.13770 1.01105
36.00000 0.00973 0.49003 0.38420 0.12700 1.01096
36.25000 0.00986 0.45512 0.42197 0.12396 1.01090
36.50000 0.00999 0.44649 0.43902 0.11542 1.01091
36.75000 0.01012 0.42845 0.45759 0.11473 1.01089
37.00000 0.01024 0.40768 0.48361 0.10934 1.01087
37.25000 0.01036 0.40006 0.49091 0.10954 1.01087
37.50000 0.01047 0.40042 0.48979 0.10957 1.01025
37.75000 0.01059 0.39777 0.49108 0.11080 1.01025
38.00000 0.01069 0.39081 0.48780 0.12097 1.01027
38.25000 0.01079 0.37418 0.50287 0.12242 1.01026
38.50000 0.01090 0.36803 0.50855 0.12278 1.01026
38.75000 0.01098 0.35925 0.50723 0.13282 1.01028
39.00000 0.01107 0.35491 0.51180 0.13253 1.01031
39.25000 0.01117 0.34986 0.51739 0.13199 1.01042
39.50000 0.01125 0.34772 0.51754 0.13397 1.01049
39.75000 0.01137 0.34204 0.51721 0.13983 1.01045
40.00000 0.01147 0.34230 0.51631 0.14036 1.01044
40.25000 0.01158 0.34411 0.51345 0.14079 1.00993
40.50000 0.01167 0.34545 0.51111 0.14171 1.00995
40.75000 0.01176 0.35637 0.49957 0.14226 1.00996
41.00000 0.01184 0.37524 0.47975 0.14313 1.00996
41.25000 0.01192 0.39092 0.46302 0.14413 1.00999
41.50000 0.01199 0.39282 0.46127 0.14403 1.01010
41.75000 0.01205 0.41407 0.44031 0.14368 1.01011
42.00000 0.01211 0.45231 0.40275 0.14315 1.01032
42.25000 0.01213 0.45716 0.39464 0.14669 1.01063
42.50000 0.01216 0.47884 0.36642 0.15136 1.00878
42.75000 0.01217 0.51390 0.33775 0.14493 1.00875
43.00000 0.01215 0.52309 0.32811 0.14539 1.00874
43.25000 0.01213 0.53877 0.31255 0.14519 1.00864
43.50000 0.01212 0.55133 0.29890 0.14623 1.00857
43.75000 0.01210 0.55911 0.29972 0.13709 1.00802
44.00000 0.01209 0.55154 0.30689 0.13747 1.00799
44.25000 0.01208 0.56216 0.30393 0.12980 1.00797
44.50000 0.01209 0.56614 0.30695 0.12304 1.00822
44.75000 0.01210 0.58957 0.28558 0.12089 1.00814
45.00000 0.01212 0.61289 0.25546 0.12768 1.00815
45.25000 0.01211 0.61635 0.24061 0.13870 1.00777
45.50000 0.01213 0.61759 0.24826 0.12972 1.00770
45.75000 0.01216 0.61663 0.25278 0.12616 1.00772
46.00000 0.01218 0.62529 0.24677 0.12350 1.00774
46.25000 0.01218 0.63067 0.24479 0.11990 1.00755
46.50000 0.01221 0.64569 0.23183 0.11773 1.00746
46.75000 0.01227 0.64715 0.22975 0.11823 1.00740
47.00000 0.01230 0.65298 0.22270 0.11936 1.00734
47.25000 0.01235 0.64479 0.22981 0.12034 1.00729
47.50000 0.01238 0.65475 0.22112 0.11900 1.00725
47.75000 0.01240 0.65541 0.22215 0.11726 1.00723
48.00000 0.01245 0.65936 0.21565 0.11975 1.00720
48.25000 0.01248 0.67254 0.19833 0.12384 1.00720
48.50000 0.01252 0.67522 0.19383 0.12562 1.00720
48.75000 0.01256 0.67261 0.20102 0.12100 1.00718
49.00000 0.01259 0.66792 0.20716 0.11955 1.00722
49.25000 0.01263 0.67108 0.20298 0.12052 1.00722
49.50000 0.01269 0.67983 0.19377 0.12093 1.00722
49.75000 0.01274 0.68073 0.19338 0.12035 1.00720
50.00000 0.01280 0.69668 0.17692 0.12070 1.00711
50.25000 0.01286 0.72182 0.15171 0.12074 1.00714
50.50000 0.01294 0.72591 0.14668 0.12175 1.00727
50.75000 0.01303 0.73413 0.13793 0.12219 1.00727
51.00000 0.01309 0.73163 0.13907 0.12348 1.00727
51.25000 0.01318 0.71620 0.15187 0.12601 1.00727
51.50000 0.01325 0.70051 0.16726 0.12632 1.00733
51.75000 0.01331 0.68555 0.18550 0.12309 1.00745
52.00000 0.01338 0.68270 0.19694 0.11598 1.00900
52.25000 0.01344 0.66481 0.21232 0.11835 1.00892
52.50000 0.01350 0.65414 0.22911 0.11208 1.00882
52.75000 0.01356 0.64318 0.23770 0.11475 1.00919
53.00000 0.01363 0.63763 0.23955 0.11837 1.00918
53.25000 0.01371 0.62437 0.23863 0.13183 1.00854
53.50000 0.01386 0.60728 0.25058 0.13702 1.00874
53.75000 0.01398 0.61012 0.23901 0.14552 1.00862
54.00000 0.01407 0.59015 0.25649 0.14825 1.00896
54.25000 0.01415 0.56865 0.27683 0.14936 1.00899
54.50000 0.01422 0.54564 0.29814 0.15084 1.00884
54.75000 0.01428 0.54215 0.29952 0.15286 1.00881
55.00000 0.01435 0.55196 0.28766 0.15515 1.00913
55.25000 0.01442 0.54249 0.28846 0.16382 1.00918
55.50000 0.01446 0.51931 0.31070 0.16401 1.00848
55.75000 0.01446 0.51284 0.31504 0.16616 1.00850
56.00000 0.01447 0.50471 0.31322 0.17610 1.00851
56.25000 0.01446 0.50282 0.31937 0.17187 1.00853
56.50000 0.01447 0.49664 0.32706 0.17038 1.00854
56.75000 0.01447 0.49400 0.33141 0.16874 1.00861
57.00000 0.01447 0.48384 0.34426 0.16604 1.00861
57.25000 0.01447 0.48534 0.34361 0.16516 1.00857
57.50000 0.01448 0.45545 0.37127 0.16771 1.00891
57.75000 0.01451 0.44167 0.38068 0.17203 1.00888
58.00000 0.01455 0.42071 0.40307 0.17006 1.00840
58.25000 0.01461 0.42290 0.40372 0.16685 1.00807
58.50000 0.01467 0.41933 0.40959 0.16449 1.00808
58.75000 0.01476 0.41670 0.41362 0.16309 1.00817
59.00000 0.01487 0.41198 0.42902 0.15220 1.00807
59.25000 0.01499 0.41901 0.41619 0.15730 1.00749
59.50000 0.01511 0.41530 0.41910 0.15801 1.00752
59.75000 0.01527 0.41120 0.42491 0.15623 1.00761
60.00000 0.01545 0.41852 0.42477 0.14890 1.00764
60.25000 0.01563 0.42457 0.41722 0.14967 1.00710
60.50000 0.01580 0.42510 0.41560 0.14995 1.00644
60.75000 0.01598 0.43830 0.40927 0.14289 1.00644
61.00000 0.01618 0.45130 0.40070 0.13761 1.00578
61.25000 0.01639 0.47011 0.38064 0.13867 1.00580
61.50000 0.01656 0.47801 0.37211 0.13837 1.00504
61.75000 0.01671 0.48220 0.36925 0.13690 1.00506
62.00000 0.01688 0.48281 0.36913 0.13609 1.00492
62.25000 0.01705 0.48042 0.36846 0.13906 1.00500
62.50000 0.01724 0.49411 0.34913 0.14456 1.00503
62.75000 0.01742 0.50164 0.34051 0.14593 1.00550
63.00000 0.01761 0.51883 0.32218 0.14691 1.00554
63.25000 0.01781 0.53946 0.30807 0.14014 1.00548
63.50000 0.01799 0.55909 0.29377 0.13467 1.00551
63.75000 0.01814 0.56630 0.28615 0.13453 1.00512
64.00000 0.01828 0.57200 0.28187 0.13228 1.00442
64.25000 0.01844 0.57338 0.27638 0.13611 1.00431
64.50000 0.01857 0.56872 0.27793 0.13908 1.00431
64.75000 0.01867 0.56725 0.27619 0.14212 1.00423
65.00000 0.01876 0.57715 0.26694 0.14134 1.00420
65.25000 0.01887 0.57759 0.27199 0.13575 1.00420
65.50000 0.01893 0.59210 0.26213 0.13160 1.00477
65.75000 0.01899 0.59350 0.25236 0.13989 1.00475
66.00000 0.01904 0.59970 0.22845 0.15757 1.00476
66.25000 0.01910 0.60799 0.21125 0.16796 1.00630
66.50000 0.01913 0.61351 0.20693 0.16666 1.00622
66.75000 0.01913 0.61901 0.20523 0.16272 1.00609
67.00000 0.01913 0.61594 0.20651 0.16459 1.00617
67.25000 0.01911 0.61493 0.20769 0.16412 1.00584
67.50000 0.01908 0.61573 0.20980 0.16124 1.00585
67.75000 0.01907 0.60972 0.22071 0.15636 1.00585
68.00000 0.01902 0.60472 0.23374 0.14774 1.00523
68.25000 0.01897 0.60195 0.24158 0.14271 1.00520
68.50000 0.01892 0.59952 0.24533 0.14144 1.00520
68.75000 0.01885 0.59822 0.24753 0.14066 1.00525
69.00000 0.01879 0.60421 0.24355 0.13871 1.00527
69.25000 0.01874 0.60139 0.25231 0.13269 1.00513
69.50000 0.01866 0.58288 0.27554 0.12793 1.00501
69.75000 0.01859 0.58124 0.28113 0.12395 1.00492
70.00000 0.01851 0.58622 0.27639 0.12156 1.00268
70.25000 0.01844 0.58567 0.27508 0.12310 1.00229
70.50000 0.01837 0.58069 0.27064 0.12910 0.99879
70.75000 0.01833 0.58039 0.27201 0.12800 0.99873
71.00000 0.01834 0.56410 0.28535 0.13091 0.99870
71.25000 0.01833 0.56176 0.29172 0.12704 0.99885
71.50000 0.01834 0.54699 0.30148 0.13190 0.99871
71.75000 0.01835 0.54005 0.29970 0.13942 0.99751
72.00000 0.01836 0.53327 0.30489 0.14070 0.99722
72.25000 0.01840 0.52930 0.30818 0.14138 0.99725
72.50000 0.01842 0.52735 0.30919 0.14292 0.99788
72.75000 0.01844 0.52585 0.31055 0.14303 0.99787
73.00000 0.01849 0.51774 0.32119 0.14039 0.99780
73.25000 0.01855 0.50933 0.32345 0.14645 0.99779
73.50000 0.01860 0.50105 0.32572 0.14882 0.99419
73.75000 0.01869 0.49593 0.30984 0.16960 0.99406
74.00000 0.01883 0.48952 0.31112 0.17470 0.99417
74.25000 0.01894 0.47900 0.30934 0.18651 0.99379
74.50000 0.01907 0.47543 0.31061 0.18828 0.99339
74.75000 0.01921 0.47251 0.30536 0.19553 0.99262
75.00000 0.01935 0.46513 0.30621 0.20012 0.99081
75.25000 0.01948 0.46242 0.30151 0.20677 0.99019
75.50000 0.01964 0.45264 0.31620 0.20245 0.99093
75.75000 0.01979 0.43130 0.33804 0.20187 0.99099
76.00000 0.01991 0.40999 0.36214 0.20062 0.99266
76.25000 0.02008 0.40276 0.37099 0.19894 0.99277
76.50000 0.02023 0.38353 0.38932 0.19967 0.99275
76.75000 0.02038 0.38122 0.39606 0.19457 0.99224
77.00000 0.02061 0.37680 0.39864 0.19595 0.99200
77.25000 0.02077 0.37315 0.40591 0.19143 0.99127
77.50000 0.02096 0.37088 0.41149 0.18776 0.99110
77.75000 0.02116 0.36569 0.42019 0.18395 0.99099
78.00000 0.02134 0.35997 0.42958 0.17998 0.99088
78.25000 0.02156 0.36678 0.41664 0.18588 0.99086
78.50000 0.02176 0.36869 0.41937 0.18102 0.99085
78.75000 0.02200 0.36676 0.42088 0.18102 0.99067
79.00000 0.02224 0.36046 0.42361 0.17848 0.98480
79.25000 0.02247 0.37899 0.40310 0.17983 0.98439
79.50000 0.02271 0.37932 0.40109 0.18156 0.98467
79.75000 0.02296 0.37451 0.40424 0.18296 0.98466
80.00000 0.02322 0.38427 0.39214 0.18503 0.98465
80.25000 0.02350 0.38945 0.38628 0.18552 0.98475
80.50000 0.02377 0.39637 0.38001 0.18499 0.98513
80.75000 0.02397 0.40969 0.37061 0.18113 0.98540
81.00000 0.02418 0.43678 0.34998 0.17477 0.98571
81.25000 0.02442 0.44372 0.34419 0.17338 0.98571
81.50000 0.02463 0.44738 0.33942 0.17428 0.98571
81.75000 0.02484 0.45192 0.33447 0.17439 0.98561
82.00000 0.02504 0.45722 0.32722 0.17574 0.98522
82.25000 0.02526 0.46612 0.31635 0.17661 0.98434
82.50000 0.02548 0.46501 0.31571 0.17816 0.98435
82.75000 0.02568 0.46464 0.31246 0.18143 0.98422
83.00000 0.02590 0.46649 0.30751 0.18403 0.98394
83.25000 0.02610 0.47224 0.29696 0.18794 0.98325
83.50000 0.02632 0.46906 0.30050 0.18749 0.98336
83.75000 0.02649 0.47082 0.29803 0.18825 0.98358
84.00000 0.02662 0.47634 0.29342 0.18731 0.98369
84.25000 0.02670 0.48568 0.28229 0.18901 0.98369
84.50000 0.02681 0.48837 0.27574 0.19277 0.98369
84.75000 0.02692 0.48714 0.28469 0.18508 0.98383
85.00000 0.02701 0.48447 0.28618 0.18616 0.98383
85.25000 0.02712 0.48209 0.28701 0.18760 0.98381
85.50000 0.02721 0.49011 0.27750 0.18904 0.98386
85.75000 0.02733 0.49332 0.27373 0.18955 0.98393
86.00000 0.02742 0.48377 0.27501 0.18984 0.97605
86.25000 0.02750 0.48321 0.27602 0.18934 0.97607
86.50000 0.02761 0.48868 0.26064 0.19917 0.97610
86.75000 0.02769 0.48644 0.26195 0.20018 0.97626
87.00000 0.02777 0.48812 0.25965 0.20073 0.97627
87.25000 0.02782 0.49081 0.25608 0.20159 0.97630
87.50000 0.02787 0.48960 0.25622 0.20260 0.97629
87.75000 0.02791 0.48667 0.25739 0.20431 0.97628
88.00000 0.02795 0.48411 0.25597 0.20825 0.97628
88.25000 0.02801 0.47369 0.26526 0.20928 0.97624
88.50000 0.02806 0.48076 0.25974 0.20832 0.97688
88.75000 0.02813 0.49304 0.24469 0.21092 0.97677
89.00000 0.02820 0.49212 0.24838 0.20789 0.97660
89.25000 0.02828 0.49229 0.25380 0.20221 0.97657
89.50000 0.02836 0.50183 0.24582 0.20056 0.97658
89.75000 0.02843 0.50901 0.23949 0.19963 0.97658
90.00000 0.02848 0.51732 0.23600 0.19474 0.97654
90.25000 0.02854 0.51758 0.25054 0.18016 0.97682
90.50000 0.02860 0.50205 0.26913 0.17702 0.97680
90.75000 0.02867 0.50067 0.26980 0.17767 0.97681
91.00000 0.02874 0.51010 0.26165 0.17629 0.97678
91.25000 0.02879 0.49817 0.27521 0.17461 0.97678
91.50000 0.02884 0.49048 0.28164 0.17565 0.97661
91.75000 0.02888 0.49494 0.27588 0.17684 0.97654
92.00000 0.02895 0.48454 0.28591 0.17624 0.97564
92.25000 0.02896 0.47898 0.28953 0.17801 0.97547
92.50000 0.02898 0.47383 0.29596 0.17665 0.97543
92.75000 0.02903 0.46922 0.30176 0.17543 0.97544
93.00000 0.02903 0.44785 0.32225 0.17627 0.97539
93.25000 0.02913 0.44426 0.32534 0.17671 0.97543
93.50000 0.02919 0.44782 0.32634 0.17212 0.97548
93.75000 0.02927 0.44685 0.32792 0.17089 0.97493
94.00000 0.02933 0.43168 0.34357 0.16732 0.97190
94.25000 0.02944 0.42644 0.34479 0.16257 0.96325
94.50000 0.02954 0.41240 0.35622 0.16419 0.96235
94.75000 0.02962 0.41021 0.35837 0.16363 0.96183
95.00000 0.02970 0.40089 0.36060 0.17081 0.96199
95.25000 0.02981 0.39263 0.36997 0.16948 0.96189
95.50000 0.02989 0.38883 0.37573 0.16750 0.96195
95.75000 0.02999 0.39300 0.37504 0.16397 0.96199
96.00000 0.03008 0.39089 0.37131 0.16968 0.96197
96.25000 0.03021 0.39096 0.37081 0.16994 0.96191
96.50000 0.03038 0.39688 0.36526 0.16933 0.96185
96.75000 0.03054 0.40248 0.36091 0.16789 0.96182
97.00000 0.03072 0.40038 0.36315 0.16757 0.96182
97.25000 0.03091 0.39681 0.36759 0.16644 0.96174
97.50000 0.03115 0.40235 0.36406 0.16412 0.96168
97.75000 0.03139 0.40486 0.36349 0.16212 0.96186
98.00000 0.03168 0.42015 0.34820 0.16166 0.96169
98.25000 0.03196 0.41810 0.34792 0.16357 0.96154
98.50000 0.03223 0.42431 0.33395 0.17099 0.96147
98.75000 0.03250 0.42060 0.33344 0.17484 0.96139
99.00000 0.03277 0.42478 0.32903 0.17507 0.96164
99.25000 0.03296 0.42876 0.31949 0.18063 0.96184
99.50000 0.03320 0.42155 0.32242 0.18444 0.96162
99.75000 0.03348 0.43463 0.30701 0.18635 0.96147
100.00000 0.03373 0.42016 0.31834 0.18851 0.96075
100.25000 0.03400 0.42122 0.31517 0.19032 0.96071
100.50000 0.03424 0.41807 0.31814 0.18988 0.96034
100.75000 0.03448 0.40417 0.32947 0.19215 0.96028
101.00000 0.03470 0.40184 0.32878 0.19497 0.96029
101.25000 0.03489 0.39568 0.33699 0.19285 0.96041
101.50000 0.03505 0.39522 0.34075 0.18937 0.96038
101.75000 0.03520 0.38293 0.35256 0.18971 0.96041
102.00000 0.03534 0.39579 0.34953 0.18027 0.96094
102.25000 0.03551 0.39508 0.35189 0.17869 0.96116
102.50000 0.03558 0.39545 0.35124 0.17906 0.96133
102.75000 0.03565 0.40251 0.34056 0.18254 0.96126
103.00000 0.03577 0.40314 0.33496 0.18744 0.96132
103.25000 0.03582 0.41176 0.32263 0.19092 0.96113
103.50000 0.03595 0.41625 0.31795 0.19068 0.96083
103.75000 0.03604 0.42593 0.30706 0.19139 0.96041
104.00000 0.03614 0.42774 0.30114 0.19514 0.96016
104.25000 0.03623 0.42986 0.29144 0.20253 0.96006
104.50000 0.03633 0.43020 0.28881 0.20390 0.95923
104.75000 0.03642 0.43224 0.28600 0.20451 0.95918
105.00000 0.03654 0.42534 0.29394 0.20331 0.95913
105.25000 0.03669 0.42131 0.30254 0.19862 0.95915
105.50000 0.03677 0.42154 0.30520 0.19598 0.95949
105.75000 0.03689 0.43774 0.29429 0.19034 0.95926
106.00000 0.03703 0.43853 0.29313 0.19035 0.95904
106.25000 0.03716 0.45332 0.27016 0.19947 0.96011
106.50000 0.03732 0.45320 0.26992 0.19920 0.95964
106.75000 0.03747 0.45054 0.27414 0.19726 0.95942
107.00000 0.03763 0.45809 0.26713 0.19663 0.95947
107.25000 0.03778 0.45995 0.26379 0.19795 0.95948
107.50000 0.03793 0.47789 0.24382 0.19972 0.95936
107.75000 0.03816 0.48796 0.23057 0.20298 0.95967
108.00000 0.03834 0.49260 0.23741 0.19136 0.95971
108.25000 0.03857 0.49131 0.24160 0.18778 0.95926
108.50000 0.03873 0.49688 0.24606 0.17928 0.96096
108.75000 0.03891 0.50804 0.24407 0.17066 0.96168
109.00000 0.03911 0.52537 0.22710 0.17015 0.96173
109.25000 0.03928 0.51594 0.23707 0.16935 0.96163
109.50000 0.03948 0.51485 0.24130 0.16574 0.96137
109.75000 0.03969 0.51371 0.24587 0.16208 0.96136
110.00000 0.03992 0.51846 0.23548 0.16741 0.96127
110.25000 0.04017 0.51088 0.25364 0.15636 0.96106
110.50000 0.04035 0.50689 0.25773 0.15576 0.96073
110.75000 0.04050 0.50486 0.25952 0.15554 0.96041
111.00000 0.04065 0.50190 0.26225 0.15563 0.96043
111.25000 0.04084 0.49944 0.26196 0.15826 0.96049
111.50000 0.04100 0.48220 0.27893 0.15838 0.96051
111.75000 0.04114 0.47615 0.28417 0.15887 0.96034
112.00000 0.04127 0.47250 0.28574 0.16084 0.96035
112.25000 0.04138 0.46450 0.29049 0.16413 0.96051
112.50000 0.04144 0.45608 0.29972 0.16325 0.96050
112.75000 0.04150 0.45369 0.29385 0.17148 0.96053
113.00000 0.04149 0.45218 0.29469 0.17214 0.96049
113.25000 0.04146 0.44335 0.30035 0.17537 0.96052
113.50000 0.04136 0.45050 0.29217 0.17651 0.96053
113.75000 0.04128 0.45429 0.29014 0.17483 0.96054
114.00000 0.04121 0.45538 0.29050 0.17359 0.96067
114.25000 0.04117 0.46112 0.28623 0.17217 0.96069
114.50000 0.04113 0.46216 0.28496 0.17182 0.96007
114.75000 0.04108 0.45535 0.28974 0.17393 0.96010
115.00000 0.04103 0.44884 0.29135 0.17886 0.96009
115.25000 0.04100 0.45144 0.28505 0.18276 0.96026
115.50000 0.04094 0.44920 0.27421 0.19589 0.96024
115.75000 0.04093 0.44508 0.28040 0.19301 0.95943
116.00000 0.04093 0.43360 0.29033 0.19302 0.95788
116.25000 0.04086 0.42471 0.29518 0.19672 0.95747
116.50000 0.04085 0.41624 0.30047 0.19992 0.95748
116.75000 0.04076 0.42905 0.29210 0.19558 0.95749
117.00000 0.04067 0.43713 0.28050 0.19919 0.95749
117.25000 0.04059 0.44410 0.27449 0.19828 0.95745
117.50000 0.04051 0.44401 0.27577 0.19712 0.95742
117.75000 0.04045 0.45275 0.27325 0.19076 0.95722
118.00000 0.04041 0.45797 0.26754 0.19013 0.95605
118.25000 0.04041 0.44727 0.27753 0.19039 0.95560
118.50000 0.04040 0.44323 0.28257 0.18928 0.95548
118.75000 0.04042 0.45206 0.27269 0.19049 0.95566
119.00000 0.04046 0.45648 0.27061 0.18837 0.95592
119.25000 0.04052 0.44482 0.28498 0.18550 0.95581
119.50000 0.04057 0.46431 0.27173 0.17911 0.95571
119.75000 0.04070 0.46458 0.26767 0.18305 0.95600
120.00000 0.04078 0.47297 0.25030 0.19211 0.95615
120.25000 0.04087 0.47175 0.24251 0.20105 0.95619
120.50000 0.04099 0.46770 0.24595 0.20153 0.95618
120.75000 0.04110 0.46059 0.25161 0.20299 0.95630
121.00000 0.04128 0.45418 0.26061 0.20028 0.95635
121.25000 0.04139 0.46282 0.25079 0.20136 0.95636
121.50000 0.04154 0.45676 0.25635 0.20214 0.95679
121.75000 0.04169 0.44252 0.26601 0.20662 0.95684
122.00000 0.04187 0.43417 0.27250 0.20848 0.95702
122.25000 0.04206 0.43644 0.26914 0.20958 0.95722
122.50000 0.04225 0.43688 0.27500 0.20323 0.95736
122.75000 0.04244 0.43534 0.28003 0.19966 0.95747
123.00000 0.04261 0.42933 0.28548 0.20019 0.95761
123.25000 0.04280 0.42067 0.29502 0.19913 0.95763
123.50000 0.04294 0.41281 0.30551 0.19615 0.95740
123.75000 0.04308 0.41065 0.31197 0.19160 0.95731
124.00000 0.04322 0.41030 0.31430 0.18944 0.95726
124.25000 0.04335 0.41886 0.30647 0.18848 0.95716
124.50000 0.04343 0.42568 0.30053 0.18811 0.95774
124.75000 0.04355 0.43881 0.29169 0.18367 0.95772
125.00000 0.04365 0.43996 0.29990 0.17422 0.95774
125.25000 0.04377 0.43839 0.30958 0.16616 0.95790
125.50000 0.04393 0.43597 0.31630 0.16186 0.95806
125.75000 0.04395 0.43179 0.32283 0.15941 0.95797
126.00000 0.04397 0.43149 0.32432 0.15831 0.95809
126.25000 0.04400 0.43780 0.32118 0.15539 0.95836
126.50000 0.04406 0.43289 0.31613 0.16578 0.95886
126.75000 0.04409 0.44037 0.30267 0.17125 0.95838
127.00000 0.04409 0.44546 0.29682 0.17170 0.95807
127.25000 0.04412 0.44310 0.30105 0.16987 0.95813
127.50000 0.04419 0.44842 0.29598 0.16967 0.95826
127.75000 0.04425 0.45088 0.29278 0.17217 0.96009
128.00000 0.04430 0.44592 0.29831 0.17259 0.96112
128.25000 0.04436 0.44306 0.29905 0.17441 0.96087
128.50000 0.04445 0.44360 0.29532 0.17766 0.96103
128.75000 0.04451 0.44058 0.28815 0.18770 0.96095
129.00000 0.04456 0.43825 0.29247 0.18581 0.96109
129.25000 0.04460 0.43470 0.29206 0.18922 0.96058
129.50000 0.04456 0.42270 0.30389 0.18943 0.96059
129.75000 0.04453 0.42666 0.30608 0.18365 0.96092
130.00000 0.04451 0.43399 0.29754 0.18489 0.96093
130.25000 0.04447 0.42610 0.30187 0.18856 0.96100
130.50000 0.04441 0.43711 0.29029 0.18900 0.96081
130.75000 0.04441 0.42857 0.29782 0.19033 0.96113
131.00000 0.04432 0.42666 0.29836 0.19260 0.96194
131.25000 0.04426 0.41830 0.31192 0.18878 0.96326
131.50000 0.04423 0.41534 0.31656 0.18655 0.96268
131.75000 0.04426 0.40766 0.32636 0.18377 0.96205
132.00000 0.04427 0.39483 0.33810 0.18477 0.96196
132.25000 0.04422 0.39149 0.33436 0.19166 0.96173
132.50000 0.04419 0.38571 0.33812 0.19381 0.96183
132.75000 0.04422 0.38686 0.33598 0.19446 0.96152
133.00000 0.04420 0.39182 0.32441 0.20161 0.96205
133.25000 0.04421 0.39166 0.31494 0.21181 0.96262
133.50000 0.04427 0.38663 0.32348 0.20827 0.96265
133.75000 0.04436 0.39706 0.31404 0.20720 0.96267
134.00000 0.04446 0.39804 0.31166 0.20859 0.96276
134.25000 0.04457 0.39639 0.31268 0.20921 0.96284
134.50000 0.04473 0.39967 0.31242 0.20608 0.96290
134.75000 0.04489 0.39550 0.31938 0.20427 0.96404
135.00000 0.04507 0.40470 0.31165 0.20331 0.96473
135.25000 0.04526 0.40155 0.31906 0.19912 0.96499
135.50000 0.04543 0.40155 0.32013 0.19772 0.96483
135.75000 0.04557 0.39221 0.32724 0.19948 0.96450
136.00000 0.04574 0.39640 0.32565 0.19883 0.96662
136.25000 0.04591 0.40075 0.32115 0.19882 0.96662
136.50000 0.04609 0.39944 0.32091 0.20017 0.96661
136.75000 0.04625 0.39401 0.32541 0.20089 0.96656
137.00000 0.04640 0.39635 0.31920 0.20467 0.96662
137.25000 0.04652 0.40631 0.30856 0.20522 0.96660
137.50000 0.04666 0.41268 0.30024 0.20704 0.96661
137.75000 0.04684 0.42439 0.28780 0.20758 0.96661
138.00000 0.04702 0.42710 0.28383 0.20864 0.96659
138.25000 0.04717 0.41613 0.29461 0.20857 0.96648
138.50000 0.04730 0.40947 0.30003 0.20973 0.96652
138.75000 0.04747 0.41862 0.30065 0.19972 0.96646
139.00000 0.04760 0.42026 0.30331 0.19484 0.96600
139.25000 0.04770 0.42214 0.30489 0.19141 0.96615
139.50000 0.04775 0.43791 0.28618 0.19244 0.96429
139.75000 0.04793 0.44328 0.29034 0.18196 0.96352
140.00000 0.04808 0.45278 0.28338 0.17935 0.96359
140.25000 0.04826 0.45662 0.27410 0.18462 0.96359
140.50000 0.04850 0.45563 0.27977 0.17977 0.96367
140.75000 0.04869 0.46689 0.26768 0.18046 0.96372
141.00000 0.04888 0.47226 0.26060 0.18198 0.96373
141.25000 0.04913 0.46166 0.27056 0.18312 0.96447
141.50000 0.04935 0.45969 0.27064 0.18328 0.96295
141.75000 0.04953 0.45411 0.27259 0.18685 0.96308
142.00000 0.04964 0.44857 0.27723 0.18762 0.96306
142.25000 0.04973 0.44108 0.28835 0.18386 0.96303
142.50000 0.04989 0.43692 0.29385 0.18256 0.96322
142.75000 0.05002 0.43703 0.29438 0.18184 0.96327
143.00000 0.05012 0.43787 0.29327 0.18192 0.96317
143.25000 0.05025 0.43270 0.29889 0.18087 0.96272
143.50000 0.05033 0.43241 0.29950 0.18051 0.96274
143.75000 0.05039 0.43471 0.29751 0.18027 0.96288
144.00000 0.05052 0.42704 0.30472 0.18067 0.96295
144.25000 0.05054 0.42385 0.31018 0.17802 0.96259
144.50000 0.05061 0.41953 0.31521 0.17723 0.96258
144.75000 0.05069 0.42607 0.31488 0.17093 0.96257
145.00000 0.05078 0.43634 0.30217 0.17327 0.96257
145.25000 0.05080 0.43631 0.30670 0.16893 0.96275
145.50000 0.05085 0.43500 0.30773 0.16918 0.96276
145.75000 0.05090 0.43213 0.31110 0.16884 0.96297
146.00000 0.05091 0.43498 0.31426 0.16293 0.96308
146.25000 0.05093 0.43820 0.31037 0.16334 0.96284
146.50000 0.05100 0.44227 0.30637 0.16305 0.96269
146.75000 0.05104 0.44537 0.30350 0.16284 0.96275
147.00000 0.05112 0.45005 0.29956 0.16200 0.96274
147.25000 0.05125 0.46321 0.28698 0.16152 0.96296
147.50000 0.05139 0.46127 0.28897 0.16245 0.96407
147.75000 0.05155 0.45765 0.28512 0.16970 0.96402
148.00000 0.05174 0.45140 0.29464 0.16695 0.96472
148.25000 0.05194 0.44889 0.30155 0.16174 0.96412
148.50000 0.05216 0.44189 0.31100 0.15926 0.96431
148.75000 0.05237 0.44030 0.31765 0.15429 0.96460
149.00000 0.05251 0.44252 0.31444 0.15512 0.96459
149.25000 0.05267 0.43805 0.31891 0.15494 0.96457
149.50000 0.05279 0.44352 0.31204 0.15612 0.96448
149.75000 0.05284 0.44416 0.31048 0.15745 0.96492
150.00000 0.05294 0.44856 0.30665 0.15756 0.96571
150.25000 0.05302 0.44677 0.31021 0.15584 0.96584
150.50000 0.05309 0.44662 0.30892 0.15716 0.96578
150.75000 0.05317 0.44045 0.31223 0.15960 0.96545
151.00000 0.05327 0.42922 0.31920 0.16454 0.96624
151.25000 0.05339 0.42733 0.31806 0.16760 0.96639
151.50000 0.05355 0.42248 0.32367 0.16658 0.96629
151.75000 0.05362 0.41380 0.32738 0.17158 0.96638
152.00000 0.05376 0.40507 0.33401 0.17336 0.96620
152.25000 0.05395 0.40960 0.32410 0.17859 0.96624
152.50000 0.05410 0.40869 0.32303 0.18133 0.96715
152.75000 0.05427 0.41000 0.31737 0.18611 0.96775
153.00000 0.05445 0.42125 0.29705 0.19654 0.96928
153.25000 0.05455 0.42535 0.29330 0.19754 0.97074
153.50000 0.05473 0.42742 0.29162 0.19670 0.97046
153.75000 0.05494 0.42096 0.30057 0.19374 0.97020
154.00000 0.05516 0.42437 0.30391 0.18670 0.97014
154.25000 0.05540 0.42345 0.30790 0.18377 0.97051
154.50000 0.05563 0.42138 0.30737 0.18762 0.97199
154.75000 0.05585 0.41627 0.31412 0.18808 0.97432
155.00000 0.05595 0.42313 0.30682 0.18951 0.97542
155.25000 0.05623 0.42210 0.30677 0.19041 0.97552
155.50000 0.05648 0.41837 0.30514 0.19577 0.97575
155.75000 0.05672 0.41496 0.30735 0.19674 0.97576
156.00000 0.05693 0.41601 0.30377 0.19881 0.97552
156.25000 0.05721 0.43155 0.28338 0.20343 0.97557
156.50000 0.05752 0.43930 0.28328 0.19554 0.97563
156.75000 0.05772 0.44317 0.27971 0.19507 0.97567
157.00000 0.05788 0.44827 0.27623 0.19382 0.97621
157.25000 0.05806 0.44690 0.28384 0.18730 0.97610
157.50000 0.05818 0.44446 0.27757 0.19578 0.97598
157.75000 0.05830 0.45407 0.26733 0.19632 0.97602
158.00000 0.05843 0.45704 0.25757 0.20324 0.97627
158.25000 0.05855 0.45606 0.25260 0.20909 0.97629
158.50000 0.05868 0.46305 0.24473 0.21029 0.97676
158.75000 0.05882 0.46333 0.24444 0.21057 0.97716
159.00000 0.05898 0.46400 0.24553 0.20866 0.97717
159.25000 0.05914 0.46291 0.25119 0.20389 0.97713
159.50000 0.05935 0.46016 0.25601 0.20178 0.97731
159.75000 0.05949 0.44715 0.27037 0.20026 0.97727
160.00000 0.05963 0.44071 0.27585 0.20121 0.97741
160.25000 0.05979 0.45286 0.26562 0.19924 0.97751
160.50000 0.05991 0.45737 0.26214 0.19725 0.97666
160.75000 0.06002 0.46208 0.26561 0.18795 0.97565
161.00000 0.06006 0.45554 0.27030 0.18961 0.97551
161.25000 0.06018 0.45440 0.26833 0.19234 0.97524
161.50000 0.06038 0.45452 0.26249 0.19801 0.97540
161.75000 0.06045 0.44790 0.27075 0.19614 0.97523
162.00000 0.06060 0.43465 0.28741 0.19293 0.97558
162.25000 0.06069 0.43153 0.29500 0.18681 0.97402
162.50000 0.06083 0.43370 0.29676 0.18398 0.97526
162.75000 0.06096 0.43224 0.29792 0.18412 0.97525
163.00000 0.06111 0.42891 0.29933 0.18584 0.97519
163.25000 0.06126 0.42503 0.30312 0.18563 0.97504
163.50000 0.06143 0.42493 0.30670 0.18232 0.97538
163.75000 0.06161 0.42637 0.30694 0.18081 0.97573
164.00000 0.06178 0.42359 0.30573 0.18400 0.97510
164.25000 0.06192 0.42117 0.31427 0.17787 0.97523
164.50000 0.06207 0.42111 0.31761 0.17407 0.97487
164.75000 0.06211 0.41601 0.32332 0.17342 0.97486
165.00000 0.06224 0.41383 0.32439 0.17409 0.97456
165.25000 0.06235 0.41575 0.31946 0.17651 0.97407
165.50000 0.06238 0.41728 0.31772 0.17661 0.97398
165.75000 0.06245 0.41448 0.32168 0.17527 0.97388
166.00000 0.06253 0.40872 0.33001 0.17176 0.97301
166.25000 0.06259 0.41537 0.32393 0.17120 0.97310
166.50000 0.06270 0.41218 0.32707 0.17140 0.97335
166.75000 0.06277 0.41365 0.32922 0.16719 0.97283
167.00000 0.06295 0.40741 0.33755 0.16406 0.97198
167.25000 0.06309 0.40747 0.34003 0.16139 0.97199
167.50000 0.06327 0.41074 0.34138 0.15658 0.97197
167.75000 0.06343 0.40632 0.33375 0.16721 0.97070
168.00000 0.06358 0.40312 0.33284 0.17120 0.97073
168.25000 0.06377 0.39937 0.33288 0.17479 0.97080
168.50000 0.06407 0.39526 0.32752 0.18434 0.97119
168.75000 0.06432 0.39601 0.32366 0.18736 0.97136
169.00000 0.06457 0.38959 0.32943 0.18749 0.97108
169.25000 0.06481 0.38991 0.32910 0.18731 0.97113
169.50000 0.06504 0.39136 0.32728 0.18742 0.97110
169.75000 0.06525 0.39597 0.32075 0.18920 0.97117
170.00000 0.06549 0.39173 0.32014 0.19453 0.97189
170.25000 0.06575 0.39629 0.31161 0.19827 0.97192
170.50000 0.06602 0.40843 0.29410 0.20307 0.97162
170.75000 0.06621 0.41425 0.28610 0.20505 0.97161
171.00000 0.06652 0.41608 0.28383 0.20467 0.97109
171.25000 0.06677 0.42134 0.27918 0.20385 0.97113
171.50000 0.06705 0.41951 0.28351 0.20106 0.97114
171.75000 0.06725 0.40933 0.29364 0.20175 0.97197
172.00000 0.06754 0.41789 0.28312 0.20342 0.97197
172.25000 0.06775 0.41858 0.27969 0.20591 0.97193
172.50000 0.06792 0.41834 0.28215 0.20378 0.97219
172.75000 0.06815 0.41937 0.28092 0.20402 0.97246
173.00000 0.06834 0.42357 0.28422 0.19632 0.97246
173.25000 0.06858 0.42490 0.28157 0.19733 0.97239
173.50000 0.06881 0.42421 0.28284 0.19730 0.97316
173.75000 0.06902 0.41458 0.29317 0.19659 0.97336
174.00000 0.06920 0.41272 0.29945 0.19207 0.97343
174.25000 0.06942 0.42297 0.28653 0.19466 0.97359
174.50000 0.06970 0.43471 0.27409 0.19517 0.97367
174.75000 0.06998 0.43602 0.27419 0.19353 0.97373
175.00000 0.07013 0.43461 0.28029 0.18882 0.97385
175.25000 0.07016 0.43849 0.27635 0.18888 0.97387
175.50000 0.07020 0.43084 0.28285 0.19007 0.97395
175.75000 0.07017 0.43265 0.27936 0.19174 0.97392
176.00000 0.07022 0.42747 0.28515 0.19115 0.97398
176.25000 0.07020 0.42964 0.28327 0.19083 0.97395
176.50000 0.07023 0.42355 0.28528 0.19391 0.97298
176.75000 0.07032 0.42551 0.27178 0.20478 0.97239
177.00000 0.07032 0.42703 0.26552 0.20928 0.97215
177.25000 0.07031 0.42662 0.26543 0.20950 0.97185
177.50000 0.07035 0.42317 0.26923 0.20889 0.97163
177.75000 0.07034 0.41601 0.27717 0.20817 0.97168
178.00000 0.07027 0.41327 0.28106 0.20705 0.97166
178.25000 0.07018 0.41011 0.27953 0.21174 0.97155
178.50000 0.07014 0.39644 0.29168 0.21325 0.97150
178.75000 0.07007 0.39763 0.28617 0.21734 0.97120
179.00000 0.07014 0.39256 0.28893 0.21942 0.97105
179.25000 0.07022 0.39343 0.28516 0.22194 0.97075
179.50000 0.07028 0.40037 0.27816 0.22204 0.97085
179.75000 0.07039 0.39224 0.28478 0.22354 0.97094
180.00000 0.07045 0.38755 0.29357 0.21950 0.97109
180.25000 0.07056 0.38305 0.29744 0.22016 0.97120
180.50000 0.07059 0.38011 0.30806 0.21211 0.97086
180.75000 0.07067 0.37437 0.31388 0.21214 0.97105
181.00000 0.07075 0.36766 0.32516 0.20718 0.97076
181.25000 0.07075 0.36640 0.33199 0.20154 0.97067
181.50000 0.07080 0.36245 0.34145 0.19582 0.97052
181.75000 0.07079 0.36091 0.34171 0.19708 0.97049
182.00000 0.07084 0.35869 0.34654 0.19447 0.97054
182.25000 0.07079 0.35906 0.34582 0.19488 0.97055
182.50000 0.07078 0.35645 0.34974 0.19345 0.97042
182.75000 0.07081 0.35533 0.34864 0.19537 0.97015
183.00000 0.07081 0.35505 0.35332 0.19096 0.97015
183.25000 0.07083 0.35173 0.35154 0.19620 0.97030
183.50000 0.07090 0.35218 0.35085 0.19641 0.97034
183.75000 0.07089 0.35444 0.34801 0.19707 0.97041
184.00000 0.07085 0.35634 0.34416 0.19918 0.97053
184.25000 0.07081 0.36380 0.34277 0.19323 0.97061
184.50000 0.07076 0.35863 0.34445 0.19661 0.97044
184.75000 0.07082 0.36022 0.34105 0.19830 0.97039
185.00000 0.07093 0.36585 0.33438 0.19916 0.97031
185.25000 0.07104 0.37120 0.32659 0.20161 0.97044
185.50000 0.07112 0.38221 0.31259 0.20438 0.97030
185.75000 0.07122 0.38647 0.30959 0.20291 0.97019
186.00000 0.07134 0.38875 0.30881 0.20073 0.96963
186.25000 0.07142 0.38877 0.31213 0.19772 0.97004
186.50000 0.07152 0.39775 0.31125 0.19027 0.97079
186.75000 0.07163 0.40129 0.30786 0.19032 0.97110
187.00000 0.07167 0.40031 0.30660 0.19271 0.97129
187.25000 0.07168 0.39866 0.30436 0.19604 0.97073
187.50000 0.07164 0.39965 0.30559 0.19429 0.97116
187.75000 0.07155 0.40207 0.30503 0.19257 0.97122
188.00000 0.07152 0.39431 0.31293 0.19257 0.97133
188.25000 0.07144 0.38566 0.32162 0.19338 0.97209
188.50000 0.07137 0.38726 0.32029 0.19326 0.97219
188.75000 0.07134 0.39249 0.31137 0.19682 0.97201
189.00000 0.07123 0.39190 0.31440 0.20661 0.98414
189.25000 0.07120 0.38143 0.32574 0.20897 0.98734
189.50000 0.07115 0.37898 0.33053 0.20728 0.98793
189.75000 0.07111 0.39159 0.31544 0.20980 0.98794
190.00000 0.07110 0.39919 0.30841 0.20902 0.98771
190.25000 0.07108 0.39663 0.31296 0.20716 0.98783
190.50000 0.07111 0.39599 0.31409 0.20665 0.98783
190.75000 0.07123 0.39486 0.31633 0.20568 0.98810
191.00000 0.07136 0.39518 0.31431 0.20707 0.98792
191.25000 0.07154 0.39049 0.31868 0.20725 0.98796
191.50000 0.07178 0.39347 0.30855 0.21418 0.98797
191.75000 0.07206 0.39793 0.29236 0.22546 0.98780
192.00000 0.07235 0.39774 0.28841 0.22888 0.98737
192.25000 0.07265 0.39827 0.28892 0.22753 0.98736
192.50000 0.07300 0.40179 0.28293 0.22990 0.98762
192.75000 0.07336 0.41177 0.27259 0.22995 0.98767
193.00000 0.07372 0.41405 0.27101 0.22893 0.98772
193.25000 0.07410 0.42065 0.26120 0.23219 0.98815
193.50000 0.07456 0.41764 0.26716 0.22877 0.98812
193.75000 0.07505 0.42679 0.25678 0.22959 0.98821
194.00000 0.07551 0.42147 0.26282 0.22846 0.98826
194.25000 0.07601 0.42266 0.25469 0.23529 0.98865
194.50000 0.07653 0.42300 0.25048 0.23867 0.98868
194.75000 0.07706 0.41336 0.25965 0.23865 0.98872
195.00000 0.07755 0.41400 0.25967 0.23822 0.98943
195.25000 0.07807 0.41477 0.27093 0.22570 0.98947
195.50000 0.07857 0.41428 0.27349 0.22311 0.98945
195.75000 0.07907 0.41028 0.27452 0.22569 0.98956
196.00000 0.07956 0.40851 0.27621 0.22579 0.99008
196.25000 0.08009 0.40352 0.27781 0.22906 0.99048
196.50000 0.08052 0.39988 0.28289 0.22735 0.99064
196.75000 0.08085 0.39183 0.28991 0.22827 0.99086
197.00000 0.08125 0.37488 0.31267 0.22257 0.99137
197.25000 0.08161 0.37220 0.31963 0.21811 0.99155
197.50000 0.08191 0.36452 0.32649 0.21862 0.99154
197.75000 0.08212 0.35835 0.33148 0.21982 0.99176
198.00000 0.08215 0.36211 0.33130 0.21578 0.99134
198.25000 0.08224 0.36362 0.33925 0.20621 0.99132
198.50000 0.08224 0.37867 0.32893 0.20141 0.99126
198.75000 0.08225 0.37643 0.33473 0.19821 0.99162
199.00000 0.08228 0.37251 0.34443 0.19194 0.99116
199.25000 0.08234 0.36060 0.35801 0.19009 0.99104
199.50000 0.08244 0.35218 0.36925 0.18709 0.99096
199.75000 0.08247 0.34672 0.38256 0.17927 0.99102
200.00000 0.08252 0.34824 0.37672 0.18346 0.99094
200.25000 0.08258 0.34740 0.37058 0.19035 0.99092
200.50000 0.08261 0.34635 0.37115 0.19081 0.99092
200.75000 0.08265 0.34709 0.36489 0.19640 0.99103
201.00000 0.08270 0.35566 0.35284 0.19889 0.99009
201.25000 0.08269 0.36403 0.34672 0.19675 0.99019
201.50000 0.08273 0.35671 0.35397 0.19683 0.99025
201.75000 0.08272 0.35231 0.36121 0.19391 0.99015
202.00000 0.08274 0.34348 0.37325 0.19056 0.99003
202.25000 0.08279 0.34413 0.37221 0.19091 0.99004
202.50000 0.08276 0.34417 0.36858 0.19490 0.99041
202.75000 0.08265 0.34960 0.36135 0.19633 0.98992
203.00000 0.08256 0.35722 0.34738 0.20270 0.98987
203.25000 0.08251 0.36244 0.34417 0.20107 0.99019
203.50000 0.08244 0.36306 0.34564 0.19896 0.99009
203.75000 0.08236 0.36484 0.34421 0.19888 0.99029
204.00000 0.08232 0.36175 0.33842 0.20827 0.99075
204.25000 0.08229 0.36987 0.32818 0.21040 0.99074
204.50000 0.08233 0.37881 0.32048 0.20921 0.99082
204.75000 0.08237 0.38260 0.31462 0.21118 0.99078
205.00000 0.08241 0.37866 0.31730 0.21217 0.99054
205.25000 0.08250 0.37704 0.32004 0.21089 0.99048
205.50000 0.08258 0.37743 0.32378 0.20658 0.99037
205.75000 0.08261 0.37557 0.32627 0.20568 0.99014
206.00000 0.08258 0.38317 0.32164 0.20084 0.98823
206.25000 0.08255 0.39572 0.30806 0.20200 0.98834
206.50000 0.08253 0.40412 0.29949 0.20156 0.98770
206.75000 0.08254 0.40811 0.29067 0.20636 0.98768
207.00000 0.08256 0.40291 0.29671 0.20564 0.98782
207.25000 0.08258 0.40597 0.29537 0.20392 0.98784
207.50000 0.08260 0.40764 0.29612 0.20146 0.98783
207.75000 0.08269 0.41089 0.30316 0.19104 0.98777
208.00000 0.08278 0.41424 0.30267 0.18814 0.98783
208.25000 0.08294 0.42015 0.29964 0.18509 0.98781
208.50000 0.08307 0.42306 0.29622 0.18533 0.98768
208.75000 0.08322 0.42578 0.29711 0.18184 0.98796
209.00000 0.08333 0.42986 0.30000 0.17494 0.98814
209.25000 0.08352 0.43333 0.30164 0.16943 0.98792
209.50000 0.08372 0.42947 0.30708 0.16759 0.98786
209.75000 0.08397 0.43516 0.29096 0.17761 0.98770
210.00000 0.08421 0.43293 0.29802 0.17260 0.98776
210.25000 0.08438 0.42691 0.30780 0.16859 0.98768
210.50000 0.08457 0.42662 0.30998 0.16644 0.98761
210.75000 0.08473 0.42900 0.31316 0.16017 0.98706
211.00000 0.08479 0.42933 0.31223 0.16069 0.98703
211.25000 0.08483 0.42724 0.31527 0.16032 0.98767
211.50000 0.08487 0.42234 0.32111 0.15956 0.98789
211.75000 0.08492 0.42167 0.32189 0.15990 0.98838
212.00000 0.08498 0.43099 0.31246 0.16046 0.98889
212.25000 0.08508 0.43957 0.30300 0.16255 0.99020
212.50000 0.08511 0.44204 0.29935 0.16377 0.99027
212.75000 0.08530 0.43033 0.31076 0.16363 0.99003
213.00000 0.08541 0.42688 0.30641 0.17107 0.98977
213.25000 0.08547 0.42054 0.30613 0.17783 0.98997
213.50000 0.08553 0.42077 0.29797 0.18519 0.98946
213.75000 0.08566 0.42410 0.29086 0.18911 0.98973
214.00000 0.08576 0.42969 0.28889 0.18644 0.99078
214.25000 0.08583 0.44006 0.27699 0.18768 0.99056
214.50000 0.08585 0.43844 0.27658 0.18968 0.99055
214.75000 0.08590 0.43622 0.28383 0.18457 0.99052
215.00000 0.08589 0.43510 0.28037 0.18915 0.99051
215.25000 0.08589 0.44035 0.27035 0.19391 0.99050
215.50000 0.08595 0.44683 0.26334 0.19448 0.99060
215.75000 0.08590 0.41806 0.29882 0.18701 0.98980
216.00000 0.08588 0.42090 0.30256 0.18300 0.99234
216.25000 0.08600 0.42212 0.29972 0.18438 0.99222
216.50000 0.08601 0.42412 0.29712 0.18530 0.99254
216.75000 0.08604 0.43059 0.29573 0.18016 0.99251
217.00000 0.08614 0.43203 0.29365 0.18080 0.99261
217.25000 0.08616 0.44551 0.28024 0.17950 0.99141
217.50000 0.08624 0.45213 0.27804 0.17393 0.99034
217.75000 0.08631 0.44761 0.27607 0.18061 0.99060
218.00000 0.08637 0.43975 0.28391 0.18093 0.99095
218.25000 0.08635 0.43631 0.29768 0.17079 0.99113
218.50000 0.08638 0.42163 0.31802 0.16599 0.99201
218.75000 0.08644 0.41384 0.33516 0.15740 0.99284
219.00000 0.08653 0.40930 0.34211 0.15588 0.99383
219.25000 0.08665 0.40226 0.35680 0.14865 0.99436
219.50000 0.08669 0.39385 0.35109 0.16276 0.99438
219.75000 0.08673 0.37665 0.36802 0.16304 0.99444
220.00000 0.08677 0.38366 0.36492 0.15900 0.99436
220.25000 0.08691 0.38298 0.36682 0.15833 0.99503
220.50000 0.08706 0.38047 0.37002 0.15751 0.99506
220.75000 0.08715 0.36395 0.38548 0.15853 0.99510
221.00000 0.08734 0.35646 0.38737 0.16390 0.99507
221.25000 0.08749 0.34765 0.39375 0.16620 0.99510
221.50000 0.08765 0.34442 0.39418 0.16903 0.99528
221.75000 0.08783 0.34447 0.39236 0.17056 0.99523
222.00000 0.08795 0.34282 0.39285 0.17157 0.99519
222.25000 0.08811 0.34158 0.38934 0.17619 0.99522
222.50000 0.08829 0.34977 0.37643 0.18152 0.99602
222.75000 0.08860 0.35388 0.37183 0.18267 0.99698
223.00000 0.08886 0.36581 0.35908 0.18349 0.99724
223.25000 0.08922 0.37303 0.34944 0.18565 0.99734
223.50000 0.08955 0.38186 0.33476 0.19125 0.99742
223.75000 0.08982 0.38218 0.33293 0.19272 0.99764
224.00000 0.09007 0.38024 0.33463 0.19284 0.99778
224.25000 0.09036 0.37854 0.33071 0.19822 0.99783
224.50000 0.09066 0.37221 0.33019 0.20504 0.99811
224.75000 0.09092 0.38213 0.31674 0.20946 0.99925
225.00000 0.09118 0.37935 0.32194 0.20622 0.99869
225.25000 0.09148 0.37463 0.32970 0.20282 0.99863
225.50000 0.09179 0.38985 0.31658 0.20073 0.99896
225.75000 0.09206 0.38634 0.32564 0.19618 1.00022
226.00000 0.09229 0.37532 0.34373 0.19074 1.00208
226.25000 0.09256 0.36588 0.35639 0.18846 1.00329
226.50000 0.09283 0.36380 0.36261 0.18437 1.00362
226.75000 0.09311 0.36236 0.36529 0.18284 1.00360
227.00000 0.09341 0.36051 0.36462 0.18505 1.00360
227.25000 0.09359 0.35839 0.36663 0.18529 1.00390
227.50000 0.09370 0.37930 0.34876 0.18221 1.00397
227.75000 0.09375 0.38958 0.34619 0.17459 1.00411
228.00000 0.09385 0.38680 0.35009 0.17350 1.00424
228.25000 0.09398 0.39556 0.34251 0.17214 1.00420
228.50000 0.09406 0.40794 0.33134 0.17035 1.00369
228.75000 0.09414 0.41325 0.32769 0.16862 1.00370
229.00000 0.09419 0.42348 0.31503 0.17088 1.00357
229.25000 0.09426 0.42115 0.31182 0.17621 1.00344
229.50000 0.09437 0.41993 0.30552 0.18363 1.00346
229.75000 0.09447 0.42653 0.29508 0.18743 1.00350
230.00000 0.09444 0.43316 0.28632 0.18964 1.00356
230.25000 0.09449 0.43872 0.27737 0.19307 1.00365
230.50000 0.09458 0.44051 0.27030 0.19824 1.00363
230.75000 0.09464 0.43582 0.27331 0.19980 1.00357
231.00000 0.09467 0.43425 0.27675 0.19867 1.00434
231.25000 0.09473 0.43546 0.27444 0.19985 1.00448
231.50000 0.09489 0.43315 0.27607 0.20048 1.00459
231.75000 0.09506 0.43981 0.26959 0.20030 1.00476
232.00000 0.09520 0.43395 0.27663 0.19919 1.00497
232.25000 0.09516 0.43425 0.27182 0.20358 1.00481
232.50000 0.09526 0.43309 0.27361 0.20310 1.00506
232.75000 0.09527 0.42044 0.28271 0.20621 1.00464
233.00000 0.09530 0.41627 0.28773 0.20552 1.00482
233.25000 0.09541 0.42002 0.28472 0.20478 1.00493
233.50000 0.09552 0.43335 0.27387 0.20193 1.00467
233.75000 0.09572 0.43276 0.27501 0.20111 1.00460
234.00000 0.09595 0.43242 0.27521 0.20107 1.00464
234.25000 0.09618 0.43783 0.26991 0.20099 1.00491
234.50000 0.09637 0.45364 0.25477 0.20021 1.00499
234.75000 0.09669 0.44942 0.25977 0.19877 1.00465
235.00000 0.09696 0.46249 0.24530 0.19887 1.00362
235.25000 0.09726 0.46309 0.24540 0.19786 1.00360
235.50000 0.09751 0.46534 0.24887 0.18989 1.00160
235.75000 0.09782 0.46487 0.25031 0.18885 1.00186
236.00000 0.09818 0.46734 0.25130 0.18513 1.00195
236.25000 0.09841 0.46343 0.26015 0.18060 1.00259
236.50000 0.09869 0.45596 0.27303 0.17477 1.00245
236.75000 0.09892 0.44507 0.28460 0.17384 1.00243
237.00000 0.09916 0.43394 0.29491 0.17450 1.00251
237.25000 0.09938 0.42772 0.30011 0.17536 1.00257
237.50000 0.09956 0.42328 0.30314 0.17662 1.00260
237.75000 0.09970 0.41741 0.31049 0.17507 1.00267
238.00000 0.09977 0.41485 0.31393 0.17338 1.00193
238.25000 0.09982 0.41607 0.31480 0.17128 1.00197
238.50000 0.09995 0.41130 0.32911 0.16149 1.00185
238.75000 0.10009 0.40128 0.34357 0.15693 1.00186
239.00000 0.10012 0.39823 0.34796 0.15555 1.00186
239.25000 0.10017 0.39929 0.34852 0.15395 1.00193
239.50000 0.10028 0.39633 0.35198 0.15314 1.00173
239.75000 0.10038 0.40189 0.34883 0.15050 1.00161
240.00000 0.10054 0.39852 0.34445 0.15777 1.00128
240.25000 0.10062 0.40961 0.32222 0.16850 1.00095
240.50000 0.10080 0.40791 0.32243 0.16969 1.00083
240.75000 0.10097 0.39920 0.33039 0.17021 1.00077
241.00000 0.10119 0.39329 0.33532 0.17100 1.00080
241.25000 0.10149 0.38755 0.33780 0.17390 1.00074
241.50000 0.10176 0.38423 0.33640 0.17831 1.00071
241.75000 0.10203 0.38700 0.33294 0.17888 1.00085
242.00000 0.10235 0.37253 0.34601 0.18034 1.00122
242.25000 0.10270 0.37129 0.34265 0.18309 0.99974
242.50000 0.10309 0.38190 0.31868 0.19645 1.00012
242.75000 0.10345 0.38259 0.32173 0.19236 1.00012
243.00000 0.10385 0.37229 0.33574 0.18828 1.00017
243.25000 0.10431 0.36865 0.33915 0.18799 1.00011
243.50000 0.10472 0.37399 0.33835 0.18309 1.00015
243.75000 0.10504 0.37227 0.33333 0.19030 1.00094
244.00000 0.10534 0.37244 0.33122 0.19179 1.00080
244.25000 0.10570 0.37556 0.32571 0.19372 1.00069
244.50000 0.10597 0.37876 0.32336 0.19281 1.00090
244.75000 0.10622 0.38501 0.32677 0.18276 1.00076
245.00000 0.10648 0.39694 0.31011 0.18753 1.00106
245.25000 0.10665 0.39407 0.31637 0.18416 1.00124
245.50000 0.10679 0.40005 0.31325 0.18116 1.00125
245.75000 0.10705 0.39464 0.32218 0.17737 1.00124
246.00000 0.10723 0.38958 0.32938 0.17353 0.99973
246.25000 0.10749 0.38877 0.33309 0.17070 1.00005
246.50000 0.10767 0.39263 0.33028 0.16818 0.99876
246.75000 0.10776 0.39027 0.33229 0.16858 0.99889
247.00000 0.10791 0.39833 0.32310 0.16947 0.99881
247.25000 0.10812 0.40410 0.31526 0.17237 0.99986
247.50000 0.10824 0.39964 0.31355 0.17796 0.99940
247.75000 0.10835 0.39632 0.31447 0.18036 0.99950
248.00000 0.10850 0.39456 0.31690 0.17962 0.99959
248.25000 0.10865 0.39258 0.32042 0.17798 0.99963
248.50000 0.10870 0.39310 0.32035 0.17688 0.99904
248.75000 0.10885 0.38720 0.32478 0.17787 0.99870
249.00000 0.10901 0.38774 0.32360 0.17837 0.99873
249.25000 0.10907 0.38662 0.32753 0.17600 0.99921
249.50000 0.10924 0.38608 0.32868 0.17589 0.99988
249.75000 0.10934 0.38966 0.32389 0.17733 1.00022
250.00000 0.10948 0.39575 0.31584 0.17932 1.00039
