0.00000 0.00000 0.00000 1.00000 0.00000 1.00000
0.25000 0.00001 0.01123 0.97709 0.01168 1.00000
0.50000 0.00002 0.02090 0.95825 0.02083 1.00000
0.75000 0.00005 0.04984 0.92632 0.02379 1.00000
1.00000 0.00010 0.07591 0.89698 0.02702 1.00001
1.25000 0.00016 0.09396 0.86892 0.03712 1.00016
1.50000 0.00023 0.11582 0.84348 0.04064 1.00017
1.75000 0.00031 0.14730 0.80853 0.04409 1.00024
2.00000 0.00042 0.16991 0.78132 0.04907 1.00072
2.25000 0.00054 0.19051 0.75684 0.05289 1.00078
2.50000 0.00068 0.22474 0.71639 0.05902 1.00083
2.75000 0.00085 0.26500 0.67705 0.05811 1.00101
3.00000 0.00103 0.31403 0.62984 0.05657 1.00147
3.25000 0.00122 0.36001 0.58014 0.06061 1.00198
3.50000 0.00144 0.39005 0.54943 0.06149 1.00240
3.75000 0.00166 0.43292 0.50383 0.06478 1.00319
4.00000 0.00190 0.45418 0.47860 0.06872 1.00340
4.25000 0.00216 0.49502 0.43657 0.07009 1.00384
4.50000 0.00242 0.52757 0.40664 0.06764 1.00427
4.75000 0.00269 0.56095 0.37322 0.06747 1.00433
5.00000 0.00296 0.57991 0.35444 0.06749 1.00479
5.25000 0.00322 0.60004 0.33069 0.07091 1.00486
5.50000 0.00349 0.61784 0.30927 0.07436 1.00495
5.75000 0.00377 0.63513 0.29106 0.07506 1.00502
6.00000 0.00404 0.64460 0.28041 0.07598 1.00503
6.25000 0.00431 0.65288 0.27357 0.07420 1.00496
6.50000 0.00457 0.66883 0.25975 0.07175 1.00489
6.75000 0.00480 0.67737 0.25013 0.07255 1.00485
7.00000 0.00503 0.68747 0.23937 0.07287 1.00474
7.25000 0.00526 0.69145 0.23991 0.06821 1.00483
7.50000 0.00547 0.70297 0.22762 0.06880 1.00486
7.75000 0.00569 0.70696 0.22643 0.06578 1.00486
8.00000 0.00589 0.71187 0.22054 0.06657 1.00488
8.25000 0.00608 0.72303 0.20895 0.06684 1.00489
8.50000 0.00626 0.73271 0.19861 0.06732 1.00490
8.75000 0.00644 0.74214 0.18891 0.06743 1.00492
9.00000 0.00660 0.74684 0.18404 0.06750 1.00499
9.25000 0.00678 0.74974 0.18096 0.06753 1.00501
9.50000 0.00694 0.75343 0.17673 0.06777 1.00487
9.75000 0.00711 0.75249 0.17706 0.06815 1.00480
10.00000 0.00729 0.75481 0.17415 0.06857 1.00482
10.25000 0.00746 0.75168 0.17665 0.06906 1.00484
10.50000 0.00764 0.74959 0.17808 0.06956 1.00486
10.75000 0.00782 0.74382 0.18160 0.07168 1.00492
11.00000 0.00801 0.75371 0.17139 0.07179 1.00491
11.25000 0.00823 0.75458 0.16966 0.07248 1.00495
11.50000 0.00844 0.74652 0.17708 0.07295 1.00499
11.75000 0.00864 0.74240 0.17987 0.07410 1.00500
12.00000 0.00884 0.73797 0.18383 0.07433 1.00498
12.25000 0.00906 0.72820 0.19329 0.07448 1.00503
12.50000 0.00926 0.72741 0.19374 0.07476 1.00516
12.75000 0.00946 0.70560 0.21573 0.07440 1.00518
13.00000 0.00968 0.69236 0.22832 0.07485 1.00520
13.25000 0.00988 0.67779 0.24195 0.07563 1.00525
13.50000 0.01009 0.66641 0.25271 0.07607 1.00527
13.75000 0.01029 0.64781 0.26682 0.08034 1.00525
14.00000 0.01047 0.63648 0.27406 0.08424 1.00525
14.25000 0.01064 0.62472 0.28500 0.08487 1.00523
14.50000 0.01083 0.61689 0.29117 0.08638 1.00527
14.75000 0.01100 0.59958 0.30720 0.08751 1.00528
15.00000 0.01118 0.57954 0.32546 0.08912 1.00531
15.25000 0.01135 0.56137 0.34465 0.08792 1.00529
15.50000 0.01153 0.54463 0.36041 0.08870 1.00527
15.75000 0.01173 0.52100 0.38311 0.08945 1.00528
16.00000 0.01190 0.50608 0.39624 0.09126 1.00549
16.25000 0.01207 0.49601 0.40431 0.09310 1.00548
16.50000 0.01222 0.48054 0.41669 0.09601 1.00547
16.75000 0.01239 0.46665 0.42909 0.09742 1.00555
17.00000 0.01254 0.44754 0.44900 0.09682 1.00590
17.25000 0.01269 0.42988 0.46081 0.10284 1.00621
17.50000 0.01284 0.42087 0.45754 0.11596 1.00721
17.75000 0.01298 0.41056 0.46249 0.12122 1.00726
18.00000 0.01311 0.39759 0.47407 0.12260 1.00738
18.25000 0.01325 0.38498 0.48385 0.12546 1.00754
18.50000 0.01336 0.37886 0.48751 0.12779 1.00752
18.75000 0.01345 0.36516 0.49811 0.13073 1.00746
19.00000 0.01356 0.36199 0.49265 0.13970 1.00790
19.25000 0.01367 0.34984 0.50336 0.14097 1.00783
19.50000 0.01375 0.34787 0.50247 0.14370 1.00779
19.75000 0.01385 0.35211 0.49550 0.14635 1.00781
20.00000 0.01396 0.35725 0.48511 0.15135 1.00768
20.25000 0.01408 0.35952 0.47970 0.15467 1.00797
20.50000 0.01422 0.36043 0.47689 0.15633 1.00788
20.75000 0.01435 0.36373 0.47710 0.15244 1.00762
21.00000 0.01451 0.37033 0.47058 0.15226 1.00768
21.25000 0.01467 0.37195 0.47110 0.14997 1.00770
21.50000 0.01484 0.37863 0.46958 0.14479 1.00785
21.75000 0.01502 0.37872 0.46904 0.14526 1.00804
22.00000 0.01518 0.39090 0.45653 0.14552 1.00814
22.25000 0.01535 0.39189 0.45466 0.14608 1.00799
22.50000 0.01555 0.39733 0.44880 0.14619 1.00787
22.75000 0.01571 0.41426 0.43002 0.14769 1.00768
23.00000 0.01588 0.42653 0.41452 0.15084 1.00776
23.25000 0.01603 0.43533 0.40462 0.15250 1.00848
23.50000 0.01621 0.45050 0.39000 0.15192 1.00864
23.75000 0.01637 0.45862 0.38738 0.14613 1.00851
24.00000 0.01653 0.45657 0.38563 0.14964 1.00837
24.25000 0.01669 0.47617 0.36571 0.14980 1.00837
24.50000 0.01680 0.48829 0.35715 0.14622 1.00846
24.75000 0.01692 0.49416 0.35225 0.14511 1.00845
25.00000 0.01703 0.51089 0.34195 0.13865 1.00853
25.25000 0.01711 0.52295 0.33300 0.13565 1.00870
25.50000 0.01721 0.53326 0.32355 0.13382 1.00783
25.75000 0.01731 0.53557 0.31837 0.13683 1.00808
26.00000 0.01741 0.55122 0.30707 0.13248 1.00819
26.25000 0.01749 0.55448 0.30675 0.12963 1.00835
26.50000 0.01758 0.56793 0.29320 0.12958 1.00829
26.75000 0.01769 0.57749 0.28292 0.13000 1.00809
27.00000 0.01780 0.57850 0.28077 0.13099 1.00805
27.25000 0.01789 0.58615 0.27203 0.13196 1.00803
27.50000 0.01801 0.58705 0.27031 0.13265 1.00803
27.75000 0.01809 0.59087 0.26464 0.13441 1.00802
28.00000 0.01820 0.59121 0.25996 0.13865 1.00802
28.25000 0.01831 0.60063 0.25220 0.13680 1.00794
28.50000 0.01845 0.60344 0.24794 0.13815 1.00797
28.75000 0.01858 0.60520 0.24525 0.13886 1.00788
29.00000 0.01867 0.60901 0.24093 0.13899 1.00761
29.25000 0.01880 0.60934 0.24231 0.13747 1.00792
29.50000 0.01894 0.60986 0.24305 0.13610 1.00796
29.75000 0.01910 0.60881 0.24219 0.13807 1.00817
30.00000 0.01923 0.60412 0.24567 0.13921 1.00823
30.25000 0.01936 0.61814 0.23272 0.13810 1.00832
30.50000 0.01949 0.62454 0.22876 0.13571 1.00849
30.75000 0.01964 0.62582 0.22337 0.13968 1.00851
31.00000 0.01977 0.62394 0.22438 0.14028 1.00837
31.25000 0.01992 0.62506 0.22178 0.14134 1.00810
31.50000 0.02009 0.62055 0.22705 0.14044 1.00813
31.75000 0.02025 0.61737 0.23329 0.13718 1.00809
32.00000 0.02041 0.62081 0.22968 0.13715 1.00805
32.25000 0.02056 0.61317 0.23487 0.13951 1.00811
32.50000 0.02069 0.60615 0.24153 0.13983 1.00820
32.75000 0.02082 0.59763 0.24968 0.14004 1.00817
33.00000 0.02093 0.59009 0.25643 0.14075 1.00819
33.25000 0.02104 0.57845 0.26354 0.14546 1.00849
33.50000 0.02116 0.56849 0.27178 0.14702 1.00844
33.75000 0.02123 0.55256 0.28522 0.14921 1.00823
34.00000 0.02132 0.53547 0.30098 0.15030 1.00807
34.25000 0.02139 0.51985 0.31528 0.15148 1.00800
34.50000 0.02147 0.50748 0.32771 0.15122 1.00788
34.75000 0.02158 0.49111 0.34186 0.15336 1.00790
35.00000 0.02169 0.47249 0.35901 0.15482 1.00801
35.25000 0.02180 0.45539 0.37511 0.15580 1.00810
35.50000 0.02193 0.44673 0.38294 0.15711 1.00871
35.75000 0.02209 0.44246 0.38691 0.15727 1.00873
36.00000 0.02225 0.42942 0.40294 0.15413 1.00873
36.25000 0.02241 0.40884 0.42436 0.15313 1.00875
36.50000 0.02256 0.40440 0.43273 0.14914 1.00883
36.75000 0.02273 0.39712 0.44187 0.14670 1.00841
37.00000 0.02286 0.38933 0.45177 0.14444 1.00841
37.25000 0.02303 0.38520 0.45530 0.14493 1.00846
37.50000 0.02316 0.38580 0.45379 0.14549 1.00825
37.75000 0.02330 0.38330 0.45600 0.14563 1.00824
38.00000 0.02342 0.37849 0.45823 0.14838 1.00852
38.25000 0.02356 0.37080 0.46371 0.15052 1.00859
38.50000 0.02370 0.36776 0.46659 0.15058 1.00861
38.75000 0.02382 0.36274 0.46774 0.15431 1.00862
39.00000 0.02394 0.35933 0.47103 0.15440 1.00871
39.25000 0.02406 0.35662 0.47550 0.15278 1.00896
39.50000 0.02417 0.35119 0.48067 0.15288 1.00891
39.75000 0.02431 0.34640 0.48236 0.15581 1.00888
40.00000 0.02446 0.34659 0.48103 0.15682 1.00890
40.25000 0.02461 0.34698 0.47907 0.15807 1.00873
40.50000 0.02474 0.34684 0.47854 0.15863 1.00875
40.75000 0.02489 0.35202 0.47247 0.15937 1.00875
41.00000 0.02503 0.35890 0.46502 0.15995 1.00889
41.25000 0.02514 0.37298 0.45091 0.16014 1.00917
41.50000 0.02526 0.37810 0.44587 0.16020 1.00943
41.75000 0.02539 0.38953 0.43357 0.16093 1.00942
42.00000 0.02551 0.40806 0.41339 0.16256 1.00952
42.25000 0.02566 0.41205 0.40665 0.16545 1.00981
42.50000 0.02581 0.42115 0.39485 0.16742 1.00922
42.75000 0.02592 0.43375 0.38405 0.16550 1.00922
43.00000 0.02606 0.44137 0.37631 0.16557 1.00931
43.25000 0.02620 0.45046 0.36703 0.16566 1.00935
43.50000 0.02632 0.45427 0.36214 0.16653 1.00926
43.75000 0.02646 0.45767 0.36206 0.16288 1.00906
44.00000 0.02660 0.45646 0.36816 0.15802 1.00925
44.25000 0.02674 0.46306 0.36404 0.15399 1.00783
44.50000 0.02687 0.46971 0.36068 0.15056 1.00782
44.75000 0.02702 0.48264 0.34947 0.14867 1.00779
45.00000 0.02718 0.49690 0.33356 0.14957 1.00721
45.25000 0.02732 0.50122 0.32634 0.15226 1.00714
45.50000 0.02747 0.50676 0.32495 0.14793 1.00712
45.75000 0.02762 0.50886 0.32038 0.15015 1.00701
46.00000 0.02780 0.51177 0.31613 0.15122 1.00691
46.25000 0.02793 0.51889 0.30941 0.15055 1.00679
46.50000 0.02811 0.53143 0.29646 0.15071 1.00672
46.75000 0.02830 0.53395 0.29346 0.15095 1.00667
47.00000 0.02847 0.53748 0.28919 0.15147 1.00662
47.25000 0.02867 0.53430 0.29211 0.15156 1.00664
47.50000 0.02887 0.53840 0.28947 0.14989 1.00664
47.75000 0.02910 0.53923 0.29081 0.14762 1.00676
48.00000 0.02930 0.53910 0.29412 0.14424 1.00675
48.25000 0.02950 0.54297 0.29021 0.14424 1.00691
48.50000 0.02969 0.54296 0.29063 0.14361 1.00690
48.75000 0.02990 0.54159 0.29406 0.14139 1.00694
49.00000 0.03010 0.54212 0.29355 0.14105 1.00682
49.25000 0.03031 0.54255 0.29235 0.14112 1.00633
49.50000 0.03053 0.54633 0.28838 0.14093 1.00618
49.75000 0.03074 0.54742 0.28623 0.14203 1.00642
50.00000 0.03092 0.55561 0.27659 0.14342 1.00654
50.25000 0.03110 0.56601 0.26549 0.14411 1.00670
50.50000 0.03127 0.57133 0.25755 0.14679 1.00694
50.75000 0.03145 0.57988 0.24727 0.14841 1.00700
51.00000 0.03161 0.57955 0.24595 0.15021 1.00733
51.25000 0.03175 0.57250 0.25174 0.15155 1.00754
51.50000 0.03185 0.56525 0.25800 0.15260 1.00770
51.75000 0.03196 0.55674 0.26646 0.15265 1.00780
52.00000 0.03208 0.55503 0.27135 0.14995 1.00842
52.25000 0.03219 0.54751 0.28028 0.14858 1.00855
52.50000 0.03233 0.54255 0.28795 0.14571 1.00853
52.75000 0.03250 0.53548 0.29588 0.14482 1.00868
53.00000 0.03269 0.52936 0.30054 0.14623 1.00882
53.25000 0.03286 0.52262 0.30154 0.15163 1.00866
53.50000 0.03307 0.50707 0.31415 0.15451 1.00881
53.75000 0.03329 0.50453 0.31300 0.15795 1.00878
54.00000 0.03347 0.49123 0.32484 0.15933 1.00887
54.25000 0.03363 0.48073 0.33501 0.15963 1.00900
54.50000 0.03381 0.47415 0.34137 0.15964 1.00897
54.75000 0.03399 0.47288 0.34118 0.16103 1.00909
55.00000 0.03419 0.47896 0.33435 0.16170 1.00920
55.25000 0.03439 0.47223 0.33721 0.16546 1.00930
55.50000 0.03457 0.46067 0.34764 0.16622 1.00909
55.75000 0.03473 0.45460 0.35168 0.16812 1.00914
56.00000 0.03492 0.44974 0.35215 0.17238 1.00919
56.25000 0.03511 0.44714 0.35638 0.17063 1.00925
56.50000 0.03526 0.44530 0.35824 0.17046 1.00927
56.75000 0.03536 0.44409 0.35960 0.17042 1.00947
57.00000 0.03555 0.44007 0.36339 0.17058 1.00960
57.25000 0.03568 0.43613 0.36412 0.17337 1.00930
57.50000 0.03581 0.42406 0.37542 0.17430 1.00958
57.75000 0.03592 0.41922 0.37901 0.17542 1.00957
58.00000 0.03605 0.41176 0.38847 0.17312 1.00940
58.25000 0.03619 0.41040 0.39154 0.17145 1.00958
58.50000 0.03634 0.40930 0.39306 0.17117 1.00988
58.75000 0.03653 0.40567 0.40171 0.16611 1.01002
59.00000 0.03666 0.40379 0.40649 0.16319 1.01012
59.25000 0.03682 0.40513 0.40387 0.16414 1.00996
59.50000 0.03696 0.40855 0.40098 0.16371 1.01020
59.75000 0.03715 0.40945 0.40179 0.16187 1.01026
60.00000 0.03735 0.41333 0.40089 0.15871 1.01028
60.25000 0.03752 0.41915 0.39532 0.15818 1.01017
60.50000 0.03768 0.42169 0.39404 0.15646 1.00987
60.75000 0.03782 0.42733 0.39296 0.15208 1.01019
61.00000 0.03800 0.43884 0.38329 0.14988 1.01001
61.25000 0.03817 0.44853 0.37337 0.14999 1.01006
61.50000 0.03837 0.45177 0.36963 0.15003 1.00980
61.75000 0.03854 0.45457 0.36709 0.14963 1.00982
62.00000 0.03872 0.45402 0.36858 0.14862 1.00994
62.25000 0.03890 0.45214 0.37236 0.14660 1.01000
62.50000 0.03913 0.45526 0.36789 0.14776 1.01004
62.75000 0.03934 0.45903 0.36329 0.14866 1.01032
63.00000 0.03961 0.46345 0.35752 0.14984 1.01042
63.25000 0.03987 0.47204 0.35061 0.14806 1.01058
63.50000 0.04015 0.48338 0.34098 0.14628 1.01078
63.75000 0.04041 0.48579 0.33848 0.14615 1.01083
64.00000 0.04067 0.48743 0.33705 0.14550 1.01065
64.25000 0.04094 0.48842 0.33363 0.14767 1.01067
64.50000 0.04118 0.48446 0.33529 0.14981 1.01074
64.75000 0.04147 0.48519 0.33268 0.15145 1.01079
65.00000 0.04175 0.49087 0.32648 0.15166 1.01076
65.25000 0.04201 0.49331 0.32547 0.14978 1.01058
65.50000 0.04230 0.50251 0.31838 0.14767 1.01085
65.75000 0.04260 0.50566 0.31241 0.15018 1.01085
66.00000 0.04293 0.51215 0.30046 0.15549 1.01103
66.25000 0.04324 0.52184 0.28708 0.15945 1.01161
66.50000 0.04353 0.52706 0.28170 0.15950 1.01179
66.75000 0.04380 0.52930 0.28108 0.15762 1.01180
67.00000 0.04405 0.53008 0.27985 0.15791 1.01189
67.25000 0.04426 0.53333 0.27630 0.15787 1.01176
67.50000 0.04452 0.53433 0.27633 0.15651 1.01169
67.75000 0.04475 0.53216 0.28070 0.15416 1.01177
68.00000 0.04498 0.52832 0.28712 0.15127 1.01169
68.25000 0.04521 0.52459 0.29156 0.15026 1.01162
68.50000 0.04542 0.52066 0.29702 0.14859 1.01169
68.75000 0.04563 0.51803 0.30113 0.14681 1.01161
69.00000 0.04583 0.52132 0.29879 0.14567 1.01160
69.25000 0.04603 0.52012 0.30141 0.14404 1.01160
69.50000 0.04626 0.51158 0.31111 0.14272 1.01166
69.75000 0.04651 0.51017 0.31359 0.14137 1.01165
70.00000 0.04677 0.50849 0.31475 0.14080 1.01081
70.25000 0.04706 0.50663 0.31496 0.14207 1.01072
70.50000 0.04730 0.50006 0.31710 0.14500 1.00946
70.75000 0.04759 0.49591 0.32083 0.14515 1.00948
71.00000 0.04785 0.48493 0.33030 0.14646 1.00953
71.25000 0.04813 0.48106 0.33517 0.14519 1.00955
71.50000 0.04843 0.47421 0.34020 0.14668 1.00951
71.75000 0.04873 0.46886 0.34075 0.15072 1.00906
72.00000 0.04902 0.46440 0.34355 0.15204 1.00901
72.25000 0.04933 0.46428 0.34287 0.15263 1.00912
72.50000 0.04962 0.46450 0.34135 0.15392 1.00940
72.75000 0.04990 0.46391 0.34146 0.15417 1.00944
73.00000 0.05022 0.45927 0.34665 0.15337 1.00951
73.25000 0.05052 0.45328 0.35104 0.15461 1.00945
73.50000 0.05079 0.44665 0.35654 0.15409 1.00807
73.75000 0.05108 0.44199 0.35538 0.15949 1.00794
74.00000 0.05138 0.43419 0.36075 0.16165 1.00797
74.25000 0.05164 0.42707 0.36086 0.16840 1.00797
74.50000 0.05191 0.42294 0.36148 0.17157 1.00789
74.75000 0.05219 0.41434 0.36556 0.17578 1.00787
75.00000 0.05241 0.40894 0.36829 0.17756 1.00720
75.25000 0.05264 0.40200 0.37146 0.18098 1.00708
75.50000 0.05286 0.39682 0.37698 0.18067 1.00733
75.75000 0.05303 0.38622 0.38626 0.18189 1.00740
76.00000 0.05320 0.37486 0.39645 0.18333 1.00784
76.25000 0.05342 0.37183 0.39845 0.18422 1.00792
76.50000 0.05360 0.36178 0.40625 0.18627 1.00790
76.75000 0.05379 0.35694 0.40932 0.18773 1.00778
77.00000 0.05399 0.35345 0.41012 0.19016 1.00772
77.25000 0.05416 0.35325 0.41099 0.18910 1.00750
77.50000 0.05436 0.35503 0.41011 0.18796 1.00746
77.75000 0.05455 0.35203 0.41522 0.18506 1.00687
78.00000 0.05471 0.35083 0.41991 0.18137 1.00682
78.25000 0.05491 0.35173 0.41554 0.18470 1.00689
78.50000 0.05508 0.35078 0.41838 0.18263 1.00688
78.75000 0.05529 0.35282 0.41615 0.18267 1.00692
79.00000 0.05553 0.34973 0.41785 0.18148 1.00458
79.25000 0.05573 0.35760 0.41367 0.17749 1.00449
79.50000 0.05595 0.36223 0.40955 0.17703 1.00476
79.75000 0.05615 0.36356 0.40728 0.17796 1.00495
80.00000 0.05632 0.36970 0.39991 0.17902 1.00495
80.25000 0.05651 0.37572 0.39337 0.17956 1.00517
80.50000 0.05666 0.38677 0.38189 0.17999 1.00531
80.75000 0.05680 0.39786 0.37247 0.17828 1.00541
81.00000 0.05694 0.41418 0.35851 0.17610 1.00573
81.25000 0.05707 0.42086 0.35216 0.17565 1.00575
81.50000 0.05720 0.42291 0.35132 0.17424 1.00566
81.75000 0.05734 0.42951 0.34271 0.17682 1.00639
82.00000 0.05748 0.43763 0.33327 0.17797 1.00635
82.25000 0.05764 0.44674 0.32292 0.17881 1.00611
82.50000 0.05777 0.45109 0.31720 0.18002 1.00608
82.75000 0.05791 0.45368 0.31152 0.18299 1.00611
83.00000 0.05811 0.45726 0.30602 0.18462 1.00601
83.25000 0.05831 0.46102 0.30071 0.18572 1.00577
83.50000 0.05854 0.46048 0.30121 0.18568 1.00591
83.75000 0.05874 0.46085 0.30034 0.18608 1.00602
84.00000 0.05897 0.46149 0.30043 0.18524 1.00614
84.25000 0.05920 0.46308 0.29851 0.18538 1.00616
84.50000 0.05946 0.46556 0.29527 0.18597 1.00626
84.75000 0.05972 0.46398 0.29964 0.18297 1.00631
85.00000 0.05996 0.46151 0.30152 0.18330 1.00629
85.25000 0.06024 0.45929 0.30271 0.18410 1.00634
85.50000 0.06049 0.46167 0.30016 0.18412 1.00643
85.75000 0.06076 0.46510 0.29673 0.18395 1.00654
86.00000 0.06104 0.45902 0.29990 0.18354 1.00350
86.25000 0.06130 0.45737 0.30146 0.18335 1.00348
86.50000 0.06155 0.46136 0.29502 0.18568 1.00360
86.75000 0.06172 0.46102 0.29481 0.18619 1.00374
87.00000 0.06188 0.46012 0.29504 0.18676 1.00379
87.25000 0.06201 0.46003 0.29498 0.18693 1.00394
87.50000 0.06219 0.45879 0.29665 0.18626 1.00389
87.75000 0.06233 0.45633 0.29656 0.18881 1.00403
88.00000 0.06246 0.45363 0.29749 0.19043 1.00400
88.25000 0.06263 0.44654 0.30423 0.19011 1.00351
88.50000 0.06283 0.44685 0.30448 0.18959 1.00375
88.75000 0.06305 0.44702 0.30365 0.19012 1.00384
89.00000 0.06325 0.44440 0.30750 0.18866 1.00381
89.25000 0.06348 0.44413 0.31083 0.18539 1.00383
89.50000 0.06367 0.44769 0.30749 0.18496 1.00381
89.75000 0.06389 0.45238 0.30272 0.18486 1.00385
90.00000 0.06410 0.45545 0.30106 0.18347 1.00408
90.25000 0.06433 0.45598 0.30536 0.17866 1.00431
90.50000 0.06453 0.44989 0.31218 0.17774 1.00435
90.75000 0.06477 0.45153 0.31001 0.17803 1.00434
91.00000 0.06503 0.46058 0.30139 0.17744 1.00443
91.25000 0.06529 0.45655 0.30685 0.17590 1.00459
91.50000 0.06559 0.45242 0.31039 0.17615 1.00455
91.75000 0.06585 0.45180 0.31044 0.17644 1.00453
92.00000 0.06616 0.44544 0.31634 0.17625 1.00419
92.25000 0.06647 0.44104 0.31909 0.17755 1.00416
92.50000 0.06674 0.43501 0.32472 0.17763 1.00410
92.75000 0.06702 0.42879 0.33165 0.17665 1.00411
93.00000 0.06730 0.41850 0.34141 0.17693 1.00414
93.25000 0.06761 0.41743 0.34287 0.17626 1.00417
93.50000 0.06790 0.41651 0.34534 0.17448 1.00422
93.75000 0.06820 0.41308 0.34787 0.17488 1.00404
94.00000 0.06845 0.40578 0.35512 0.17377 1.00312
94.25000 0.06869 0.40215 0.35468 0.17425 0.99977
94.50000 0.06889 0.39694 0.35796 0.17557 0.99935
94.75000 0.06905 0.39699 0.35662 0.17654 0.99920
95.00000 0.06921 0.39196 0.35824 0.17999 0.99939
95.25000 0.06936 0.38722 0.36226 0.18057 0.99941
95.50000 0.06943 0.38558 0.36433 0.18006 0.99940
95.75000 0.06950 0.38535 0.36592 0.17878 0.99955
96.00000 0.06960 0.38365 0.36456 0.18176 0.99957
96.25000 0.06970 0.38512 0.36308 0.18171 0.99961
96.50000 0.06981 0.38796 0.36070 0.18111 0.99958
96.75000 0.06991 0.39246 0.35853 0.17855 0.99945
97.00000 0.07005 0.39207 0.36027 0.17698 0.99938
97.25000 0.07018 0.39381 0.36043 0.17492 0.99934
97.50000 0.07029 0.39757 0.35618 0.17524 0.99929
97.75000 0.07040 0.39865 0.35569 0.17463 0.99937
98.00000 0.07046 0.40586 0.34927 0.17378 0.99936
98.25000 0.07050 0.40539 0.34998 0.17332 0.99919
98.50000 0.07057 0.40882 0.34305 0.17667 0.99911
98.75000 0.07062 0.40810 0.34207 0.17836 0.99915
99.00000 0.07071 0.41302 0.33660 0.17902 0.99935
99.25000 0.07078 0.41480 0.33351 0.18079 0.99988
99.50000 0.07085 0.41110 0.33592 0.18199 0.99985
99.75000 0.07089 0.41693 0.32999 0.18196 0.99977
100.00000 0.07096 0.41439 0.33264 0.18145 0.99943
100.25000 0.07103 0.41724 0.33029 0.18100 0.99956
100.50000 0.07108 0.41468 0.33323 0.18074 0.99973
100.75000 0.07114 0.41313 0.33485 0.18072 0.99984
101.00000 0.07120 0.41306 0.33484 0.18071 0.99981
101.25000 0.07126 0.40978 0.33984 0.17913 1.00001
101.50000 0.07131 0.40921 0.34331 0.17668 1.00051
101.75000 0.07135 0.41300 0.33983 0.17638 1.00056
102.00000 0.07136 0.42611 0.33206 0.17193 1.00146
102.25000 0.07142 0.43034 0.32969 0.17013 1.00157
102.50000 0.07144 0.42956 0.33180 0.16890 1.00170
102.75000 0.07147 0.43376 0.32789 0.16863 1.00174
103.00000 0.07151 0.43445 0.32588 0.16987 1.00171
103.25000 0.07154 0.43762 0.32297 0.16958 1.00172
103.50000 0.07167 0.43953 0.32172 0.16874 1.00165
103.75000 0.07181 0.44231 0.31931 0.16792 1.00136
104.00000 0.07193 0.44219 0.31795 0.16908 1.00114
104.25000 0.07205 0.44190 0.31460 0.17260 1.00114
104.50000 0.07220 0.44268 0.31221 0.17378 1.00088
104.75000 0.07230 0.44385 0.31051 0.17414 1.00080
105.00000 0.07246 0.44202 0.31213 0.17432 1.00093
105.25000 0.07266 0.43953 0.31518 0.17353 1.00090
105.50000 0.07285 0.43769 0.31792 0.17265 1.00112
105.75000 0.07305 0.44591 0.31226 0.17000 1.00123
106.00000 0.07327 0.44523 0.31400 0.16870 1.00120
106.25000 0.07346 0.45066 0.30593 0.17168 1.00173
106.50000 0.07370 0.45003 0.30619 0.17157 1.00149
106.75000 0.07398 0.45115 0.30693 0.16936 1.00142
107.00000 0.07434 0.45276 0.30483 0.16951 1.00144
107.25000 0.07465 0.45030 0.30570 0.17107 1.00172
107.50000 0.07500 0.45952 0.29581 0.17163 1.00196
107.75000 0.07538 0.46446 0.28906 0.17326 1.00217
108.00000 0.07571 0.46308 0.29339 0.17006 1.00224
108.25000 0.07609 0.45979 0.29634 0.16993 1.00215
108.50000 0.07640 0.46000 0.29919 0.16735 1.00294
108.75000 0.07674 0.46885 0.29393 0.16381 1.00333
109.00000 0.07707 0.47202 0.29056 0.16384 1.00349
109.25000 0.07741 0.46303 0.29894 0.16422 1.00360
109.50000 0.07772 0.45905 0.30424 0.16269 1.00370
109.75000 0.07802 0.45590 0.30872 0.16113 1.00377
110.00000 0.07827 0.45465 0.30668 0.16415 1.00374
110.25000 0.07852 0.44908 0.31581 0.16035 1.00376
110.50000 0.07873 0.44427 0.32037 0.16022 1.00359
110.75000 0.07885 0.43856 0.32557 0.16041 1.00339
111.00000 0.07899 0.43387 0.32918 0.16141 1.00345
111.25000 0.07913 0.43117 0.32882 0.16437 1.00349
111.50000 0.07921 0.42421 0.33516 0.16491 1.00348
111.75000 0.07929 0.41859 0.33978 0.16570 1.00336
112.00000 0.07935 0.41664 0.34037 0.16701 1.00336
112.25000 0.07938 0.41374 0.34148 0.16885 1.00344
112.50000 0.07943 0.41037 0.34524 0.16840 1.00344
112.75000 0.07948 0.40825 0.34404 0.17169 1.00346
113.00000 0.07950 0.40995 0.34322 0.17079 1.00345
113.25000 0.07952 0.40521 0.34833 0.17050 1.00355
113.50000 0.07949 0.40577 0.34909 0.16927 1.00362
113.75000 0.07946 0.40691 0.35083 0.16666 1.00386
114.00000 0.07942 0.40849 0.34940 0.16658 1.00388
114.25000 0.07943 0.41016 0.34703 0.16732 1.00394
114.50000 0.07946 0.41157 0.34408 0.16866 1.00377
114.75000 0.07950 0.40743 0.34491 0.17197 1.00380
115.00000 0.07949 0.40645 0.34295 0.17478 1.00367
115.25000 0.07950 0.40709 0.33922 0.17781 1.00362
115.50000 0.07955 0.40626 0.33203 0.18582 1.00366
115.75000 0.07959 0.40193 0.33641 0.18545 1.00337
116.00000 0.07965 0.39543 0.34232 0.18545 1.00285
116.25000 0.07968 0.39160 0.34204 0.18896 1.00227
116.50000 0.07981 0.38588 0.34542 0.19126 1.00238
116.75000 0.07989 0.39195 0.34168 0.18943 1.00295
117.00000 0.07997 0.39699 0.33723 0.18882 1.00300
117.25000 0.08004 0.40481 0.33126 0.18688 1.00299
117.50000 0.08012 0.40839 0.32818 0.18629 1.00298
117.75000 0.08012 0.41533 0.32406 0.18350 1.00301
118.00000 0.08018 0.41858 0.32165 0.18234 1.00275
118.25000 0.08021 0.41437 0.32480 0.18314 1.00251
118.50000 0.08027 0.41961 0.31981 0.18250 1.00219
118.75000 0.08029 0.42468 0.31488 0.18235 1.00221
119.00000 0.08037 0.42651 0.31438 0.18107 1.00233
119.25000 0.08046 0.42164 0.32325 0.17697 1.00232
119.50000 0.08058 0.42741 0.32148 0.17313 1.00260
119.75000 0.08072 0.42802 0.31926 0.17465 1.00265
120.00000 0.08084 0.43146 0.31278 0.17743 1.00250
120.25000 0.08096 0.43042 0.31022 0.18080 1.00240
120.50000 0.08111 0.43062 0.30973 0.18092 1.00238
120.75000 0.08136 0.43213 0.30667 0.18224 1.00240
121.00000 0.08153 0.43193 0.30733 0.18157 1.00236
121.25000 0.08172 0.43703 0.30361 0.17994 1.00231
121.50000 0.08191 0.43727 0.30366 0.17949 1.00233
121.75000 0.08213 0.43340 0.30455 0.18222 1.00230
122.00000 0.08240 0.42952 0.30696 0.18341 1.00229
122.25000 0.08269 0.43142 0.30355 0.18458 1.00224
122.50000 0.08298 0.43182 0.30476 0.18274 1.00229
122.75000 0.08327 0.43453 0.30318 0.18150 1.00248
123.00000 0.08355 0.43268 0.30378 0.18248 1.00248
123.25000 0.08384 0.43184 0.30414 0.18264 1.00246
123.50000 0.08410 0.43005 0.30597 0.18215 1.00227
123.75000 0.08439 0.43132 0.30506 0.18146 1.00222
124.00000 0.08468 0.43269 0.30243 0.18237 1.00216
124.25000 0.08504 0.43795 0.29781 0.18144 1.00223
124.50000 0.08529 0.43826 0.29743 0.18154 1.00252
124.75000 0.08555 0.44523 0.28697 0.18477 1.00253
125.00000 0.08581 0.44797 0.28642 0.18244 1.00265
125.25000 0.08603 0.44900 0.28811 0.17961 1.00274
125.50000 0.08635 0.44908 0.28941 0.17819 1.00304
125.75000 0.08659 0.45012 0.29036 0.17598 1.00305
126.00000 0.08681 0.44998 0.29089 0.17558 1.00325
126.25000 0.08701 0.45269 0.28981 0.17377 1.00328
126.50000 0.08719 0.44970 0.28877 0.17777 1.00342
126.75000 0.08736 0.45032 0.28622 0.17948 1.00338
127.00000 0.08747 0.44978 0.28529 0.18054 1.00307
127.25000 0.08758 0.44533 0.28847 0.18155 1.00293
127.50000 0.08772 0.44512 0.28837 0.18193 1.00313
127.75000 0.08780 0.44381 0.28885 0.18343 1.00390
128.00000 0.08789 0.44100 0.29179 0.18370 1.00438
128.25000 0.08796 0.43482 0.29483 0.18682 1.00444
128.50000 0.08806 0.43101 0.29863 0.18685 1.00455
128.75000 0.08815 0.42294 0.30195 0.19146 1.00449
129.00000 0.08821 0.41922 0.30570 0.19166 1.00478
129.25000 0.08828 0.41469 0.30748 0.19412 1.00456
129.50000 0.08833 0.40785 0.31216 0.19624 1.00458
129.75000 0.08844 0.40693 0.31475 0.19471 1.00483
130.00000 0.08855 0.40838 0.31236 0.19561 1.00490
130.25000 0.08858 0.40147 0.31752 0.19739 1.00496
130.50000 0.08866 0.40202 0.31646 0.19780 1.00494
130.75000 0.08877 0.39426 0.32289 0.19929 1.00520
131.00000 0.08883 0.39098 0.32452 0.20127 1.00560
131.25000 0.08895 0.38577 0.33148 0.20003 1.00623
131.50000 0.08910 0.38353 0.33283 0.20070 1.00616
131.75000 0.08926 0.38024 0.33340 0.20291 1.00581
132.00000 0.08944 0.37456 0.33777 0.20397 1.00575
132.25000 0.08964 0.37628 0.33303 0.20664 1.00560
132.50000 0.08988 0.37642 0.33204 0.20737 1.00572
132.75000 0.09016 0.37954 0.32867 0.20739 1.00577
133.00000 0.09050 0.38187 0.32210 0.21169 1.00616
133.25000 0.09083 0.38195 0.31742 0.21621 1.00641
133.50000 0.09119 0.38144 0.31858 0.21515 1.00635
133.75000 0.09153 0.38428 0.31479 0.21585 1.00644
134.00000 0.09188 0.38390 0.31373 0.21702 1.00653
134.25000 0.09217 0.38340 0.31350 0.21751 1.00659
134.50000 0.09249 0.38400 0.31298 0.21719 1.00666
134.75000 0.09272 0.38455 0.31552 0.21428 1.00707
135.00000 0.09300 0.38460 0.31730 0.21227 1.00717
135.25000 0.09323 0.38146 0.32170 0.21083 1.00721
135.50000 0.09346 0.38193 0.32167 0.21012 1.00718
135.75000 0.09366 0.37696 0.32757 0.20834 1.00652
136.00000 0.09386 0.37929 0.32684 0.20730 1.00730
136.25000 0.09412 0.38045 0.32455 0.20823 1.00735
136.50000 0.09431 0.38131 0.32268 0.20894 1.00723
136.75000 0.09450 0.38019 0.32375 0.20873 1.00718
137.00000 0.09467 0.38198 0.31962 0.21104 1.00730
137.25000 0.09487 0.38555 0.31567 0.21124 1.00733
137.50000 0.09505 0.38421 0.31719 0.21025 1.00670
137.75000 0.09526 0.39058 0.31127 0.20949 1.00660
138.00000 0.09545 0.39102 0.31105 0.20900 1.00651
138.25000 0.09560 0.38615 0.31656 0.20832 1.00664
138.50000 0.09578 0.38554 0.31838 0.20653 1.00624
138.75000 0.09598 0.39054 0.31513 0.20482 1.00647
139.00000 0.09613 0.39425 0.31475 0.20117 1.00630
139.25000 0.09631 0.39791 0.31215 0.20013 1.00650
139.50000 0.09646 0.40594 0.30248 0.20095 1.00583
139.75000 0.09661 0.41244 0.30024 0.19643 1.00572
140.00000 0.09680 0.41767 0.29646 0.19494 1.00587
140.25000 0.09697 0.42071 0.29129 0.19710 1.00608
140.50000 0.09714 0.42093 0.29535 0.19266 1.00608
140.75000 0.09730 0.42715 0.28753 0.19416 1.00614
141.00000 0.09747 0.42910 0.28477 0.19482 1.00616
141.25000 0.09761 0.42552 0.28921 0.19438 1.00673
141.50000 0.09774 0.42599 0.29042 0.19230 1.00645
141.75000 0.09783 0.42535 0.29183 0.19158 1.00659
142.00000 0.09788 0.42260 0.29479 0.19137 1.00664
142.25000 0.09785 0.42066 0.29822 0.19003 1.00676
142.50000 0.09787 0.41903 0.30116 0.18891 1.00697
142.75000 0.09787 0.42024 0.30057 0.18844 1.00713
143.00000 0.09785 0.42412 0.29589 0.18944 1.00729
143.25000 0.09787 0.42192 0.29523 0.19253 1.00755
143.50000 0.09784 0.42011 0.29740 0.19226 1.00760
143.75000 0.09783 0.42133 0.29615 0.19229 1.00761
144.00000 0.09786 0.41932 0.29836 0.19203 1.00758
144.25000 0.09794 0.42219 0.29718 0.19010 1.00741
144.50000 0.09804 0.42006 0.29853 0.19082 1.00744
144.75000 0.09815 0.42560 0.29464 0.18902 1.00740
145.00000 0.09827 0.42951 0.28879 0.19082 1.00739
145.25000 0.09835 0.42999 0.29133 0.18776 1.00742
145.50000 0.09850 0.43016 0.29034 0.18842 1.00742
145.75000 0.09867 0.42789 0.29144 0.18946 1.00745
146.00000 0.09883 0.42766 0.29488 0.18607 1.00743
146.25000 0.09905 0.42992 0.29134 0.18691 1.00721
146.50000 0.09934 0.43064 0.29054 0.18663 1.00715
146.75000 0.09961 0.43119 0.29094 0.18549 1.00723
147.00000 0.09992 0.43122 0.29164 0.18448 1.00726
147.25000 0.10024 0.43047 0.29290 0.18369 1.00730
147.50000 0.10051 0.42472 0.29773 0.18466 1.00762
147.75000 0.10082 0.42033 0.29923 0.18718 1.00756
148.00000 0.10116 0.41586 0.30618 0.18463 1.00783
148.25000 0.10149 0.41215 0.31188 0.18202 1.00755
148.50000 0.10181 0.40696 0.31912 0.17974 1.00762
148.75000 0.10219 0.40508 0.32447 0.17599 1.00772
149.00000 0.10250 0.40493 0.32488 0.17540 1.00770
149.25000 0.10283 0.40208 0.32869 0.17410 1.00771
149.50000 0.10319 0.40127 0.32884 0.17446 1.00776
149.75000 0.10351 0.39896 0.32959 0.17593 1.00799
150.00000 0.10384 0.39863 0.32843 0.17749 1.00840
150.25000 0.10419 0.39664 0.32921 0.17839 1.00843
150.50000 0.10453 0.39778 0.32523 0.18088 1.00842
150.75000 0.10488 0.39995 0.32014 0.18349 1.00845
151.00000 0.10522 0.39394 0.32515 0.18443 1.00874
151.25000 0.10556 0.39178 0.32595 0.18551 1.00881
151.50000 0.10594 0.38786 0.32837 0.18658 1.00875
151.75000 0.10627 0.38560 0.32746 0.18950 1.00882
152.00000 0.10662 0.38549 0.32600 0.19064 1.00876
152.25000 0.10699 0.38535 0.32500 0.19144 1.00878
152.50000 0.10734 0.38260 0.32767 0.19147 1.00908
152.75000 0.10767 0.38560 0.32302 0.19319 1.00948
153.00000 0.10799 0.38856 0.31565 0.19773 1.00993
153.25000 0.10825 0.38975 0.31384 0.19866 1.01050
153.50000 0.10858 0.39141 0.31102 0.19942 1.01044
153.75000 0.10887 0.39081 0.31108 0.19959 1.01034
154.00000 0.10917 0.39357 0.31073 0.19686 1.01033
154.25000 0.10954 0.39312 0.31205 0.19585 1.01056
154.50000 0.10987 0.39034 0.31353 0.19762 1.01136
154.75000 0.11019 0.38956 0.31602 0.19689 1.01266
155.00000 0.11049 0.39317 0.31327 0.19626 1.01318
155.25000 0.11080 0.39320 0.31356 0.19582 1.01338
155.50000 0.11113 0.39160 0.31261 0.19800 1.01334
155.75000 0.11143 0.38866 0.31560 0.19780 1.01349
156.00000 0.11176 0.39007 0.31376 0.19787 1.01346
156.25000 0.11213 0.39496 0.30805 0.19839 1.01352
156.50000 0.11246 0.39630 0.31047 0.19422 1.01346
156.75000 0.11275 0.39702 0.31058 0.19314 1.01349
157.00000 0.11297 0.39998 0.30843 0.19222 1.01360
157.25000 0.11323 0.40178 0.30898 0.18955 1.01353
157.50000 0.11347 0.40284 0.30456 0.19248 1.01335
157.75000 0.11370 0.40505 0.30218 0.19243 1.01335
158.00000 0.11392 0.40303 0.30232 0.19419 1.01346
158.25000 0.11414 0.40061 0.30238 0.19632 1.01345
158.50000 0.11430 0.40899 0.29427 0.19603 1.01358
158.75000 0.11448 0.40826 0.29583 0.19530 1.01387
159.00000 0.11469 0.40673 0.29708 0.19547 1.01397
159.25000 0.11490 0.40350 0.29857 0.19741 1.01438
159.50000 0.11512 0.40436 0.29766 0.19745 1.01459
159.75000 0.11531 0.39739 0.30294 0.19901 1.01465
160.00000 0.11546 0.39164 0.30852 0.19893 1.01455
160.25000 0.11562 0.39497 0.30528 0.19883 1.01470
160.50000 0.11580 0.39773 0.30415 0.19693 1.01461
160.75000 0.11592 0.39947 0.30708 0.19177 1.01425
161.00000 0.11597 0.39821 0.30815 0.19189 1.01422
161.25000 0.11603 0.40095 0.30401 0.19282 1.01381
161.50000 0.11613 0.40432 0.29890 0.19448 1.01383
161.75000 0.11616 0.40391 0.30026 0.19343 1.01376
162.00000 0.11628 0.40074 0.30592 0.19100 1.01393
162.25000 0.11639 0.40181 0.30676 0.18836 1.01332
162.50000 0.11655 0.40330 0.30648 0.18750 1.01383
162.75000 0.11670 0.40532 0.30406 0.18791 1.01399
163.00000 0.11698 0.40354 0.30466 0.18892 1.01410
163.25000 0.11726 0.40200 0.30527 0.18955 1.01409
163.50000 0.11757 0.40152 0.30648 0.18890 1.01448
163.75000 0.11792 0.40166 0.30821 0.18695 1.01474
164.00000 0.11827 0.40211 0.30355 0.19052 1.01445
164.25000 0.11862 0.40213 0.30392 0.18955 1.01421
164.50000 0.11899 0.40143 0.30439 0.18938 1.01418
164.75000 0.11928 0.39894 0.30706 0.18898 1.01426
165.00000 0.11961 0.39825 0.30574 0.19059 1.01419
165.25000 0.11991 0.39528 0.30606 0.19280 1.01404
165.50000 0.12015 0.39398 0.30590 0.19406 1.01408
165.75000 0.12042 0.39280 0.30651 0.19443 1.01416
166.00000 0.12062 0.39079 0.30867 0.19383 1.01391
166.25000 0.12087 0.39311 0.30615 0.19396 1.01410
166.50000 0.12105 0.38961 0.30885 0.19465 1.01416
166.75000 0.12119 0.39485 0.30517 0.19276 1.01396
167.00000 0.12139 0.39268 0.30845 0.19096 1.01347
167.25000 0.12157 0.39011 0.31191 0.18972 1.01331
167.50000 0.12184 0.38999 0.31264 0.18856 1.01302
167.75000 0.12213 0.38771 0.31283 0.18996 1.01263
168.00000 0.12233 0.38565 0.31494 0.18980 1.01272
168.25000 0.12250 0.38098 0.31745 0.19184 1.01277
168.50000 0.12278 0.38145 0.31233 0.19684 1.01340
168.75000 0.12302 0.38160 0.31006 0.19885 1.01353
169.00000 0.12328 0.37899 0.31390 0.19722 1.01339
169.25000 0.12356 0.37792 0.31475 0.19706 1.01330
169.50000 0.12385 0.37851 0.31353 0.19735 1.01323
169.75000 0.12408 0.38190 0.30874 0.19849 1.01321
170.00000 0.12435 0.37740 0.30994 0.20180 1.01349
170.25000 0.12462 0.37738 0.30804 0.20342 1.01347
170.50000 0.12488 0.38052 0.30280 0.20503 1.01324
170.75000 0.12504 0.38364 0.29874 0.20582 1.01324
171.00000 0.12525 0.38400 0.29872 0.20495 1.01292
171.25000 0.12547 0.38653 0.29273 0.20739 1.01211
171.50000 0.12561 0.38622 0.29505 0.20531 1.01219
171.75000 0.12574 0.38141 0.29880 0.20663 1.01258
172.00000 0.12590 0.38454 0.29518 0.20629 1.01191
172.25000 0.12603 0.38406 0.29406 0.20753 1.01168
172.50000 0.12610 0.38174 0.29753 0.20619 1.01157
172.75000 0.12621 0.37985 0.29937 0.20620 1.01163
173.00000 0.12630 0.38323 0.29956 0.20248 1.01157
173.25000 0.12639 0.38401 0.29832 0.20277 1.01150
173.50000 0.12651 0.38479 0.29841 0.20207 1.01177
173.75000 0.12664 0.38390 0.29968 0.20161 1.01183
174.00000 0.12676 0.38479 0.30067 0.19963 1.01185
174.25000 0.12685 0.38799 0.29688 0.20016 1.01188
174.50000 0.12697 0.39299 0.29091 0.20103 1.01190
174.75000 0.12711 0.39299 0.29195 0.19979 1.01184
175.00000 0.12718 0.39022 0.29622 0.19829 1.01191
175.25000 0.12719 0.39121 0.29546 0.19805 1.01190
175.50000 0.12719 0.38986 0.29588 0.19900 1.01193
175.75000 0.12722 0.39126 0.29405 0.19952 1.01205
176.00000 0.12723 0.39058 0.29689 0.19720 1.01190
176.25000 0.12721 0.39127 0.29594 0.19746 1.01187
176.50000 0.12720 0.39025 0.29504 0.19873 1.01122
176.75000 0.12726 0.39294 0.28826 0.20262 1.01108
177.00000 0.12714 0.39568 0.28470 0.20340 1.01092
177.25000 0.12701 0.39550 0.28503 0.20305 1.01059
177.50000 0.12690 0.39582 0.28558 0.20240 1.01070
177.75000 0.12677 0.39137 0.29080 0.20165 1.01060
178.00000 0.12663 0.38777 0.29580 0.20033 1.01053
178.25000 0.12650 0.38430 0.29846 0.20118 1.01044
178.50000 0.12642 0.37489 0.30814 0.20119 1.01064
178.75000 0.12634 0.37499 0.30564 0.20368 1.01064
179.00000 0.12633 0.37261 0.30457 0.20682 1.01034
179.25000 0.12635 0.37475 0.30048 0.20864 1.01022
179.50000 0.12640 0.37819 0.29574 0.21017 1.01049
179.75000 0.12651 0.37767 0.29471 0.21209 1.01098
180.00000 0.12660 0.38038 0.29377 0.21024 1.01099
180.25000 0.12676 0.37839 0.29644 0.20960 1.01119
180.50000 0.12692 0.37709 0.29985 0.20739 1.01125
180.75000 0.12712 0.37228 0.30409 0.20789 1.01138
181.00000 0.12729 0.36903 0.30618 0.20908 1.01158
181.25000 0.12736 0.36882 0.30752 0.20787 1.01157
181.50000 0.12747 0.36599 0.31201 0.20606 1.01153
181.75000 0.12757 0.36230 0.31540 0.20629 1.01156
182.00000 0.12766 0.36378 0.31496 0.20511 1.01151
182.25000 0.12769 0.36293 0.31513 0.20575 1.01150
182.50000 0.12774 0.36407 0.31470 0.20495 1.01146
182.75000 0.12779 0.36377 0.31545 0.20455 1.01157
183.00000 0.12780 0.36442 0.31783 0.20155 1.01160
183.25000 0.12783 0.36181 0.31806 0.20400 1.01169
183.50000 0.12784 0.36694 0.31341 0.20342 1.01161
183.75000 0.12779 0.37735 0.30553 0.20097 1.01164
184.00000 0.12776 0.38130 0.30261 0.20027 1.01194
184.25000 0.12775 0.38496 0.30025 0.19906 1.01203
184.50000 0.12774 0.38585 0.29730 0.20118 1.01207
184.75000 0.12772 0.38786 0.29396 0.20246 1.01200
185.00000 0.12772 0.39110 0.29046 0.20268 1.01197
185.25000 0.12774 0.39519 0.28591 0.20318 1.01201
185.50000 0.12779 0.39688 0.28124 0.20602 1.01192
185.75000 0.12785 0.39671 0.28173 0.20555 1.01183
186.00000 0.12790 0.39553 0.28459 0.20371 1.01173
186.25000 0.12794 0.39342 0.28822 0.20233 1.01192
186.50000 0.12798 0.39796 0.28620 0.20010 1.01225
186.75000 0.12801 0.39784 0.28548 0.20108 1.01242
187.00000 0.12806 0.39459 0.28602 0.20358 1.01225
187.25000 0.12811 0.39238 0.28515 0.20611 1.01176
187.50000 0.12814 0.39207 0.28380 0.20790 1.01191
187.75000 0.12822 0.39372 0.28209 0.20756 1.01159
188.00000 0.12834 0.38999 0.28610 0.20727 1.01170
188.25000 0.12837 0.38817 0.28911 0.20641 1.01206
188.50000 0.12846 0.38759 0.29080 0.20537 1.01222
188.75000 0.12856 0.38682 0.29018 0.20676 1.01232
189.00000 0.12863 0.38433 0.29361 0.21040 1.01697
189.25000 0.12870 0.37511 0.30306 0.21138 1.01824
189.50000 0.12877 0.37299 0.30571 0.21139 1.01885
189.75000 0.12881 0.37531 0.30213 0.21258 1.01884
190.00000 0.12892 0.37747 0.30045 0.21186 1.01869
190.25000 0.12894 0.37685 0.30199 0.21091 1.01869
190.50000 0.12900 0.37647 0.30287 0.21040 1.01874
190.75000 0.12909 0.37530 0.30455 0.20990 1.01885
191.00000 0.12918 0.37566 0.30403 0.20983 1.01870
191.25000 0.12930 0.37588 0.30407 0.20955 1.01880
191.50000 0.12948 0.37530 0.30067 0.21298 1.01843
191.75000 0.12965 0.37643 0.29605 0.21612 1.01825
192.00000 0.12982 0.37785 0.29433 0.21620 1.01820
192.25000 0.12999 0.37810 0.29652 0.21378 1.01840
192.50000 0.13020 0.37991 0.29337 0.21510 1.01858
192.75000 0.13042 0.38480 0.28733 0.21596 1.01852
193.00000 0.13071 0.38368 0.28809 0.21612 1.01860
193.25000 0.13095 0.38508 0.28616 0.21656 1.01876
193.50000 0.13128 0.38446 0.28720 0.21576 1.01871
193.75000 0.13162 0.39001 0.28111 0.21608 1.01882
194.00000 0.13194 0.39342 0.27846 0.21492 1.01873
194.25000 0.13232 0.39520 0.27361 0.21790 1.01902
194.50000 0.13264 0.39322 0.27255 0.22066 1.01907
194.75000 0.13295 0.39051 0.27349 0.22227 1.01923
195.00000 0.13329 0.38765 0.27558 0.22305 1.01957
195.25000 0.13359 0.38640 0.28136 0.21827 1.01962
195.50000 0.13393 0.38520 0.28269 0.21790 1.01972
195.75000 0.13429 0.38191 0.28497 0.21888 1.02005
196.00000 0.13463 0.37938 0.28695 0.21928 1.02024
196.25000 0.13493 0.37698 0.28696 0.22158 1.02044
196.50000 0.13520 0.37384 0.28992 0.22158 1.02054
196.75000 0.13546 0.36893 0.29434 0.22203 1.02075
197.00000 0.13566 0.36082 0.30622 0.21840 1.02110
197.25000 0.13594 0.35879 0.31114 0.21537 1.02124
197.50000 0.13612 0.35783 0.31205 0.21522 1.02123
197.75000 0.13630 0.35754 0.31170 0.21603 1.02157
198.00000 0.13636 0.35856 0.31413 0.21243 1.02149
198.25000 0.13652 0.35651 0.31988 0.20856 1.02147
198.50000 0.13659 0.36003 0.31797 0.20692 1.02151
198.75000 0.13672 0.35826 0.32096 0.20585 1.02179
199.00000 0.13677 0.35902 0.32286 0.20321 1.02187
199.25000 0.13679 0.35304 0.32935 0.20282 1.02200
199.50000 0.13685 0.35245 0.33107 0.20138 1.02175
199.75000 0.13683 0.35116 0.33547 0.19846 1.02193
200.00000 0.13682 0.35392 0.33092 0.20041 1.02207
200.25000 0.13684 0.35357 0.32599 0.20572 1.02212
200.50000 0.13682 0.35367 0.32507 0.20662 1.02218
200.75000 0.13681 0.35388 0.32299 0.20856 1.02225
201.00000 0.13681 0.35928 0.31894 0.20705 1.02207
201.25000 0.13676 0.36419 0.31712 0.20417 1.02224
201.50000 0.13674 0.36232 0.32093 0.20255 1.02254
201.75000 0.13672 0.36124 0.32630 0.19867 1.02293
202.00000 0.13669 0.35732 0.33089 0.19800 1.02290
202.25000 0.13669 0.35792 0.32893 0.19936 1.02290
202.50000 0.13668 0.35795 0.32763 0.20082 1.02309
202.75000 0.13671 0.36002 0.32508 0.20125 1.02306
203.00000 0.13662 0.36196 0.32138 0.20326 1.02323
203.25000 0.13656 0.36565 0.31778 0.20339 1.02338
203.50000 0.13650 0.36573 0.31864 0.20259 1.02346
203.75000 0.13645 0.36602 0.31920 0.20189 1.02355
204.00000 0.13638 0.36565 0.31674 0.20500 1.02377
204.25000 0.13635 0.36864 0.31385 0.20506 1.02390
204.50000 0.13636 0.37318 0.30703 0.20751 1.02409
204.75000 0.13645 0.37802 0.30110 0.20853 1.02411
205.00000 0.13652 0.37815 0.30371 0.20569 1.02407
205.25000 0.13662 0.37637 0.30642 0.20480 1.02421
205.50000 0.13670 0.37248 0.31230 0.20275 1.02423
205.75000 0.13677 0.37138 0.31415 0.20195 1.02425
206.00000 0.13684 0.37533 0.31205 0.19922 1.02344
206.25000 0.13695 0.38036 0.30634 0.19986 1.02351
206.50000 0.13705 0.38246 0.30335 0.20041 1.02327
206.75000 0.13719 0.38409 0.30118 0.20084 1.02330
207.00000 0.13734 0.38256 0.29997 0.20350 1.02337
207.25000 0.13748 0.38455 0.29893 0.20242 1.02337
207.50000 0.13761 0.38415 0.29951 0.20215 1.02343
207.75000 0.13776 0.38581 0.30126 0.19854 1.02337
208.00000 0.13796 0.38731 0.30162 0.19656 1.02345
208.25000 0.13812 0.39040 0.29989 0.19498 1.02339
208.50000 0.13828 0.39146 0.29778 0.19575 1.02327
208.75000 0.13848 0.39283 0.29704 0.19512 1.02347
209.00000 0.13860 0.39638 0.29498 0.19357 1.02354
209.25000 0.13875 0.40016 0.29221 0.19241 1.02353
209.50000 0.13891 0.39853 0.29400 0.19212 1.02356
209.75000 0.13910 0.40054 0.28541 0.19848 1.02354
210.00000 0.13931 0.39889 0.28653 0.19931 1.02404
210.25000 0.13948 0.39237 0.29115 0.20109 1.02409
210.50000 0.13966 0.39308 0.29046 0.20099 1.02419
210.75000 0.13985 0.39438 0.29058 0.19919 1.02400
211.00000 0.13995 0.39309 0.29044 0.20066 1.02413
211.25000 0.13999 0.39138 0.29094 0.20206 1.02437
211.50000 0.14009 0.38652 0.29515 0.20284 1.02460
211.75000 0.14019 0.38297 0.29832 0.20335 1.02483
212.00000 0.14028 0.38571 0.29515 0.20398 1.02512
212.25000 0.14035 0.38792 0.29210 0.20512 1.02549
212.50000 0.14040 0.38768 0.29102 0.20644 1.02554
212.75000 0.14048 0.38161 0.29732 0.20606 1.02547
213.00000 0.14057 0.37799 0.29930 0.20758 1.02544
213.25000 0.14069 0.37490 0.30056 0.20952 1.02567
213.50000 0.14079 0.37393 0.29831 0.21294 1.02598
213.75000 0.14093 0.37446 0.29727 0.21369 1.02635
214.00000 0.14106 0.37773 0.29661 0.21146 1.02687
214.25000 0.14124 0.38396 0.29084 0.21080 1.02683
214.50000 0.14133 0.38301 0.29187 0.21056 1.02677
214.75000 0.14148 0.37918 0.29890 0.20717 1.02672
215.00000 0.14156 0.37565 0.30221 0.20746 1.02688
215.25000 0.14158 0.37898 0.29721 0.20862 1.02638
215.50000 0.14159 0.38262 0.29539 0.20683 1.02644
215.75000 0.14161 0.37529 0.30767 0.20163 1.02620
216.00000 0.14154 0.37505 0.30980 0.20065 1.02704
216.25000 0.14153 0.37659 0.30939 0.19942 1.02693
216.50000 0.14148 0.37760 0.30968 0.19831 1.02707
216.75000 0.14142 0.37597 0.31511 0.19459 1.02710
217.00000 0.14140 0.37713 0.31615 0.19248 1.02717
217.25000 0.14135 0.38214 0.31350 0.18977 1.02675
217.50000 0.14131 0.38684 0.31232 0.18580 1.02627
217.75000 0.14127 0.38724 0.31147 0.18657 1.02655
218.00000 0.14118 0.38906 0.31185 0.18475 1.02683
218.25000 0.14114 0.39185 0.31403 0.18002 1.02705
218.50000 0.14110 0.39154 0.31850 0.17647 1.02760
218.75000 0.14112 0.39074 0.32509 0.17143 1.02838
219.00000 0.14108 0.38953 0.32750 0.17036 1.02847
219.25000 0.14112 0.38753 0.33299 0.16690 1.02853
219.50000 0.14114 0.38334 0.33249 0.17147 1.02844
219.75000 0.14119 0.37887 0.33747 0.17086 1.02839
220.00000 0.14128 0.38468 0.33792 0.16467 1.02854
220.25000 0.14144 0.38768 0.33512 0.16477 1.02901
220.50000 0.14165 0.38678 0.33649 0.16412 1.02904
220.75000 0.14182 0.38186 0.34146 0.16402 1.02916
221.00000 0.14209 0.38030 0.34109 0.16582 1.02930
221.25000 0.14234 0.37480 0.34671 0.16555 1.02939
221.50000 0.14260 0.37489 0.34609 0.16591 1.02949
221.75000 0.14287 0.37101 0.34874 0.16688 1.02950
222.00000 0.14309 0.37134 0.34877 0.16629 1.02950
222.25000 0.14333 0.37678 0.34401 0.16522 1.02933
222.50000 0.14360 0.37797 0.34016 0.16774 1.02947
222.75000 0.14394 0.37477 0.34432 0.16691 1.02993
223.00000 0.14417 0.37795 0.34113 0.16685 1.03010
223.25000 0.14448 0.38059 0.33644 0.16853 1.03005
223.50000 0.14481 0.38368 0.32852 0.17281 1.02983
223.75000 0.14508 0.38445 0.32398 0.17635 1.02986
224.00000 0.14528 0.38442 0.32063 0.17946 1.02978
224.25000 0.14554 0.38264 0.31844 0.18313 1.02974
224.50000 0.14572 0.37848 0.31986 0.18545 1.02950
224.75000 0.14585 0.37975 0.31685 0.18779 1.03025
225.00000 0.14598 0.37630 0.32098 0.18718 1.03043
225.25000 0.14608 0.37248 0.32497 0.18656 1.03009
225.50000 0.14615 0.37798 0.31829 0.18750 1.02992
225.75000 0.14625 0.37522 0.32416 0.18455 1.03018
226.00000 0.14632 0.36995 0.33217 0.18240 1.03085
226.25000 0.14639 0.36507 0.33773 0.18218 1.03138
226.50000 0.14651 0.36537 0.33778 0.18181 1.03146
226.75000 0.14655 0.36671 0.33634 0.18181 1.03142
227.00000 0.14663 0.37121 0.33116 0.18238 1.03138
227.25000 0.14670 0.37095 0.33134 0.18307 1.03206
227.50000 0.14667 0.38116 0.32285 0.18152 1.03220
227.75000 0.14667 0.38757 0.32054 0.17768 1.03245
228.00000 0.14667 0.38288 0.32389 0.17945 1.03290
228.25000 0.14666 0.38388 0.32308 0.17923 1.03284
228.50000 0.14661 0.38728 0.31977 0.17900 1.03266
228.75000 0.14657 0.38758 0.31945 0.17900 1.03260
229.00000 0.14655 0.38911 0.31609 0.18073 1.03248
229.25000 0.14659 0.38930 0.31249 0.18403 1.03241
229.50000 0.14661 0.38558 0.31290 0.18728 1.03237
229.75000 0.14665 0.38767 0.30884 0.18928 1.03244
230.00000 0.14662 0.38925 0.30584 0.19082 1.03253
230.25000 0.14665 0.39032 0.30234 0.19329 1.03260
230.50000 0.14667 0.39294 0.29712 0.19593 1.03266
230.75000 0.14674 0.39025 0.29885 0.19678 1.03263
231.00000 0.14677 0.38908 0.30243 0.19452 1.03279
231.25000 0.14678 0.39379 0.29942 0.19266 1.03265
231.50000 0.14689 0.39951 0.29519 0.19075 1.03235
231.75000 0.14697 0.40549 0.29063 0.18901 1.03210
232.00000 0.14709 0.40546 0.29022 0.18944 1.03222
232.25000 0.14717 0.40439 0.28979 0.19062 1.03197
232.50000 0.14732 0.40530 0.28896 0.19040 1.03198
232.75000 0.14734 0.40084 0.29232 0.19206 1.03256
233.00000 0.14735 0.39619 0.29491 0.19431 1.03276
233.25000 0.14742 0.39573 0.29956 0.19045 1.03316
233.50000 0.14746 0.39829 0.29803 0.18952 1.03330
233.75000 0.14751 0.39622 0.30156 0.18809 1.03338
234.00000 0.14753 0.39504 0.30396 0.18702 1.03355
234.25000 0.14761 0.39635 0.30131 0.18835 1.03362
234.50000 0.14766 0.40546 0.29225 0.18845 1.03381
234.75000 0.14778 0.40471 0.29295 0.18837 1.03382
235.00000 0.14789 0.41178 0.28425 0.18952 1.03344
235.25000 0.14801 0.41313 0.28236 0.18999 1.03349
235.50000 0.14814 0.41369 0.28348 0.18748 1.03279
235.75000 0.14832 0.41288 0.28366 0.18797 1.03284
236.00000 0.14851 0.41142 0.28895 0.18391 1.03279
236.25000 0.14864 0.40940 0.29093 0.18400 1.03296
236.50000 0.14882 0.40822 0.29327 0.18259 1.03290
236.75000 0.14896 0.40701 0.29378 0.18311 1.03286
237.00000 0.14912 0.40327 0.29727 0.18327 1.03294
237.25000 0.14931 0.40305 0.29708 0.18347 1.03291
237.50000 0.14944 0.40465 0.29591 0.18293 1.03294
237.75000 0.14957 0.40632 0.29576 0.18152 1.03316
238.00000 0.14964 0.40882 0.29404 0.18040 1.03289
238.25000 0.14971 0.40840 0.29608 0.17871 1.03291
238.50000 0.14979 0.40525 0.30430 0.17360 1.03294
238.75000 0.14987 0.40275 0.30983 0.17050 1.03294
239.00000 0.14992 0.40351 0.31078 0.16867 1.03289
239.25000 0.14997 0.40484 0.30967 0.16841 1.03288
239.50000 0.15001 0.40299 0.31104 0.16883 1.03287
239.75000 0.15004 0.40365 0.30993 0.16917 1.03280
240.00000 0.15007 0.39765 0.31132 0.17335 1.03238
240.25000 0.15014 0.39822 0.30486 0.17884 1.03206
240.50000 0.15028 0.39606 0.30526 0.18038 1.03198
240.75000 0.15044 0.38995 0.30991 0.18166 1.03196
241.00000 0.15062 0.38723 0.31146 0.18242 1.03173
241.25000 0.15087 0.38524 0.31236 0.18313 1.03161
241.50000 0.15113 0.38370 0.30981 0.18680 1.03144
241.75000 0.15138 0.37954 0.31438 0.18640 1.03171
242.00000 0.15172 0.37327 0.32353 0.18328 1.03179
242.25000 0.15210 0.37439 0.32115 0.18324 1.03088
242.50000 0.15248 0.37700 0.31289 0.18856 1.03093
242.75000 0.15281 0.37625 0.31395 0.18777 1.03078
243.00000 0.15316 0.37290 0.31892 0.18575 1.03073
243.25000 0.15358 0.37098 0.31967 0.18663 1.03086
243.50000 0.15395 0.37246 0.31966 0.18488 1.03096
243.75000 0.15424 0.37002 0.32138 0.18568 1.03132
244.00000 0.15455 0.36393 0.32964 0.18321 1.03134
244.25000 0.15482 0.36362 0.33314 0.17969 1.03127
244.50000 0.15514 0.36853 0.32961 0.17807 1.03135
244.75000 0.15548 0.37338 0.32916 0.17336 1.03138
245.00000 0.15586 0.37771 0.32111 0.17703 1.03171
245.25000 0.15612 0.37426 0.32415 0.17726 1.03180
245.50000 0.15644 0.38074 0.31759 0.17698 1.03174
245.75000 0.15683 0.38118 0.31789 0.17584 1.03175
246.00000 0.15712 0.38082 0.31762 0.17558 1.03113
246.25000 0.15759 0.37986 0.31938 0.17418 1.03102
246.50000 0.15798 0.38169 0.31677 0.17405 1.03050
246.75000 0.15833 0.38032 0.31672 0.17530 1.03068
247.00000 0.15877 0.38179 0.31614 0.17380 1.03050
247.25000 0.15910 0.38340 0.31260 0.17576 1.03086
247.50000 0.15950 0.37866 0.31205 0.18049 1.03070
247.75000 0.15990 0.37558 0.31351 0.18182 1.03081
248.00000 0.16032 0.37373 0.31639 0.18043 1.03086
248.25000 0.16075 0.37237 0.31827 0.17951 1.03089
248.50000 0.16112 0.37046 0.31980 0.17928 1.03066
248.75000 0.16154 0.36909 0.32005 0.17998 1.03065
249.00000 0.16192 0.36757 0.32131 0.17998 1.03078
249.25000 0.16229 0.36587 0.32427 0.17852 1.03095
249.50000 0.16269 0.36760 0.32602 0.17483 1.03115
249.75000 0.16302 0.37049 0.32312 0.17435 1.03098
250.00000 0.16337 0.37891 0.31305 0.17569 1.03102
