0.00000 0.00000 0.00000 1.00000 0.00000 1.00000
0.25000 0.00001 0.00942 0.98080 0.00978 1.00000
0.50000 0.00002 0.01790 0.96404 0.01804 1.00000
0.75000 0.00005 0.04233 0.93659 0.02104 1.00000
1.00000 0.00009 0.06482 0.91094 0.02415 1.00001
1.25000 0.00015 0.08389 0.88041 0.03570 1.00016
1.50000 0.00022 0.10450 0.85645 0.03900 1.00018
1.75000 0.00031 0.13615 0.82156 0.04222 1.00024
2.00000 0.00041 0.15918 0.79419 0.04684 1.00061
2.25000 0.00053 0.17988 0.77000 0.05028 1.00069
2.50000 0.00067 0.21337 0.73101 0.05584 1.00089
2.75000 0.00084 0.25177 0.69317 0.05534 1.00111
3.00000 0.00102 0.29682 0.64949 0.05418 1.00150
3.25000 0.00121 0.34310 0.60017 0.05749 1.00196
3.50000 0.00143 0.37608 0.56672 0.05809 1.00231
3.75000 0.00165 0.41881 0.52175 0.06074 1.00296
4.00000 0.00190 0.44242 0.49508 0.06377 1.00316
4.25000 0.00216 0.48151 0.45493 0.06494 1.00353
4.50000 0.00241 0.51296 0.42554 0.06296 1.00388
4.75000 0.00268 0.54646 0.39193 0.06285 1.00392
5.00000 0.00295 0.56760 0.37086 0.06287 1.00428
5.25000 0.00322 0.59012 0.34521 0.06585 1.00439
5.50000 0.00348 0.60807 0.32421 0.06871 1.00447
5.75000 0.00376 0.62462 0.30657 0.06961 1.00456
6.00000 0.00402 0.63530 0.29475 0.07052 1.00458
6.25000 0.00428 0.64591 0.28525 0.06910 1.00454
6.50000 0.00453 0.66122 0.27137 0.06737 1.00448
6.75000 0.00477 0.66979 0.26164 0.06830 1.00451
7.00000 0.00500 0.67970 0.25108 0.06863 1.00442
7.25000 0.00523 0.68659 0.24785 0.06483 1.00449
7.50000 0.00543 0.69879 0.23498 0.06531 1.00452
7.75000 0.00565 0.70504 0.23113 0.06271 1.00452
8.00000 0.00584 0.71230 0.22301 0.06339 1.00454
8.25000 0.00604 0.72327 0.21154 0.06371 1.00455
8.50000 0.00622 0.73446 0.19955 0.06437 1.00460
8.75000 0.00640 0.74588 0.18773 0.06461 1.00462
9.00000 0.00656 0.75199 0.18144 0.06472 1.00471
9.25000 0.00673 0.75437 0.17868 0.06493 1.00472
9.50000 0.00689 0.75793 0.17443 0.06536 1.00461
9.75000 0.00705 0.75755 0.17422 0.06574 1.00455
10.00000 0.00722 0.75944 0.17159 0.06632 1.00457
10.25000 0.00738 0.75714 0.17330 0.06677 1.00459
10.50000 0.00755 0.75536 0.17426 0.06743 1.00461
10.75000 0.00773 0.75106 0.17653 0.06935 1.00465
11.00000 0.00791 0.75925 0.16796 0.06953 1.00465
11.25000 0.00811 0.76017 0.16591 0.07049 1.00468
11.50000 0.00831 0.75386 0.17141 0.07113 1.00471
11.75000 0.00849 0.75065 0.17354 0.07206 1.00474
12.00000 0.00868 0.74745 0.17641 0.07219 1.00473
12.25000 0.00888 0.73947 0.18391 0.07249 1.00475
12.50000 0.00907 0.73912 0.18388 0.07280 1.00486
12.75000 0.00925 0.72133 0.20155 0.07275 1.00488
13.00000 0.00945 0.71046 0.21143 0.07356 1.00490
13.25000 0.00964 0.69876 0.22224 0.07430 1.00494
13.50000 0.00984 0.68967 0.23067 0.07478 1.00496
13.75000 0.01002 0.67431 0.24227 0.07834 1.00494
14.00000 0.01019 0.66404 0.24896 0.08175 1.00495
14.25000 0.01036 0.65165 0.26054 0.08245 1.00500
14.50000 0.01053 0.64499 0.26568 0.08382 1.00503
14.75000 0.01069 0.63034 0.27912 0.08489 1.00504
15.00000 0.01086 0.61348 0.29429 0.08643 1.00506
15.25000 0.01102 0.59754 0.31092 0.08557 1.00505
15.50000 0.01119 0.58163 0.32559 0.08661 1.00502
15.75000 0.01137 0.56063 0.34561 0.08741 1.00503
16.00000 0.01153 0.54614 0.35831 0.08922 1.00519
16.25000 0.01168 0.53542 0.36722 0.09087 1.00518
16.50000 0.01183 0.51949 0.38038 0.09347 1.00517
16.75000 0.01198 0.50478 0.39342 0.09505 1.00524
17.00000 0.01212 0.48743 0.41130 0.09468 1.00553
17.25000 0.01226 0.47108 0.42268 0.09976 1.00578
17.50000 0.01240 0.46206 0.42170 0.11044 1.00659
17.75000 0.01254 0.45182 0.42730 0.11497 1.00664
18.00000 0.01267 0.43880 0.43887 0.11640 1.00674
18.25000 0.01281 0.42635 0.44855 0.11916 1.00687
18.50000 0.01292 0.41976 0.45277 0.12141 1.00686
18.75000 0.01303 0.40712 0.46255 0.12410 1.00680
19.00000 0.01314 0.40224 0.45997 0.13182 1.00717
19.25000 0.01326 0.39100 0.47001 0.13285 1.00712
19.50000 0.01337 0.38750 0.47079 0.13542 1.00709
19.75000 0.01349 0.38909 0.46655 0.13797 1.00711
20.00000 0.01362 0.39255 0.45852 0.14231 1.00700
20.25000 0.01376 0.39277 0.45501 0.14569 1.00723
20.50000 0.01391 0.39196 0.45387 0.14738 1.00712
20.75000 0.01406 0.39389 0.45433 0.14467 1.00694
21.00000 0.01423 0.39827 0.44960 0.14491 1.00702
21.25000 0.01442 0.39876 0.44997 0.14388 1.00703
21.50000 0.01461 0.40359 0.44888 0.14007 1.00715
21.75000 0.01479 0.40369 0.44818 0.14067 1.00733
22.00000 0.01498 0.41313 0.43818 0.14113 1.00742
22.25000 0.01516 0.41301 0.43752 0.14165 1.00733
22.50000 0.01537 0.41671 0.43321 0.14195 1.00725
22.75000 0.01555 0.43027 0.41808 0.14321 1.00710
23.00000 0.01572 0.43937 0.40608 0.14600 1.00717
23.25000 0.01590 0.44590 0.39829 0.14761 1.00769
23.50000 0.01607 0.45751 0.38704 0.14723 1.00785
23.75000 0.01625 0.46316 0.38521 0.14315 1.00776
24.00000 0.01642 0.46160 0.38319 0.14647 1.00768
24.25000 0.01661 0.47749 0.36684 0.14675 1.00768
24.50000 0.01674 0.48775 0.35929 0.14399 1.00778
24.75000 0.01687 0.49245 0.35524 0.14323 1.00780
25.00000 0.01701 0.50541 0.34749 0.13801 1.00792
25.25000 0.01711 0.51446 0.34133 0.13518 1.00808
25.50000 0.01724 0.52264 0.33363 0.13388 1.00740
25.75000 0.01737 0.52572 0.32813 0.13639 1.00760
26.00000 0.01750 0.54053 0.31692 0.13276 1.00772
26.25000 0.01762 0.54252 0.31746 0.13028 1.00788
26.50000 0.01777 0.55308 0.30660 0.13041 1.00785
26.75000 0.01791 0.56227 0.29697 0.13054 1.00770
27.00000 0.01807 0.56296 0.29490 0.13179 1.00773
27.25000 0.01823 0.56959 0.28697 0.13290 1.00769
27.50000 0.01840 0.57305 0.28216 0.13411 1.00771
27.75000 0.01854 0.57727 0.27592 0.13604 1.00777
28.00000 0.01871 0.57942 0.26964 0.14001 1.00779
28.25000 0.01890 0.58811 0.26202 0.13870 1.00772
28.50000 0.01910 0.59095 0.25759 0.14012 1.00777
28.75000 0.01931 0.59300 0.25414 0.14129 1.00774
29.00000 0.01948 0.59641 0.24972 0.14189 1.00751
29.25000 0.01969 0.59674 0.25034 0.14106 1.00783
29.50000 0.01992 0.59765 0.25010 0.14017 1.00785
29.75000 0.02016 0.59807 0.24806 0.14174 1.00802
30.00000 0.02038 0.59504 0.24966 0.14297 1.00806
30.25000 0.02060 0.60677 0.23889 0.14191 1.00816
30.50000 0.02081 0.61164 0.23739 0.13846 1.00830
30.75000 0.02104 0.61203 0.23336 0.14186 1.00829
31.00000 0.02125 0.60888 0.23556 0.14251 1.00820
31.25000 0.02149 0.61016 0.23254 0.14380 1.00799
31.50000 0.02173 0.60697 0.23604 0.14329 1.00803
31.75000 0.02197 0.60485 0.24039 0.14080 1.00800
32.00000 0.02221 0.60867 0.23601 0.14111 1.00800
32.25000 0.02244 0.60317 0.23925 0.14319 1.00805
32.50000 0.02268 0.59771 0.24419 0.14354 1.00812
32.75000 0.02288 0.59121 0.25030 0.14370 1.00810
33.00000 0.02309 0.58502 0.25550 0.14451 1.00811
33.25000 0.02329 0.57534 0.26124 0.14849 1.00837
33.50000 0.02350 0.56768 0.26717 0.14995 1.00830
33.75000 0.02367 0.55489 0.27777 0.15181 1.00815
34.00000 0.02385 0.54182 0.28965 0.15270 1.00802
34.25000 0.02403 0.52970 0.30074 0.15352 1.00799
34.50000 0.02421 0.52033 0.31010 0.15325 1.00788
34.75000 0.02441 0.50862 0.31993 0.15495 1.00791
35.00000 0.02460 0.49412 0.33323 0.15603 1.00798
35.25000 0.02481 0.48040 0.34599 0.15685 1.00805
35.50000 0.02502 0.47248 0.35315 0.15787 1.00853
35.75000 0.02526 0.46821 0.35726 0.15782 1.00856
36.00000 0.02550 0.45590 0.37180 0.15539 1.00859
36.25000 0.02575 0.43771 0.39039 0.15475 1.00860
36.50000 0.02601 0.43263 0.39853 0.15153 1.00869
36.75000 0.02626 0.42532 0.40704 0.14974 1.00836
37.00000 0.02649 0.41856 0.41541 0.14789 1.00835
37.25000 0.02675 0.41474 0.41851 0.14839 1.00839
37.50000 0.02700 0.41413 0.41831 0.14879 1.00823
37.75000 0.02725 0.41138 0.42063 0.14897 1.00823
38.00000 0.02748 0.40675 0.42332 0.15095 1.00850
38.25000 0.02772 0.39965 0.42859 0.15260 1.00856
38.50000 0.02795 0.39683 0.43145 0.15235 1.00858
38.75000 0.02819 0.39229 0.43301 0.15515 1.00863
39.00000 0.02840 0.38877 0.43630 0.15525 1.00871
39.25000 0.02861 0.38635 0.44031 0.15366 1.00893
39.50000 0.02884 0.38139 0.44514 0.15353 1.00889
39.75000 0.02907 0.37699 0.44697 0.15585 1.00888
40.00000 0.02931 0.37612 0.44680 0.15667 1.00890
40.25000 0.02955 0.37599 0.44568 0.15755 1.00877
40.50000 0.02976 0.37498 0.44598 0.15807 1.00879
40.75000 0.02998 0.37842 0.44171 0.15868 1.00879
41.00000 0.03017 0.38352 0.43592 0.15930 1.00892
41.25000 0.03035 0.39428 0.42518 0.15933 1.00914
41.50000 0.03054 0.39681 0.42272 0.15929 1.00937
41.75000 0.03072 0.40528 0.41359 0.15980 1.00939
42.00000 0.03090 0.41921 0.39818 0.16120 1.00948
42.25000 0.03110 0.42226 0.39267 0.16371 1.00973
42.50000 0.03129 0.42900 0.38352 0.16545 1.00926
42.75000 0.03144 0.43880 0.37510 0.16392 1.00926
43.00000 0.03162 0.44454 0.36894 0.16425 1.00935
43.25000 0.03180 0.45187 0.36139 0.16435 1.00941
43.50000 0.03198 0.45511 0.35735 0.16490 1.00935
43.75000 0.03215 0.45797 0.35687 0.16218 1.00917
44.00000 0.03235 0.45708 0.36185 0.15807 1.00934
44.25000 0.03252 0.46416 0.35668 0.15486 1.00821
44.50000 0.03270 0.47140 0.35176 0.15233 1.00820
44.75000 0.03288 0.48276 0.34180 0.15076 1.00820
45.00000 0.03306 0.49505 0.32829 0.15133 1.00773
45.25000 0.03322 0.49897 0.32108 0.15439 1.00766
45.50000 0.03336 0.50430 0.31890 0.15107 1.00764
45.75000 0.03351 0.50665 0.31406 0.15331 1.00753
46.00000 0.03369 0.50911 0.31002 0.15462 1.00743
46.25000 0.03383 0.51427 0.30491 0.15434 1.00735
46.50000 0.03400 0.52694 0.29158 0.15477 1.00729
46.75000 0.03418 0.52944 0.28847 0.15515 1.00724
47.00000 0.03435 0.53256 0.28458 0.15560 1.00710
47.25000 0.03456 0.52904 0.28772 0.15577 1.00709
47.50000 0.03479 0.53155 0.28584 0.15489 1.00706
47.75000 0.03502 0.53182 0.28694 0.15338 1.00716
48.00000 0.03522 0.53140 0.29110 0.14951 1.00723
48.25000 0.03541 0.53492 0.28718 0.14982 1.00733
48.50000 0.03558 0.53491 0.28713 0.14964 1.00727
48.75000 0.03577 0.53378 0.28945 0.14830 1.00730
49.00000 0.03595 0.53448 0.28864 0.14812 1.00720
49.25000 0.03613 0.53496 0.28736 0.14837 1.00683
49.50000 0.03632 0.53876 0.28351 0.14809 1.00668
49.75000 0.03650 0.53940 0.28200 0.14899 1.00690
50.00000 0.03663 0.54622 0.27455 0.14962 1.00702
50.25000 0.03676 0.55516 0.26533 0.14991 1.00716
50.50000 0.03690 0.55970 0.25903 0.15173 1.00736
50.75000 0.03705 0.56661 0.25056 0.15322 1.00745
51.00000 0.03717 0.56601 0.24956 0.15498 1.00772
51.25000 0.03727 0.55994 0.25448 0.15620 1.00789
51.50000 0.03734 0.55361 0.25984 0.15723 1.00802
51.75000 0.03741 0.54589 0.26737 0.15743 1.00811
52.00000 0.03751 0.54365 0.27236 0.15508 1.00861
52.25000 0.03760 0.53640 0.28128 0.15345 1.00873
52.50000 0.03771 0.53087 0.28879 0.15136 1.00873
52.75000 0.03785 0.52350 0.29672 0.15078 1.00885
53.00000 0.03802 0.51670 0.30247 0.15176 1.00895
53.25000 0.03816 0.50963 0.30481 0.15620 1.00881
53.50000 0.03838 0.49709 0.31469 0.15879 1.00895
53.75000 0.03860 0.49580 0.31277 0.16181 1.00897
54.00000 0.03880 0.48648 0.32072 0.16305 1.00905
54.25000 0.03898 0.47915 0.32769 0.16335 1.00917
54.50000 0.03918 0.47361 0.33318 0.16326 1.00922
54.75000 0.03938 0.47248 0.33321 0.16426 1.00933
55.00000 0.03959 0.47682 0.32836 0.16466 1.00942
55.25000 0.03979 0.47022 0.33177 0.16773 1.00950
55.50000 0.03995 0.45951 0.34134 0.16856 1.00937
55.75000 0.04011 0.45237 0.34693 0.17000 1.00940
56.00000 0.04031 0.44781 0.34806 0.17328 1.00947
56.25000 0.04050 0.44439 0.35304 0.17157 1.00950
56.50000 0.04065 0.44192 0.35568 0.17127 1.00952
56.75000 0.04077 0.43961 0.35771 0.17160 1.00969
57.00000 0.04095 0.43520 0.36170 0.17193 1.00978
57.25000 0.04108 0.43048 0.36336 0.17456 1.00947
57.50000 0.04119 0.42037 0.37279 0.17534 1.00969
57.75000 0.04130 0.41665 0.37517 0.17649 1.00960
58.00000 0.04142 0.41117 0.38240 0.17441 1.00941
58.25000 0.04155 0.41074 0.38432 0.17300 1.00961
58.50000 0.04169 0.41006 0.38540 0.17268 1.00982
58.75000 0.04185 0.40744 0.39232 0.16835 1.00996
59.00000 0.04199 0.40658 0.39563 0.16586 1.01005
59.25000 0.04214 0.40791 0.39339 0.16650 1.00994
59.50000 0.04228 0.41070 0.39102 0.16616 1.01015
59.75000 0.04246 0.41116 0.39162 0.16498 1.01021
60.00000 0.04265 0.41550 0.38974 0.16231 1.01020
60.25000 0.04282 0.42143 0.38431 0.16159 1.01015
60.50000 0.04299 0.42461 0.38192 0.16033 1.00985
60.75000 0.04314 0.42867 0.38147 0.15683 1.01011
61.00000 0.04331 0.43769 0.37392 0.15506 1.00998
61.25000 0.04349 0.44463 0.36660 0.15530 1.01002
61.50000 0.04368 0.44643 0.36384 0.15587 1.00983
61.75000 0.04386 0.44848 0.36184 0.15567 1.00985
62.00000 0.04404 0.44738 0.36340 0.15513 1.00995
62.25000 0.04425 0.44559 0.36608 0.15407 1.00999
62.50000 0.04451 0.44831 0.36183 0.15538 1.01002
62.75000 0.04475 0.45166 0.35741 0.15644 1.01026
63.00000 0.04503 0.45644 0.35105 0.15779 1.01031
63.25000 0.04532 0.46426 0.34443 0.15643 1.01044
63.50000 0.04565 0.47386 0.33582 0.15527 1.01060
63.75000 0.04593 0.47584 0.33351 0.15535 1.01063
64.00000 0.04622 0.47780 0.33180 0.15470 1.01052
64.25000 0.04651 0.47860 0.32897 0.15638 1.01047
64.50000 0.04678 0.47903 0.32686 0.15786 1.01053
64.75000 0.04705 0.47980 0.32372 0.16002 1.01059
65.00000 0.04733 0.48490 0.31802 0.16031 1.01057
65.25000 0.04759 0.48756 0.31621 0.15907 1.01043
65.50000 0.04785 0.49692 0.30863 0.15729 1.01069
65.75000 0.04814 0.49949 0.30355 0.15952 1.01069
66.00000 0.04844 0.50548 0.29299 0.16390 1.01081
66.25000 0.04873 0.51364 0.28169 0.16721 1.01127
66.50000 0.04901 0.51927 0.27554 0.16762 1.01144
66.75000 0.04925 0.52039 0.27580 0.16603 1.01147
67.00000 0.04946 0.52107 0.27455 0.16646 1.01154
67.25000 0.04964 0.52361 0.27188 0.16631 1.01143
67.50000 0.04986 0.52441 0.27195 0.16519 1.01140
67.75000 0.05006 0.52193 0.27636 0.16321 1.01155
68.00000 0.05024 0.51815 0.28200 0.16111 1.01150
68.25000 0.05044 0.51464 0.28617 0.16023 1.01148
68.50000 0.05059 0.51060 0.29162 0.15871 1.01151
68.75000 0.05077 0.50817 0.29534 0.15716 1.01144
69.00000 0.05092 0.50994 0.29415 0.15644 1.01145
69.25000 0.05107 0.50839 0.29680 0.15517 1.01144
69.50000 0.05126 0.50060 0.30561 0.15407 1.01154
69.75000 0.05146 0.49882 0.30821 0.15302 1.01150
70.00000 0.05166 0.49476 0.31183 0.15257 1.01082
70.25000 0.05192 0.49182 0.31323 0.15379 1.01076
70.50000 0.05213 0.48519 0.31626 0.15616 1.00973
70.75000 0.05238 0.48114 0.31986 0.15638 1.00976
71.00000 0.05264 0.47099 0.32838 0.15783 1.00983
71.25000 0.05289 0.46728 0.33273 0.15697 1.00987
71.50000 0.05317 0.46182 0.33639 0.15849 1.00986
71.75000 0.05346 0.45733 0.33705 0.16166 1.00951
72.00000 0.05373 0.45406 0.33907 0.16266 1.00952
72.25000 0.05400 0.45453 0.33795 0.16315 1.00963
72.50000 0.05427 0.45474 0.33653 0.16436 1.00990
72.75000 0.05454 0.45504 0.33573 0.16464 1.00995
73.00000 0.05484 0.45185 0.33931 0.16402 1.01001
73.25000 0.05511 0.44677 0.34305 0.16506 1.00998
73.50000 0.05538 0.44133 0.34686 0.16531 1.00888
73.75000 0.05564 0.43784 0.34467 0.17065 1.00881
74.00000 0.05592 0.43172 0.34903 0.17216 1.00883
74.25000 0.05614 0.42656 0.34909 0.17708 1.00887
74.50000 0.05639 0.42370 0.34960 0.17911 1.00880
74.75000 0.05665 0.41724 0.35249 0.18241 1.00879
75.00000 0.05687 0.41296 0.35454 0.18389 1.00826
75.25000 0.05711 0.40752 0.35702 0.18653 1.00818
75.50000 0.05730 0.40357 0.36141 0.18611 1.00839
75.75000 0.05747 0.39659 0.36734 0.18706 1.00846
76.00000 0.05763 0.38629 0.37691 0.18802 1.00884
76.25000 0.05783 0.38411 0.37876 0.18820 1.00890
76.50000 0.05803 0.37624 0.38534 0.18929 1.00890
76.75000 0.05821 0.37312 0.38709 0.19038 1.00881
77.00000 0.05840 0.37100 0.38847 0.19092 1.00880
77.25000 0.05858 0.37176 0.38842 0.18986 1.00862
77.50000 0.05878 0.37423 0.38673 0.18885 1.00858
77.75000 0.05896 0.37190 0.39073 0.18650 1.00809
78.00000 0.05914 0.37189 0.39316 0.18418 1.00838
78.25000 0.05936 0.37265 0.38973 0.18671 1.00846
78.50000 0.05955 0.37092 0.39277 0.18522 1.00846
78.75000 0.05977 0.37291 0.39112 0.18470 1.00850
79.00000 0.06002 0.37085 0.39202 0.18370 1.00659
79.25000 0.06024 0.37719 0.38859 0.18051 1.00652
79.50000 0.06047 0.38129 0.38477 0.18023 1.00676
79.75000 0.06066 0.38268 0.38249 0.18111 1.00695
80.00000 0.06083 0.38742 0.37662 0.18210 1.00698
80.25000 0.06102 0.39196 0.37138 0.18281 1.00717
80.50000 0.06118 0.40045 0.36338 0.18231 1.00733
80.75000 0.06132 0.40933 0.35613 0.18064 1.00742
81.00000 0.06146 0.42320 0.34429 0.17876 1.00771
81.25000 0.06158 0.42834 0.33938 0.17849 1.00779
81.50000 0.06172 0.42970 0.33885 0.17745 1.00772
81.75000 0.06187 0.43465 0.33200 0.17981 1.00833
82.00000 0.06201 0.44066 0.32484 0.18083 1.00833
82.25000 0.06216 0.44741 0.31691 0.18166 1.00814
82.50000 0.06230 0.45034 0.31267 0.18279 1.00810
82.75000 0.06244 0.45158 0.30886 0.18525 1.00813
83.00000 0.06263 0.45377 0.30521 0.18644 1.00805
83.25000 0.06282 0.45589 0.30205 0.18713 1.00789
83.50000 0.06303 0.45501 0.30284 0.18713 1.00802
83.75000 0.06324 0.45424 0.30328 0.18735 1.00811
84.00000 0.06345 0.45390 0.30419 0.18667 1.00821
84.25000 0.06368 0.45472 0.30329 0.18657 1.00825
84.50000 0.06393 0.45682 0.30102 0.18658 1.00835
84.75000 0.06419 0.45550 0.30475 0.18395 1.00839
85.00000 0.06443 0.45505 0.30494 0.18394 1.00836
85.25000 0.06470 0.45467 0.30463 0.18442 1.00842
85.50000 0.06493 0.45784 0.30156 0.18414 1.00848
85.75000 0.06521 0.46181 0.29751 0.18406 1.00858
86.00000 0.06548 0.45802 0.29940 0.18321 1.00612
86.25000 0.06576 0.45729 0.30077 0.18232 1.00615
86.50000 0.06602 0.46070 0.29590 0.18367 1.00628
86.75000 0.06622 0.46061 0.29546 0.18414 1.00642
87.00000 0.06640 0.45970 0.29569 0.18470 1.00648
87.25000 0.06655 0.45939 0.29603 0.18469 1.00666
87.50000 0.06675 0.45805 0.29753 0.18429 1.00662
87.75000 0.06692 0.45633 0.29738 0.18612 1.00674
88.00000 0.06708 0.45399 0.29825 0.18742 1.00674
88.25000 0.06729 0.44821 0.30393 0.18697 1.00640
88.50000 0.06752 0.44822 0.30430 0.18656 1.00660
88.75000 0.06776 0.44793 0.30414 0.18692 1.00674
89.00000 0.06802 0.44511 0.30828 0.18533 1.00674
89.25000 0.06828 0.44435 0.31179 0.18237 1.00679
89.50000 0.06852 0.44687 0.30994 0.18149 1.00683
89.75000 0.06879 0.45052 0.30681 0.18087 1.00699
90.00000 0.06905 0.45272 0.30567 0.17975 1.00720
90.25000 0.06934 0.45254 0.30979 0.17574 1.00741
90.50000 0.06961 0.44704 0.31630 0.17457 1.00752
90.75000 0.06992 0.44669 0.31568 0.17525 1.00754
91.00000 0.07023 0.45287 0.30872 0.17582 1.00764
91.25000 0.07052 0.44917 0.31468 0.17342 1.00778
91.50000 0.07086 0.44550 0.31764 0.17375 1.00775
91.75000 0.07118 0.44472 0.31782 0.17401 1.00773
92.00000 0.07152 0.43924 0.32285 0.17385 1.00746
92.25000 0.07187 0.43534 0.32525 0.17498 1.00743
92.50000 0.07215 0.43121 0.32881 0.17519 1.00736
92.75000 0.07244 0.42594 0.33472 0.17428 1.00737
93.00000 0.07270 0.41653 0.34360 0.17457 1.00740
93.25000 0.07299 0.41442 0.34563 0.17437 1.00740
93.50000 0.07326 0.41242 0.34902 0.17273 1.00743
93.75000 0.07353 0.40930 0.35199 0.17249 1.00730
94.00000 0.07375 0.40348 0.35817 0.17116 1.00656
94.25000 0.07397 0.40059 0.35815 0.17112 1.00383
94.50000 0.07416 0.39415 0.36294 0.17229 1.00354
94.75000 0.07429 0.39221 0.36374 0.17319 1.00344
95.00000 0.07443 0.38616 0.36729 0.17577 1.00366
95.25000 0.07456 0.38785 0.36529 0.17602 1.00372
95.50000 0.07463 0.38674 0.36678 0.17560 1.00374
95.75000 0.07468 0.38810 0.36650 0.17461 1.00389
96.00000 0.07472 0.38773 0.36437 0.17711 1.00392
96.25000 0.07476 0.38975 0.36191 0.17756 1.00398
96.50000 0.07481 0.39409 0.35891 0.17587 1.00367
96.75000 0.07485 0.39755 0.35767 0.17347 1.00354
97.00000 0.07493 0.39689 0.35975 0.17201 1.00358
97.25000 0.07500 0.39791 0.36031 0.17035 1.00357
97.50000 0.07506 0.40090 0.35678 0.17080 1.00352
97.75000 0.07512 0.40157 0.35656 0.17043 1.00368
98.00000 0.07516 0.40781 0.35119 0.16954 1.00371
98.25000 0.07518 0.40748 0.35229 0.16827 1.00323
98.50000 0.07520 0.41134 0.34586 0.17081 1.00321
98.75000 0.07523 0.41043 0.34550 0.17211 1.00327
99.00000 0.07530 0.41367 0.34151 0.17296 1.00344
99.25000 0.07536 0.41435 0.33972 0.17446 1.00389
99.50000 0.07540 0.41041 0.34236 0.17566 1.00382
99.75000 0.07544 0.41472 0.33774 0.17585 1.00375
100.00000 0.07550 0.41161 0.34061 0.17578 1.00349
100.25000 0.07556 0.41371 0.33849 0.17582 1.00358
100.50000 0.07560 0.41179 0.34028 0.17605 1.00373
100.75000 0.07567 0.40976 0.34170 0.17670 1.00382
101.00000 0.07574 0.40929 0.34177 0.17701 1.00382
101.25000 0.07581 0.40709 0.34509 0.17598 1.00397
101.50000 0.07587 0.40664 0.34817 0.17369 1.00437
101.75000 0.07593 0.40938 0.34530 0.17380 1.00442
102.00000 0.07599 0.42106 0.33782 0.17026 1.00513
102.25000 0.07611 0.42517 0.33483 0.16911 1.00521
102.50000 0.07619 0.42637 0.33440 0.16833 1.00529
102.75000 0.07630 0.43128 0.32963 0.16815 1.00536
103.00000 0.07644 0.43258 0.32561 0.17052 1.00513
103.25000 0.07654 0.43554 0.32217 0.17093 1.00519
103.50000 0.07674 0.43767 0.31917 0.17160 1.00518
103.75000 0.07697 0.44002 0.31631 0.17169 1.00499
104.00000 0.07717 0.43980 0.31411 0.17377 1.00485
104.25000 0.07738 0.43904 0.31095 0.17752 1.00488
104.50000 0.07763 0.43885 0.30870 0.17944 1.00462
104.75000 0.07787 0.43999 0.30587 0.18081 1.00455
105.00000 0.07813 0.43807 0.30680 0.18165 1.00465
105.25000 0.07843 0.43651 0.30769 0.18191 1.00455
105.50000 0.07875 0.43542 0.30900 0.18153 1.00469
105.75000 0.07908 0.44251 0.30345 0.17975 1.00478
106.00000 0.07941 0.44196 0.30408 0.17933 1.00479
106.25000 0.07974 0.44650 0.29693 0.18205 1.00521
106.50000 0.08011 0.44642 0.29652 0.18197 1.00502
106.75000 0.08051 0.44711 0.29663 0.18070 1.00495
107.00000 0.08095 0.44695 0.29607 0.18091 1.00487
107.25000 0.08133 0.44386 0.29751 0.18236 1.00506
107.50000 0.08174 0.45026 0.29011 0.18320 1.00530
107.75000 0.08216 0.45335 0.28540 0.18458 1.00548
108.00000 0.08252 0.44918 0.29148 0.18241 1.00558
108.25000 0.08291 0.44581 0.29469 0.18216 1.00556
108.50000 0.08323 0.44548 0.29750 0.18002 1.00623
108.75000 0.08357 0.45165 0.29427 0.17706 1.00656
109.00000 0.08390 0.45249 0.29322 0.17715 1.00675
109.25000 0.08421 0.44362 0.30135 0.17770 1.00688
109.50000 0.08450 0.43899 0.30685 0.17662 1.00696
109.75000 0.08475 0.43547 0.31150 0.17531 1.00703
110.00000 0.08497 0.43261 0.31163 0.17779 1.00699
110.25000 0.08516 0.42723 0.31939 0.17517 1.00695
110.50000 0.08533 0.42249 0.32358 0.17536 1.00676
110.75000 0.08541 0.42072 0.32443 0.17604 1.00660
111.00000 0.08549 0.41636 0.32771 0.17710 1.00665
111.25000 0.08557 0.41343 0.32768 0.18001 1.00669
111.50000 0.08560 0.40767 0.33308 0.18037 1.00672
111.75000 0.08565 0.40322 0.33666 0.18113 1.00667
112.00000 0.08567 0.40175 0.33733 0.18198 1.00673
112.25000 0.08566 0.40039 0.33746 0.18332 1.00683
112.50000 0.08570 0.39880 0.33978 0.18253 1.00680
112.75000 0.08572 0.39713 0.33916 0.18480 1.00681
113.00000 0.08573 0.39842 0.33895 0.18368 1.00679
113.25000 0.08574 0.39490 0.34336 0.18286 1.00686
113.50000 0.08570 0.39539 0.34474 0.18107 1.00690
113.75000 0.08566 0.39627 0.34645 0.17871 1.00709
114.00000 0.08563 0.39738 0.34584 0.17825 1.00710
114.25000 0.08564 0.39903 0.34380 0.17870 1.00716
114.50000 0.08565 0.40002 0.34157 0.17973 1.00697
114.75000 0.08571 0.39671 0.34237 0.18216 1.00696
115.00000 0.08574 0.39628 0.34028 0.18453 1.00683
115.25000 0.08578 0.39799 0.33626 0.18673 1.00676
115.50000 0.08586 0.39679 0.33072 0.19342 1.00678
115.75000 0.08595 0.39321 0.33396 0.19329 1.00641
116.00000 0.08606 0.38845 0.33808 0.19333 1.00592
116.25000 0.08613 0.38528 0.33805 0.19596 1.00542
116.50000 0.08631 0.38065 0.34015 0.19840 1.00552
116.75000 0.08643 0.38595 0.33665 0.19692 1.00596
117.00000 0.08657 0.39016 0.33277 0.19648 1.00598
117.25000 0.08674 0.39623 0.32853 0.19446 1.00596
117.50000 0.08689 0.39974 0.32561 0.19368 1.00593
117.75000 0.08701 0.40572 0.32220 0.19100 1.00594
118.00000 0.08717 0.40795 0.32086 0.18970 1.00568
118.25000 0.08731 0.40437 0.32361 0.19017 1.00547
118.50000 0.08748 0.40860 0.31975 0.18938 1.00521
118.75000 0.08763 0.41162 0.31671 0.18928 1.00524
119.00000 0.08783 0.41166 0.31759 0.18819 1.00526
119.25000 0.08805 0.40575 0.32661 0.18482 1.00522
119.50000 0.08828 0.40939 0.32573 0.18203 1.00543
119.75000 0.08854 0.40852 0.32495 0.18343 1.00545
120.00000 0.08878 0.40971 0.32092 0.18587 1.00528
120.25000 0.08906 0.40802 0.31914 0.18899 1.00521
120.50000 0.08933 0.40736 0.31900 0.18946 1.00515
120.75000 0.08969 0.40793 0.31661 0.19095 1.00518
121.00000 0.08997 0.40757 0.31707 0.19053 1.00514
121.25000 0.09026 0.41199 0.31360 0.18920 1.00505
121.50000 0.09055 0.41254 0.31286 0.18913 1.00508
121.75000 0.09084 0.41030 0.31248 0.19150 1.00512
122.00000 0.09118 0.40856 0.31268 0.19271 1.00512
122.25000 0.09149 0.41219 0.30758 0.19380 1.00505
122.50000 0.09180 0.41473 0.30667 0.19199 1.00519
122.75000 0.09211 0.41782 0.30424 0.19117 1.00534
123.00000 0.09239 0.41749 0.30362 0.19184 1.00535
123.25000 0.09266 0.41721 0.30335 0.19209 1.00531
123.50000 0.09290 0.41608 0.30471 0.19153 1.00522
123.75000 0.09317 0.41729 0.30391 0.19083 1.00519
124.00000 0.09343 0.41866 0.30168 0.19138 1.00515
124.25000 0.09375 0.42246 0.29881 0.19014 1.00516
124.50000 0.09401 0.42303 0.29947 0.18891 1.00541
124.75000 0.09426 0.42894 0.29062 0.19159 1.00541
125.00000 0.09452 0.43131 0.29028 0.18940 1.00551
125.25000 0.09474 0.43247 0.29152 0.18684 1.00557
125.50000 0.09501 0.43291 0.29299 0.18491 1.00582
125.75000 0.09522 0.43405 0.29441 0.18215 1.00583
126.00000 0.09542 0.43460 0.29468 0.18140 1.00610
126.25000 0.09561 0.43734 0.29284 0.18032 1.00612
126.50000 0.09577 0.43458 0.29181 0.18403 1.00618
126.75000 0.09591 0.43538 0.28910 0.18576 1.00614
127.00000 0.09598 0.43501 0.28800 0.18685 1.00583
127.25000 0.09605 0.43244 0.28941 0.18774 1.00565
127.50000 0.09612 0.43277 0.28853 0.18839 1.00581
127.75000 0.09618 0.43140 0.28915 0.18973 1.00646
128.00000 0.09621 0.42870 0.29245 0.18949 1.00684
128.25000 0.09625 0.42404 0.29477 0.19185 1.00691
128.50000 0.09629 0.42093 0.29802 0.19180 1.00703
128.75000 0.09634 0.41500 0.29970 0.19600 1.00705
129.00000 0.09638 0.41236 0.30255 0.19608 1.00736
129.25000 0.09642 0.40785 0.30498 0.19803 1.00727
129.50000 0.09644 0.40191 0.30935 0.19961 1.00731
129.75000 0.09652 0.40134 0.31153 0.19821 1.00759
130.00000 0.09658 0.40245 0.30996 0.19876 1.00775
130.25000 0.09658 0.39759 0.31376 0.19987 1.00780
130.50000 0.09661 0.39837 0.31277 0.20008 1.00783
130.75000 0.09664 0.39231 0.31789 0.20117 1.00800
131.00000 0.09664 0.38966 0.31918 0.20282 1.00830
131.25000 0.09670 0.38546 0.32502 0.20164 1.00881
131.50000 0.09676 0.38320 0.32656 0.20225 1.00877
131.75000 0.09687 0.38016 0.32780 0.20361 1.00844
132.00000 0.09701 0.37550 0.33377 0.20208 1.00836
132.25000 0.09714 0.37669 0.33034 0.20408 1.00824
132.50000 0.09730 0.37771 0.32876 0.20458 1.00834
132.75000 0.09750 0.38194 0.32484 0.20409 1.00836
133.00000 0.09775 0.38457 0.31888 0.20748 1.00868
133.25000 0.09796 0.38429 0.31540 0.21124 1.00890
133.50000 0.09823 0.38443 0.31579 0.21044 1.00888
133.75000 0.09844 0.38691 0.31232 0.21133 1.00899
134.00000 0.09869 0.38673 0.31095 0.21269 1.00906
134.25000 0.09889 0.38723 0.30994 0.21303 1.00909
134.50000 0.09914 0.38827 0.30905 0.21268 1.00915
134.75000 0.09933 0.38926 0.31094 0.20992 1.00945
135.00000 0.09956 0.38963 0.31257 0.20778 1.00954
135.25000 0.09973 0.38690 0.31630 0.20662 1.00956
135.50000 0.09994 0.38767 0.31630 0.20558 1.00949
135.75000 0.10010 0.38494 0.32007 0.20396 1.00906
136.00000 0.10027 0.38827 0.31777 0.20338 1.00969
136.25000 0.10046 0.38865 0.31652 0.20409 1.00973
136.50000 0.10061 0.38812 0.31605 0.20485 1.00963
136.75000 0.10074 0.38585 0.31820 0.20480 1.00958
137.00000 0.10085 0.38666 0.31561 0.20658 1.00970
137.25000 0.10100 0.38826 0.31360 0.20686 1.00972
137.50000 0.10110 0.38652 0.31538 0.20621 1.00921
137.75000 0.10122 0.39118 0.31106 0.20566 1.00912
138.00000 0.10130 0.39086 0.31116 0.20568 1.00900
138.25000 0.10135 0.38623 0.31678 0.20474 1.00910
138.50000 0.10143 0.38523 0.31878 0.20334 1.00878
138.75000 0.10151 0.38760 0.31803 0.20181 1.00895
139.00000 0.10154 0.38935 0.31889 0.19906 1.00883
139.25000 0.10157 0.39205 0.31719 0.19814 1.00895
139.50000 0.10158 0.39716 0.31134 0.19816 1.00824
139.75000 0.10158 0.40054 0.31123 0.19461 1.00796
140.00000 0.10162 0.40400 0.30927 0.19321 1.00810
140.25000 0.10164 0.40749 0.30410 0.19493 1.00815
140.50000 0.10167 0.40814 0.30704 0.19128 1.00813
140.75000 0.10168 0.41280 0.30089 0.19281 1.00818
141.00000 0.10174 0.41468 0.29861 0.19324 1.00826
141.25000 0.10179 0.41146 0.30259 0.19287 1.00871
141.50000 0.10180 0.41197 0.30348 0.19120 1.00845
141.75000 0.10178 0.41093 0.30508 0.19077 1.00854
142.00000 0.10175 0.40923 0.30713 0.19048 1.00859
142.25000 0.10166 0.40834 0.30947 0.18919 1.00866
142.50000 0.10158 0.40743 0.31142 0.18845 1.00889
142.75000 0.10152 0.40918 0.30990 0.18853 1.00913
143.00000 0.10145 0.41295 0.30551 0.18934 1.00925
143.25000 0.10142 0.41076 0.30529 0.19196 1.00943
143.50000 0.10134 0.40906 0.30704 0.19209 1.00953
143.75000 0.10129 0.40997 0.30628 0.19201 1.00955
144.00000 0.10128 0.40801 0.30882 0.19143 1.00954
144.25000 0.10132 0.41083 0.30779 0.18947 1.00941
144.50000 0.10139 0.40872 0.30961 0.18972 1.00944
144.75000 0.10145 0.41263 0.30739 0.18797 1.00944
145.00000 0.10151 0.41540 0.30320 0.18933 1.00945
145.25000 0.10156 0.41634 0.30477 0.18684 1.00951
145.50000 0.10164 0.41782 0.30296 0.18710 1.00952
145.75000 0.10172 0.41589 0.30420 0.18778 1.00958
146.00000 0.10183 0.41607 0.30690 0.18478 1.00958
146.25000 0.10198 0.41806 0.30403 0.18533 1.00941
146.50000 0.10219 0.41796 0.30418 0.18502 1.00935
146.75000 0.10237 0.41864 0.30423 0.18420 1.00943
147.00000 0.10260 0.41919 0.30439 0.18329 1.00946
147.25000 0.10282 0.41923 0.30528 0.18220 1.00953
147.50000 0.10301 0.41477 0.30909 0.18291 1.00978
147.75000 0.10323 0.41111 0.31100 0.18441 1.00974
148.00000 0.10350 0.40676 0.31748 0.18222 1.00997
148.25000 0.10376 0.40358 0.32206 0.18033 1.00974
148.50000 0.10403 0.40043 0.32665 0.17871 1.00982
148.75000 0.10435 0.39878 0.33123 0.17552 1.00988
149.00000 0.10462 0.39748 0.33296 0.17486 1.00993
149.25000 0.10494 0.39491 0.33624 0.17392 1.01001
149.50000 0.10529 0.39508 0.33559 0.17410 1.01006
149.75000 0.10560 0.39441 0.33494 0.17529 1.01025
150.00000 0.10595 0.39490 0.33338 0.17634 1.01057
150.25000 0.10630 0.39404 0.33349 0.17675 1.01058
150.50000 0.10667 0.39625 0.32926 0.17841 1.01059
150.75000 0.10707 0.39849 0.32517 0.17990 1.01063
151.00000 0.10746 0.39390 0.32987 0.17970 1.01093
151.25000 0.10786 0.39294 0.33000 0.18027 1.01106
151.50000 0.10830 0.38968 0.33207 0.18101 1.01105
151.75000 0.10869 0.38832 0.33101 0.18312 1.01114
152.00000 0.10911 0.38904 0.32889 0.18410 1.01114
152.25000 0.10958 0.38959 0.32777 0.18434 1.01127
152.50000 0.10999 0.38831 0.33017 0.18307 1.01155
152.75000 0.11040 0.39151 0.32585 0.18412 1.01187
153.00000 0.11079 0.39467 0.31946 0.18731 1.01224
153.25000 0.11114 0.39599 0.31764 0.18793 1.01270
153.50000 0.11156 0.39804 0.31459 0.18847 1.01266
153.75000 0.11196 0.39794 0.31416 0.18853 1.01259
154.00000 0.11237 0.40082 0.31328 0.18613 1.01259
154.25000 0.11284 0.39991 0.31542 0.18471 1.01287
154.50000 0.11328 0.39658 0.31761 0.18611 1.01357
154.75000 0.11371 0.39487 0.32072 0.18534 1.01463
155.00000 0.11408 0.39633 0.32041 0.18409 1.01491
155.25000 0.11448 0.39543 0.32089 0.18429 1.01509
155.50000 0.11490 0.39330 0.32069 0.18614 1.01504
155.75000 0.11526 0.39053 0.32348 0.18588 1.01515
156.00000 0.11566 0.39150 0.32215 0.18584 1.01514
156.25000 0.11608 0.39534 0.31784 0.18595 1.01521
156.50000 0.11644 0.39640 0.31987 0.18245 1.01517
156.75000 0.11678 0.39711 0.31996 0.18136 1.01521
157.00000 0.11703 0.39985 0.31791 0.18054 1.01534
157.25000 0.11733 0.40128 0.31846 0.17825 1.01532
157.50000 0.11758 0.40178 0.31521 0.18062 1.01519
157.75000 0.11784 0.40305 0.31390 0.18043 1.01522
158.00000 0.11806 0.40073 0.31475 0.18175 1.01530
158.25000 0.11830 0.39932 0.31413 0.18353 1.01528
158.50000 0.11848 0.40709 0.30659 0.18321 1.01536
158.75000 0.11872 0.40701 0.30701 0.18281 1.01554
159.00000 0.11899 0.40653 0.30731 0.18279 1.01562
159.25000 0.11929 0.40454 0.30782 0.18429 1.01593
159.50000 0.11959 0.40515 0.30673 0.18466 1.01613
159.75000 0.11986 0.39953 0.31075 0.18605 1.01620
160.00000 0.12009 0.39456 0.31534 0.18609 1.01610
160.25000 0.12034 0.39760 0.31212 0.18613 1.01620
160.50000 0.12059 0.40018 0.31025 0.18514 1.01616
160.75000 0.12082 0.40181 0.31206 0.18118 1.01587
161.00000 0.12100 0.40146 0.31267 0.18090 1.01602
161.25000 0.12116 0.40393 0.31032 0.18034 1.01575
161.50000 0.12134 0.40533 0.30717 0.18195 1.01579
161.75000 0.12142 0.40336 0.31012 0.18131 1.01620
162.00000 0.12160 0.40055 0.31476 0.17947 1.01638
162.25000 0.12176 0.40161 0.31535 0.17717 1.01589
162.50000 0.12196 0.40215 0.31579 0.17640 1.01631
162.75000 0.12213 0.40354 0.31451 0.17629 1.01646
163.00000 0.12239 0.40118 0.31593 0.17705 1.01656
163.25000 0.12263 0.39857 0.31753 0.17782 1.01655
163.50000 0.12290 0.39695 0.31957 0.17747 1.01689
163.75000 0.12322 0.39660 0.32144 0.17591 1.01717
164.00000 0.12355 0.39660 0.31778 0.17901 1.01693
164.25000 0.12388 0.39624 0.31823 0.17841 1.01676
164.50000 0.12426 0.39645 0.31785 0.17818 1.01674
164.75000 0.12454 0.39369 0.32061 0.17798 1.01682
165.00000 0.12485 0.39236 0.32040 0.17915 1.01675
165.25000 0.12516 0.38976 0.32105 0.18069 1.01666
165.50000 0.12542 0.38815 0.32140 0.18174 1.01671
165.75000 0.12572 0.38675 0.32229 0.18206 1.01682
166.00000 0.12600 0.38507 0.32420 0.18139 1.01665
166.25000 0.12631 0.38704 0.32227 0.18117 1.01679
166.50000 0.12658 0.38582 0.32297 0.18148 1.01685
166.75000 0.12684 0.39055 0.31882 0.18048 1.01669
167.00000 0.12715 0.38953 0.32041 0.17924 1.01633
167.25000 0.12745 0.38779 0.32273 0.17824 1.01621
167.50000 0.12784 0.38967 0.32024 0.17826 1.01601
167.75000 0.12827 0.38703 0.32055 0.17986 1.01571
168.00000 0.12863 0.38372 0.32324 0.18021 1.01580
168.25000 0.12898 0.37891 0.32563 0.18232 1.01585
168.50000 0.12941 0.37882 0.32166 0.18653 1.01643
168.75000 0.12981 0.37825 0.31975 0.18873 1.01655
169.00000 0.13020 0.37584 0.32262 0.18779 1.01645
169.25000 0.13061 0.37483 0.32290 0.18804 1.01638
169.50000 0.13098 0.37537 0.32145 0.18855 1.01635
169.75000 0.13128 0.37844 0.31644 0.19018 1.01634
170.00000 0.13157 0.37494 0.31666 0.19342 1.01660
170.25000 0.13189 0.37580 0.31406 0.19487 1.01661
170.50000 0.13218 0.37914 0.30873 0.19642 1.01647
170.75000 0.13234 0.38257 0.30442 0.19718 1.01650
171.00000 0.13252 0.38324 0.30408 0.19641 1.01626
171.25000 0.13269 0.38509 0.29938 0.19843 1.01559
171.50000 0.13277 0.38590 0.30034 0.19667 1.01568
171.75000 0.13286 0.38327 0.30207 0.19781 1.01602
172.00000 0.13294 0.38598 0.29948 0.19709 1.01548
172.25000 0.13299 0.38617 0.29806 0.19807 1.01529
172.50000 0.13300 0.38522 0.30049 0.19651 1.01521
172.75000 0.13305 0.38426 0.30122 0.19674 1.01527
173.00000 0.13308 0.38768 0.30125 0.19326 1.01528
173.25000 0.13311 0.38703 0.30116 0.19393 1.01523
173.50000 0.13319 0.38833 0.30036 0.19358 1.01546
173.75000 0.13328 0.38781 0.30089 0.19354 1.01552
174.00000 0.13333 0.38796 0.30230 0.19193 1.01552
174.25000 0.13338 0.38997 0.29957 0.19263 1.01555
174.50000 0.13344 0.39324 0.29540 0.19351 1.01559
174.75000 0.13353 0.39372 0.29576 0.19253 1.01554
175.00000 0.13355 0.39216 0.29842 0.19150 1.01562
175.25000 0.13354 0.39357 0.29689 0.19163 1.01563
175.50000 0.13357 0.39325 0.29613 0.19272 1.01567
175.75000 0.13362 0.39373 0.29499 0.19345 1.01579
176.00000 0.13364 0.39291 0.29720 0.19193 1.01569
176.25000 0.13364 0.39376 0.29580 0.19248 1.01568
176.50000 0.13367 0.39279 0.29461 0.19406 1.01514
176.75000 0.13372 0.39425 0.28900 0.19806 1.01504
177.00000 0.13365 0.39634 0.28600 0.19891 1.01490
177.25000 0.13354 0.39654 0.28534 0.19919 1.01461
177.50000 0.13351 0.39484 0.28730 0.19903 1.01468
177.75000 0.13348 0.39161 0.29140 0.19809 1.01459
178.00000 0.13343 0.38947 0.29474 0.19690 1.01454
178.25000 0.13341 0.38634 0.29700 0.19772 1.01446
178.50000 0.13341 0.37863 0.30494 0.19762 1.01461
178.75000 0.13340 0.37866 0.30346 0.19908 1.01461
179.00000 0.13344 0.37681 0.30377 0.20027 1.01429
179.25000 0.13352 0.37854 0.30011 0.20198 1.01415
179.50000 0.13362 0.38109 0.29595 0.20375 1.01442
179.75000 0.13378 0.38132 0.29433 0.20538 1.01482
180.00000 0.13394 0.38357 0.29345 0.20387 1.01482
180.25000 0.13416 0.38104 0.29627 0.20350 1.01497
180.50000 0.13437 0.37935 0.29964 0.20164 1.01500
180.75000 0.13462 0.37463 0.30519 0.20067 1.01512
181.00000 0.13480 0.37240 0.30651 0.20141 1.01512
181.25000 0.13493 0.37088 0.30895 0.20057 1.01534
181.50000 0.13512 0.36683 0.31447 0.19891 1.01533
181.75000 0.13525 0.36367 0.31806 0.19839 1.01537
182.00000 0.13536 0.36511 0.31781 0.19698 1.01527
182.25000 0.13545 0.36427 0.31850 0.19705 1.01525
182.50000 0.13556 0.36502 0.31843 0.19619 1.01519
182.75000 0.13568 0.36442 0.31954 0.19563 1.01527
183.00000 0.13576 0.36473 0.32182 0.19299 1.01530
183.25000 0.13587 0.36123 0.32360 0.19469 1.01539
183.50000 0.13598 0.36437 0.32130 0.19366 1.01532
183.75000 0.13606 0.37181 0.31643 0.19107 1.01537
184.00000 0.13615 0.37507 0.31429 0.19011 1.01562
184.25000 0.13625 0.37716 0.31363 0.18864 1.01567
184.50000 0.13638 0.37709 0.31246 0.18980 1.01573
184.75000 0.13651 0.37782 0.31094 0.19043 1.01570
185.00000 0.13669 0.37979 0.30890 0.19024 1.01562
185.25000 0.13685 0.38287 0.30568 0.19026 1.01566
185.50000 0.13704 0.38355 0.30242 0.19259 1.01560
185.75000 0.13726 0.38387 0.30233 0.19209 1.01555
186.00000 0.13744 0.38462 0.30271 0.19070 1.01547
186.25000 0.13760 0.38396 0.30447 0.18966 1.01568
186.50000 0.13776 0.38815 0.30199 0.18804 1.01594
186.75000 0.13789 0.38847 0.30079 0.18899 1.01614
187.00000 0.13805 0.38759 0.29946 0.19093 1.01603
187.25000 0.13818 0.38554 0.29889 0.19307 1.01569
187.50000 0.13830 0.38524 0.29753 0.19477 1.01583
187.75000 0.13843 0.38664 0.29620 0.19429 1.01557
188.00000 0.13862 0.38346 0.30142 0.19253 1.01603
188.25000 0.13868 0.38218 0.30309 0.19231 1.01627
188.50000 0.13880 0.38162 0.30392 0.19206 1.01641
188.75000 0.13892 0.38019 0.30376 0.19362 1.01650
189.00000 0.13902 0.37774 0.30599 0.19756 1.02031
189.25000 0.13909 0.37029 0.31412 0.19816 1.02166
189.50000 0.13918 0.36835 0.31606 0.19857 1.02215
189.75000 0.13923 0.36990 0.31291 0.20011 1.02216
190.00000 0.13935 0.37117 0.31166 0.19987 1.02205
190.25000 0.13937 0.37037 0.31278 0.19961 1.02213
190.50000 0.13945 0.36962 0.31327 0.19983 1.02218
190.75000 0.13955 0.36857 0.31394 0.20021 1.02228
191.00000 0.13963 0.36854 0.31326 0.20075 1.02218
191.25000 0.13973 0.36891 0.31248 0.20117 1.02229
191.50000 0.13986 0.37100 0.30664 0.20449 1.02201
191.75000 0.14002 0.37289 0.30153 0.20745 1.02189
192.00000 0.14014 0.37347 0.30023 0.20806 1.02191
192.25000 0.14026 0.37335 0.30194 0.20653 1.02208
192.50000 0.14042 0.37401 0.29987 0.20794 1.02225
192.75000 0.14059 0.37715 0.29569 0.20879 1.02221
193.00000 0.14081 0.37568 0.29674 0.20907 1.02230
193.25000 0.14098 0.37627 0.29539 0.20980 1.02244
193.50000 0.14119 0.37630 0.29546 0.20946 1.02241
193.75000 0.14145 0.38039 0.29070 0.20996 1.02250
194.00000 0.14171 0.38253 0.28832 0.20989 1.02244
194.25000 0.14200 0.38389 0.28469 0.21214 1.02272
194.50000 0.14226 0.38264 0.28293 0.21494 1.02277
194.75000 0.14252 0.38054 0.28290 0.21696 1.02292
195.00000 0.14277 0.37893 0.28405 0.21740 1.02314
195.25000 0.14298 0.37735 0.28837 0.21448 1.02317
195.50000 0.14319 0.37593 0.28973 0.21441 1.02326
195.75000 0.14343 0.37313 0.29233 0.21469 1.02357
196.00000 0.14364 0.37122 0.29548 0.21342 1.02377
196.25000 0.14381 0.36914 0.29567 0.21533 1.02395
196.50000 0.14397 0.36683 0.29784 0.21543 1.02406
196.75000 0.14411 0.36325 0.30088 0.21603 1.02426
197.00000 0.14417 0.35640 0.31066 0.21334 1.02456
197.25000 0.14433 0.35424 0.31452 0.21162 1.02470
197.50000 0.14439 0.35322 0.31528 0.21180 1.02470
197.75000 0.14448 0.35298 0.31498 0.21258 1.02502
198.00000 0.14450 0.35498 0.31582 0.20966 1.02496
198.25000 0.14458 0.35305 0.32104 0.20631 1.02498
198.50000 0.14463 0.35637 0.31912 0.20493 1.02505
198.75000 0.14470 0.35534 0.32187 0.20338 1.02529
199.00000 0.14471 0.35579 0.32362 0.20121 1.02533
199.25000 0.14469 0.35108 0.32894 0.20065 1.02537
199.50000 0.14470 0.35085 0.33023 0.19931 1.02510
199.75000 0.14466 0.35044 0.33315 0.19702 1.02527
200.00000 0.14463 0.35507 0.32735 0.19835 1.02540
200.25000 0.14457 0.35691 0.32195 0.20203 1.02546
200.50000 0.14449 0.35810 0.32123 0.20175 1.02556
200.75000 0.14440 0.35873 0.32065 0.20186 1.02564
201.00000 0.14435 0.36308 0.31798 0.20006 1.02546
201.25000 0.14424 0.36886 0.31496 0.19756 1.02562
201.50000 0.14419 0.36564 0.31955 0.19643 1.02581
201.75000 0.14417 0.36482 0.32373 0.19338 1.02609
202.00000 0.14412 0.35945 0.32963 0.19284 1.02604
202.25000 0.14411 0.36068 0.32739 0.19386 1.02604
202.50000 0.14407 0.36234 0.32469 0.19510 1.02619
202.75000 0.14407 0.36498 0.32137 0.19575 1.02617
203.00000 0.14397 0.36714 0.31809 0.19713 1.02632
203.25000 0.14390 0.37080 0.31469 0.19706 1.02645
203.50000 0.14379 0.37141 0.31527 0.19609 1.02657
203.75000 0.14373 0.37224 0.31572 0.19499 1.02667
204.00000 0.14363 0.37347 0.31259 0.19720 1.02689
204.25000 0.14357 0.37821 0.30784 0.19745 1.02707
204.50000 0.14354 0.38113 0.30313 0.19944 1.02724
204.75000 0.14355 0.38379 0.29977 0.20019 1.02730
205.00000 0.14355 0.38313 0.30270 0.19792 1.02730
205.25000 0.14358 0.38145 0.30539 0.19704 1.02745
205.50000 0.14359 0.37810 0.31075 0.19503 1.02747
205.75000 0.14357 0.37707 0.31273 0.19411 1.02748
206.00000 0.14359 0.38080 0.31054 0.19188 1.02681
206.25000 0.14366 0.38571 0.30505 0.19245 1.02687
206.50000 0.14377 0.38731 0.30262 0.19296 1.02667
206.75000 0.14387 0.38926 0.30028 0.19331 1.02672
207.00000 0.14399 0.38915 0.29810 0.19557 1.02681
207.25000 0.14411 0.39144 0.29646 0.19472 1.02673
207.50000 0.14422 0.39131 0.29695 0.19444 1.02692
207.75000 0.14433 0.39181 0.29939 0.19134 1.02687
208.00000 0.14452 0.39237 0.30003 0.19003 1.02695
208.25000 0.14466 0.39473 0.29874 0.18875 1.02688
208.50000 0.14478 0.39519 0.29760 0.18921 1.02678
208.75000 0.14496 0.39596 0.29740 0.18863 1.02696
209.00000 0.14507 0.39931 0.29576 0.18688 1.02702
209.25000 0.14519 0.40223 0.29401 0.18561 1.02703
209.50000 0.14532 0.40056 0.29741 0.18376 1.02706
209.75000 0.14546 0.40156 0.29084 0.18920 1.02705
210.00000 0.14561 0.40208 0.29005 0.18975 1.02749
210.25000 0.14571 0.39646 0.29378 0.19157 1.02753
210.50000 0.14580 0.39520 0.29426 0.19238 1.02764
210.75000 0.14592 0.39586 0.29427 0.19144 1.02750
211.00000 0.14598 0.39537 0.29293 0.19345 1.02773
211.25000 0.14601 0.39481 0.29231 0.19483 1.02796
211.50000 0.14609 0.39063 0.29605 0.19547 1.02824
211.75000 0.14618 0.38633 0.29927 0.19667 1.02845
212.00000 0.14629 0.38781 0.29730 0.19730 1.02870
212.25000 0.14636 0.38889 0.29525 0.19850 1.02901
212.50000 0.14643 0.38743 0.29548 0.19973 1.02907
212.75000 0.14652 0.38257 0.29995 0.19997 1.02902
213.00000 0.14662 0.37805 0.30262 0.20172 1.02901
213.25000 0.14675 0.37495 0.30412 0.20338 1.02920
213.50000 0.14687 0.37420 0.30169 0.20670 1.02946
213.75000 0.14703 0.37439 0.30061 0.20775 1.02978
214.00000 0.14721 0.37709 0.29974 0.20617 1.03020
214.25000 0.14742 0.38167 0.29465 0.20641 1.03015
214.50000 0.14756 0.38100 0.29418 0.20735 1.03008
214.75000 0.14774 0.37823 0.29863 0.20551 1.03011
215.00000 0.14789 0.37552 0.30085 0.20598 1.03023
215.25000 0.14800 0.37854 0.29680 0.20654 1.02988
215.50000 0.14809 0.38150 0.29564 0.20471 1.02994
215.75000 0.14820 0.37605 0.30532 0.20030 1.02988
216.00000 0.14824 0.37658 0.30614 0.19972 1.03069
216.25000 0.14831 0.37815 0.30520 0.19897 1.03063
216.50000 0.14835 0.37988 0.30445 0.19811 1.03079
216.75000 0.14836 0.37933 0.30792 0.19520 1.03082
217.00000 0.14844 0.38064 0.30847 0.19334 1.03089
217.25000 0.14847 0.38481 0.30578 0.19139 1.03046
217.50000 0.14852 0.38965 0.30374 0.18813 1.03003
217.75000 0.14856 0.39067 0.30215 0.18884 1.03023
218.00000 0.14860 0.39144 0.30377 0.18666 1.03046
218.25000 0.14871 0.39263 0.30660 0.18266 1.03059
218.50000 0.14879 0.39142 0.31160 0.17924 1.03105
218.75000 0.14896 0.38952 0.31884 0.17440 1.03171
219.00000 0.14909 0.38699 0.32246 0.17322 1.03176
219.25000 0.14929 0.38406 0.32793 0.17053 1.03181
219.50000 0.14949 0.37911 0.32923 0.17390 1.03173
219.75000 0.14971 0.37230 0.33624 0.17342 1.03168
220.00000 0.14994 0.37538 0.33814 0.16835 1.03181
220.25000 0.15026 0.37817 0.33521 0.16836 1.03199
220.50000 0.15059 0.37721 0.33623 0.16797 1.03200
220.75000 0.15090 0.37287 0.34008 0.16822 1.03207
221.00000 0.15127 0.37109 0.33992 0.16987 1.03215
221.25000 0.15164 0.36627 0.34479 0.16952 1.03223
221.50000 0.15199 0.36646 0.34398 0.16987 1.03231
221.75000 0.15236 0.36328 0.34564 0.17105 1.03234
222.00000 0.15267 0.36300 0.34609 0.17056 1.03232
222.25000 0.15300 0.36652 0.34330 0.16935 1.03217
222.50000 0.15333 0.36839 0.33937 0.17120 1.03228
222.75000 0.15372 0.36623 0.34226 0.17045 1.03266
223.00000 0.15405 0.36889 0.33954 0.17032 1.03280
223.25000 0.15444 0.37118 0.33525 0.17188 1.03275
223.50000 0.15485 0.37368 0.32831 0.17574 1.03258
223.75000 0.15522 0.37351 0.32503 0.17884 1.03259
224.00000 0.15553 0.37324 0.32224 0.18151 1.03252
224.25000 0.15588 0.37196 0.32000 0.18468 1.03253
224.50000 0.15620 0.36836 0.32098 0.18681 1.03235
224.75000 0.15651 0.36882 0.31884 0.18874 1.03292
225.00000 0.15675 0.36676 0.32124 0.18829 1.03303
225.25000 0.15701 0.36430 0.32351 0.18794 1.03275
225.50000 0.15726 0.36948 0.31672 0.18912 1.03258
225.75000 0.15754 0.36827 0.31988 0.18711 1.03280
226.00000 0.15781 0.36438 0.32563 0.18556 1.03338
226.25000 0.15806 0.36093 0.32971 0.18511 1.03382
226.50000 0.15839 0.36070 0.33036 0.18445 1.03390
226.75000 0.15865 0.36148 0.32977 0.18397 1.03388
227.00000 0.15893 0.36428 0.32723 0.18344 1.03388
227.25000 0.15920 0.36390 0.32823 0.18310 1.03443
227.50000 0.15940 0.37157 0.32195 0.18163 1.03455
227.75000 0.15962 0.37599 0.32052 0.17861 1.03475
228.00000 0.15982 0.37094 0.32422 0.18014 1.03512
228.25000 0.15998 0.37166 0.32379 0.17953 1.03497
228.50000 0.16012 0.37429 0.32121 0.17906 1.03468
228.75000 0.16027 0.37458 0.32059 0.17919 1.03462
229.00000 0.16043 0.37547 0.31799 0.18061 1.03450
229.25000 0.16065 0.37547 0.31469 0.18362 1.03444
229.50000 0.16085 0.37229 0.31471 0.18658 1.03443
229.75000 0.16105 0.37396 0.31100 0.18847 1.03447
230.00000 0.16121 0.37530 0.30765 0.19038 1.03455
230.25000 0.16143 0.37638 0.30365 0.19317 1.03462
230.50000 0.16164 0.37847 0.29846 0.19607 1.03464
230.75000 0.16186 0.37731 0.29806 0.19737 1.03461
231.00000 0.16207 0.37803 0.29903 0.19561 1.03473
231.25000 0.16231 0.38264 0.29525 0.19446 1.03465
231.50000 0.16261 0.38809 0.29049 0.19323 1.03441
231.75000 0.16288 0.39336 0.28561 0.19235 1.03421
232.00000 0.16317 0.39381 0.28405 0.19329 1.03433
232.25000 0.16342 0.39410 0.28217 0.19442 1.03412
232.50000 0.16369 0.39597 0.28052 0.19394 1.03412
232.75000 0.16385 0.39352 0.28212 0.19509 1.03459
233.00000 0.16402 0.39001 0.28392 0.19682 1.03478
233.25000 0.16421 0.38995 0.28718 0.19378 1.03512
233.50000 0.16443 0.39239 0.28515 0.19330 1.03527
233.75000 0.16462 0.39126 0.28744 0.19204 1.03536
234.00000 0.16479 0.39049 0.28907 0.19116 1.03551
234.25000 0.16499 0.39165 0.28678 0.19213 1.03555
234.50000 0.16521 0.39924 0.27917 0.19208 1.03569
234.75000 0.16544 0.39834 0.27997 0.19194 1.03569
235.00000 0.16567 0.40436 0.27275 0.19260 1.03538
235.25000 0.16590 0.40624 0.27039 0.19293 1.03547
235.50000 0.16613 0.40663 0.27144 0.19069 1.03489
235.75000 0.16639 0.40532 0.27201 0.19122 1.03493
236.00000 0.16666 0.40393 0.27671 0.18763 1.03493
236.25000 0.16687 0.40175 0.27898 0.18749 1.03508
236.50000 0.16712 0.40006 0.28174 0.18614 1.03505
236.75000 0.16729 0.39890 0.28273 0.18605 1.03497
237.00000 0.16750 0.39594 0.28601 0.18556 1.03501
237.25000 0.16774 0.39512 0.28979 0.18236 1.03501
237.50000 0.16795 0.39513 0.29035 0.18161 1.03505
237.75000 0.16816 0.39515 0.29146 0.18045 1.03522
238.00000 0.16832 0.39605 0.29089 0.17974 1.03500
238.25000 0.16848 0.39449 0.29315 0.17891 1.03503
238.50000 0.16862 0.39103 0.30047 0.17495 1.03507
238.75000 0.16877 0.38920 0.30442 0.17268 1.03507
239.00000 0.16889 0.39004 0.30477 0.17140 1.03509
239.25000 0.16896 0.39128 0.30344 0.17144 1.03512
239.50000 0.16900 0.38954 0.30460 0.17199 1.03513
239.75000 0.16902 0.38960 0.30426 0.17221 1.03509
240.00000 0.16905 0.38490 0.30536 0.17548 1.03478
240.25000 0.16910 0.38457 0.30057 0.18026 1.03451
240.50000 0.16918 0.38200 0.30183 0.18139 1.03440
240.75000 0.16928 0.37741 0.30583 0.18190 1.03443
241.00000 0.16940 0.37472 0.30831 0.18184 1.03427
241.25000 0.16957 0.37185 0.31079 0.18199 1.03420
241.50000 0.16977 0.37040 0.30970 0.18412 1.03399
241.75000 0.16994 0.36690 0.31455 0.18283 1.03423
242.00000 0.17020 0.36181 0.32226 0.18003 1.03430
242.25000 0.17044 0.36211 0.32058 0.18039 1.03352
242.50000 0.17065 0.36476 0.31389 0.18423 1.03353
242.75000 0.17085 0.36467 0.31504 0.18288 1.03343
243.00000 0.17103 0.36172 0.31981 0.18086 1.03343
243.25000 0.17132 0.36045 0.32015 0.18164 1.03356
243.50000 0.17158 0.36173 0.31989 0.18050 1.03370
243.75000 0.17179 0.35994 0.32107 0.18119 1.03399
244.00000 0.17203 0.35592 0.32605 0.18001 1.03400
244.25000 0.17221 0.35770 0.32634 0.17768 1.03392
244.50000 0.17245 0.36254 0.32191 0.17702 1.03392
244.75000 0.17268 0.36643 0.32117 0.17368 1.03397
245.00000 0.17300 0.36890 0.31453 0.17784 1.03426
245.25000 0.17323 0.36595 0.31646 0.17871 1.03435
245.50000 0.17347 0.37103 0.31069 0.17913 1.03431
245.75000 0.17379 0.37115 0.31053 0.17882 1.03428
246.00000 0.17400 0.37065 0.31010 0.17903 1.03378
246.25000 0.17437 0.36938 0.31098 0.17898 1.03371
246.50000 0.17465 0.37111 0.30780 0.17965 1.03321
246.75000 0.17490 0.37245 0.30468 0.18141 1.03344
247.00000 0.17524 0.37374 0.30395 0.18039 1.03331
247.25000 0.17547 0.37491 0.30085 0.18236 1.03360
247.50000 0.17574 0.37079 0.30043 0.18655 1.03351
247.75000 0.17602 0.36807 0.30151 0.18801 1.03361
248.00000 0.17631 0.36611 0.30438 0.18685 1.03365
248.25000 0.17661 0.36511 0.30708 0.18496 1.03376
248.50000 0.17685 0.36289 0.30838 0.18547 1.03358
248.75000 0.17714 0.36175 0.30846 0.18621 1.03356
249.00000 0.17744 0.35986 0.31006 0.18631 1.03366
249.25000 0.17773 0.35841 0.31270 0.18493 1.03378
249.50000 0.17803 0.36037 0.31360 0.18194 1.03394
249.75000 0.17827 0.36280 0.31096 0.18179 1.03383
250.00000 0.17854 0.36958 0.30289 0.18286 1.03387
