0.00000 0.00000 0.00000 1.00000 0.00000 1.00000
0.25000 0.00000 0.01444 0.97030 0.01525 1.00000
0.50000 0.00001 0.02627 0.94667 0.02706 1.00000
0.75000 0.00003 0.05343 0.91610 0.03045 1.00001
1.00000 0.00005 0.08319 0.88246 0.03431 1.00001
1.25000 0.00007 0.10136 0.85182 0.04697 1.00022
1.50000 0.00010 0.11984 0.82957 0.05073 1.00024
1.75000 0.00013 0.15595 0.78971 0.05454 1.00033
2.00000 0.00017 0.18190 0.75876 0.06014 1.00097
2.25000 0.00021 0.20469 0.73232 0.06383 1.00106
2.50000 0.00027 0.24564 0.68521 0.07001 1.00112
2.75000 0.00032 0.29343 0.64027 0.06727 1.00129
3.00000 0.00039 0.34970 0.58794 0.06382 1.00184
3.25000 0.00045 0.39740 0.53706 0.06753 1.00244
3.50000 0.00052 0.42252 0.51213 0.06782 1.00299
3.75000 0.00059 0.46673 0.46571 0.07092 1.00395
4.00000 0.00066 0.48653 0.44146 0.07556 1.00421
4.25000 0.00074 0.53028 0.39711 0.07660 1.00472
4.50000 0.00082 0.56117 0.37032 0.07299 1.00530
4.75000 0.00091 0.59181 0.34052 0.07207 1.00530
5.00000 0.00101 0.61037 0.32328 0.07125 1.00590
5.25000 0.00111 0.63090 0.29872 0.07523 1.00596
5.50000 0.00120 0.64639 0.27905 0.07945 1.00609
5.75000 0.00131 0.66436 0.26039 0.08010 1.00617
6.00000 0.00142 0.67119 0.25255 0.08103 1.00619
6.25000 0.00153 0.67768 0.24883 0.07806 1.00610
6.50000 0.00163 0.69160 0.23828 0.07448 1.00600
6.75000 0.00173 0.69272 0.23638 0.07515 1.00598
7.00000 0.00183 0.70036 0.22821 0.07543 1.00583
7.25000 0.00194 0.70234 0.23267 0.06900 1.00595
7.50000 0.00204 0.71469 0.22025 0.06898 1.00596
7.75000 0.00215 0.71737 0.22162 0.06476 1.00590
8.00000 0.00225 0.72084 0.21725 0.06555 1.00590
8.25000 0.00235 0.73289 0.20480 0.06587 1.00591
8.50000 0.00244 0.74346 0.19395 0.06607 1.00592
8.75000 0.00254 0.75362 0.18369 0.06608 1.00593
9.00000 0.00264 0.75849 0.17896 0.06589 1.00598
9.25000 0.00274 0.76098 0.17684 0.06549 1.00604
9.50000 0.00284 0.76404 0.17331 0.06564 1.00583
9.75000 0.00295 0.76177 0.17508 0.06593 1.00573
10.00000 0.00306 0.76462 0.17179 0.06628 1.00575
10.25000 0.00317 0.75994 0.17597 0.06669 1.00576
10.50000 0.00328 0.75693 0.17852 0.06707 1.00580
10.75000 0.00340 0.75179 0.18121 0.06944 1.00584
11.00000 0.00352 0.76814 0.16476 0.06941 1.00583
11.25000 0.00366 0.77094 0.16132 0.06992 1.00584
11.50000 0.00378 0.76108 0.17074 0.07025 1.00585
11.75000 0.00390 0.75710 0.17386 0.07100 1.00586
12.00000 0.00403 0.75288 0.17777 0.07114 1.00582
12.25000 0.00418 0.74153 0.18909 0.07108 1.00588
12.50000 0.00431 0.74372 0.18675 0.07122 1.00601
12.75000 0.00446 0.71945 0.21129 0.07082 1.00601
13.00000 0.00461 0.70589 0.22437 0.07116 1.00602
13.25000 0.00475 0.69008 0.23900 0.07224 1.00606
13.50000 0.00491 0.67563 0.25259 0.07294 1.00607
13.75000 0.00507 0.65250 0.26993 0.07859 1.00610
14.00000 0.00523 0.63906 0.27826 0.08355 1.00610
14.25000 0.00538 0.62585 0.29078 0.08409 1.00610
14.50000 0.00553 0.61865 0.29664 0.08532 1.00614
14.75000 0.00568 0.59863 0.31536 0.08649 1.00615
15.00000 0.00584 0.57529 0.33663 0.08842 1.00619
15.25000 0.00600 0.55322 0.36016 0.08678 1.00616
15.50000 0.00616 0.53520 0.37701 0.08776 1.00614
15.75000 0.00633 0.50993 0.40123 0.08864 1.00613
16.00000 0.00650 0.49668 0.41228 0.09095 1.00641
16.25000 0.00666 0.48830 0.41849 0.09295 1.00640
16.50000 0.00682 0.47246 0.43041 0.09669 1.00637
16.75000 0.00696 0.45827 0.44343 0.09780 1.00646
17.00000 0.00711 0.43773 0.46466 0.09741 1.00692
17.25000 0.00725 0.41846 0.47622 0.10539 1.00733
17.50000 0.00741 0.41029 0.46830 0.12264 1.00864
17.75000 0.00755 0.39975 0.47159 0.12980 1.00870
18.00000 0.00770 0.38773 0.48260 0.13084 1.00885
18.25000 0.00786 0.37622 0.49055 0.13445 1.00907
18.50000 0.00800 0.37264 0.49137 0.13709 1.00910
18.75000 0.00811 0.35849 0.50204 0.14045 1.00909
19.00000 0.00823 0.35768 0.49239 0.15146 1.00975
19.25000 0.00833 0.34385 0.50498 0.15254 1.00970
19.50000 0.00842 0.34381 0.50257 0.15487 1.00967
19.75000 0.00851 0.35171 0.49279 0.15667 1.00970
20.00000 0.00862 0.36040 0.47856 0.16194 1.00952
20.25000 0.00873 0.36473 0.47137 0.16505 1.00988
20.50000 0.00885 0.36729 0.46783 0.16578 1.00974
20.75000 0.00894 0.37263 0.46885 0.15901 1.00942
21.00000 0.00903 0.38310 0.45857 0.15879 1.00950
21.25000 0.00913 0.38597 0.45823 0.15623 1.00957
21.50000 0.00923 0.39590 0.45587 0.14869 1.00969
21.75000 0.00933 0.39676 0.45517 0.14866 1.00993
22.00000 0.00943 0.41267 0.43952 0.14837 1.00999
22.25000 0.00953 0.41346 0.43871 0.14810 1.00981
22.50000 0.00966 0.41900 0.43367 0.14728 1.00962
22.75000 0.00978 0.43719 0.41389 0.14850 1.00937
23.00000 0.00989 0.45108 0.39655 0.15185 1.00937
23.25000 0.00999 0.46218 0.38530 0.15282 1.01028
23.50000 0.01010 0.47986 0.36906 0.15137 1.01038
23.75000 0.01021 0.48888 0.36816 0.14292 1.01017
24.00000 0.01032 0.48467 0.36842 0.14659 1.01000
24.25000 0.01044 0.50107 0.35275 0.14568 1.00993
24.50000 0.01053 0.51500 0.34411 0.14033 1.00997
24.75000 0.01062 0.51530 0.34591 0.13808 1.00991
25.00000 0.01071 0.53439 0.33595 0.12894 1.00998
25.25000 0.01079 0.54642 0.32763 0.12513 1.00997
25.50000 0.01086 0.55798 0.31675 0.12319 1.00878
25.75000 0.01093 0.55917 0.31136 0.12760 1.00905
26.00000 0.01099 0.57573 0.29933 0.12312 1.00917
26.25000 0.01104 0.57795 0.30028 0.12011 1.00938
26.50000 0.01110 0.59202 0.28652 0.11959 1.00922
26.75000 0.01116 0.60184 0.27646 0.11946 1.00892
27.00000 0.01122 0.60392 0.27312 0.12056 1.00883
27.25000 0.01127 0.61370 0.26212 0.12171 1.00879
27.50000 0.01133 0.61494 0.25965 0.12277 1.00869
27.75000 0.01136 0.61871 0.25401 0.12460 1.00868
28.00000 0.01143 0.61849 0.24859 0.13014 1.00865
28.25000 0.01148 0.62976 0.24013 0.12712 1.00849
28.50000 0.01155 0.63143 0.23664 0.12893 1.00854
28.75000 0.01162 0.63225 0.23469 0.12984 1.00840
29.00000 0.01164 0.63571 0.23029 0.13054 1.00817
29.25000 0.01170 0.63589 0.23153 0.12946 1.00857
29.50000 0.01177 0.63622 0.23252 0.12809 1.00860
29.75000 0.01186 0.63535 0.23092 0.13074 1.00887
30.00000 0.01192 0.62868 0.23658 0.13175 1.00892
30.25000 0.01200 0.64587 0.22036 0.13075 1.00898
30.50000 0.01208 0.65266 0.21628 0.12817 1.00920
30.75000 0.01217 0.65396 0.20988 0.13320 1.00920
31.00000 0.01226 0.65161 0.21147 0.13364 1.00898
31.25000 0.01239 0.65317 0.20857 0.13451 1.00863
31.50000 0.01250 0.64721 0.21521 0.13374 1.00865
31.75000 0.01263 0.64427 0.22201 0.12962 1.00854
32.00000 0.01275 0.65088 0.21580 0.12908 1.00851
32.25000 0.01288 0.64323 0.22065 0.13182 1.00858
32.50000 0.01300 0.63572 0.22799 0.13186 1.00857
32.75000 0.01311 0.62711 0.23633 0.13199 1.00854
33.00000 0.01322 0.62017 0.24227 0.13282 1.00849
33.25000 0.01334 0.60949 0.24694 0.13906 1.00883
33.50000 0.01346 0.60130 0.25343 0.14057 1.00876
33.75000 0.01356 0.58365 0.26795 0.14332 1.00848
34.00000 0.01365 0.56214 0.28773 0.14468 1.00820
34.25000 0.01374 0.54206 0.30690 0.14539 1.00809
34.50000 0.01380 0.52845 0.32100 0.14467 1.00791
34.75000 0.01389 0.50938 0.33834 0.14627 1.00789
35.00000 0.01400 0.49152 0.35474 0.14776 1.00801
35.25000 0.01409 0.46984 0.37521 0.14897 1.00811
35.50000 0.01419 0.45862 0.38578 0.15024 1.00882
35.75000 0.01430 0.45340 0.39076 0.15039 1.00884
36.00000 0.01441 0.43754 0.41097 0.14590 1.00882
36.25000 0.01452 0.41149 0.43817 0.14464 1.00882
36.50000 0.01463 0.40571 0.44952 0.13899 1.00887
36.75000 0.01474 0.39658 0.46096 0.13604 1.00832
37.00000 0.01483 0.38594 0.47488 0.13266 1.00830
37.25000 0.01492 0.37921 0.48085 0.13326 1.00825
37.50000 0.01502 0.37927 0.47989 0.13376 1.00795
37.75000 0.01513 0.37523 0.48303 0.13457 1.00796
38.00000 0.01522 0.36862 0.48608 0.13838 1.00830
38.25000 0.01534 0.35844 0.49279 0.14183 1.00840
38.50000 0.01545 0.35481 0.49547 0.14268 1.00841
38.75000 0.01554 0.34878 0.49594 0.14816 1.00843
39.00000 0.01563 0.34511 0.49899 0.14881 1.00855
39.25000 0.01574 0.34190 0.50446 0.14679 1.00889
39.50000 0.01582 0.33544 0.51072 0.14684 1.00882
39.75000 0.01595 0.33009 0.51233 0.15039 1.00876
40.00000 0.01607 0.33144 0.50960 0.15168 1.00878
40.25000 0.01619 0.33359 0.50571 0.15304 1.00853
40.50000 0.01632 0.33524 0.50281 0.15417 1.00854
40.75000 0.01646 0.34495 0.49197 0.15514 1.00853
41.00000 0.01658 0.35617 0.48024 0.15572 1.00871
41.25000 0.01668 0.37326 0.46275 0.15631 1.00900
41.50000 0.01679 0.38030 0.45580 0.15643 1.00931
41.75000 0.01690 0.39388 0.44126 0.15721 1.00925
42.00000 0.01699 0.41539 0.41769 0.15927 1.00934
42.25000 0.01707 0.41978 0.40992 0.16291 1.00968
42.50000 0.01716 0.43030 0.39573 0.16569 1.00889
42.75000 0.01721 0.44612 0.38243 0.16310 1.00887
43.00000 0.01726 0.45528 0.37328 0.16313 1.00895
43.25000 0.01732 0.46622 0.36228 0.16324 1.00906
43.50000 0.01738 0.47076 0.35697 0.16386 1.00897
43.75000 0.01744 0.47364 0.35897 0.15870 1.00874
44.00000 0.01751 0.47066 0.36838 0.15239 1.00894
44.25000 0.01756 0.47855 0.36406 0.14691 1.00709
44.50000 0.01761 0.48213 0.36488 0.14241 1.00703
44.75000 0.01768 0.49479 0.35469 0.13978 1.00695
45.00000 0.01779 0.51250 0.33388 0.14207 1.00623
45.25000 0.01786 0.51583 0.32730 0.14514 1.00614
45.50000 0.01795 0.52124 0.32722 0.13970 1.00611
45.75000 0.01805 0.52327 0.32277 0.14175 1.00586
46.00000 0.01817 0.52745 0.31845 0.14158 1.00565
46.25000 0.01826 0.53758 0.30943 0.14023 1.00550
46.50000 0.01838 0.55429 0.29350 0.13930 1.00546
46.75000 0.01853 0.55759 0.28978 0.13948 1.00539
47.00000 0.01866 0.56260 0.28431 0.13976 1.00532
47.25000 0.01881 0.55977 0.28759 0.13917 1.00534
47.50000 0.01895 0.56507 0.28371 0.13762 1.00536
47.75000 0.01912 0.56719 0.28456 0.13456 1.00543
48.00000 0.01927 0.56974 0.28560 0.13077 1.00538
48.25000 0.01943 0.57670 0.27809 0.13138 1.00560
48.50000 0.01958 0.57893 0.27625 0.13072 1.00548
48.75000 0.01973 0.57779 0.28091 0.12709 1.00552
49.00000 0.01991 0.57936 0.27987 0.12623 1.00536
49.25000 0.02006 0.58101 0.27693 0.12659 1.00459
49.50000 0.02023 0.58739 0.26923 0.12748 1.00433
49.75000 0.02040 0.58968 0.26603 0.12842 1.00453
50.00000 0.02053 0.60040 0.25348 0.13022 1.00463
50.25000 0.02066 0.61363 0.23901 0.13148 1.00479
50.50000 0.02079 0.61923 0.23059 0.13433 1.00494
50.75000 0.02093 0.63049 0.21705 0.13652 1.00500
51.00000 0.02106 0.63041 0.21504 0.13889 1.00540
51.25000 0.02119 0.62144 0.22254 0.14047 1.00565
51.50000 0.02129 0.61085 0.23182 0.14186 1.00583
51.75000 0.02140 0.59911 0.24410 0.14142 1.00604
52.00000 0.02152 0.59662 0.25079 0.13790 1.00683
52.25000 0.02161 0.58599 0.26305 0.13632 1.00697
52.50000 0.02173 0.58089 0.27205 0.13228 1.00695
52.75000 0.02188 0.57399 0.27972 0.13158 1.00717
53.00000 0.02205 0.56834 0.28365 0.13331 1.00735
53.25000 0.02219 0.56206 0.28214 0.14069 1.00708
53.50000 0.02238 0.54355 0.29730 0.14405 1.00728
53.75000 0.02258 0.53990 0.29593 0.14881 1.00722
54.00000 0.02274 0.52229 0.31202 0.15038 1.00743
54.25000 0.02292 0.50771 0.32595 0.15102 1.00760
54.50000 0.02311 0.49731 0.33606 0.15111 1.00759
54.75000 0.02327 0.49705 0.33512 0.15227 1.00771
55.00000 0.02346 0.50141 0.33010 0.15292 1.00789
55.25000 0.02365 0.49377 0.33323 0.15733 1.00799
55.50000 0.02381 0.47862 0.34807 0.15722 1.00772
55.75000 0.02396 0.47144 0.35591 0.15647 1.00777
56.00000 0.02412 0.46381 0.35857 0.16123 1.00773
56.25000 0.02430 0.46050 0.36319 0.15977 1.00776
56.50000 0.02444 0.45876 0.36384 0.16074 1.00779
56.75000 0.02456 0.45620 0.36654 0.16066 1.00795
57.00000 0.02474 0.45018 0.37238 0.16081 1.00811
57.25000 0.02487 0.44514 0.37349 0.16421 1.00771
57.50000 0.02497 0.42959 0.38842 0.16490 1.00788
57.75000 0.02507 0.42377 0.39332 0.16566 1.00782
58.00000 0.02517 0.41219 0.40733 0.16284 1.00754
58.25000 0.02524 0.41020 0.41112 0.16112 1.00767
58.50000 0.02530 0.40831 0.41315 0.16118 1.00794
58.75000 0.02539 0.40378 0.42350 0.15534 1.00801
59.00000 0.02546 0.40166 0.42849 0.15243 1.00803
59.25000 0.02552 0.40312 0.42395 0.15517 1.00775
59.50000 0.02559 0.40605 0.42028 0.15606 1.00797
59.75000 0.02569 0.40572 0.42164 0.15500 1.00805
60.00000 0.02582 0.40938 0.42101 0.15189 1.00809
60.25000 0.02593 0.41550 0.41367 0.15273 1.00785
60.50000 0.02603 0.41760 0.41063 0.15323 1.00749
60.75000 0.02612 0.42571 0.40591 0.14982 1.00757
61.00000 0.02623 0.44150 0.39204 0.14749 1.00726
61.25000 0.02635 0.45528 0.37731 0.14838 1.00733
61.50000 0.02646 0.45872 0.37265 0.14909 1.00691
61.75000 0.02655 0.46223 0.36918 0.14893 1.00689
62.00000 0.02664 0.46025 0.37279 0.14728 1.00696
62.25000 0.02673 0.45858 0.37728 0.14445 1.00704
62.50000 0.02685 0.46318 0.37108 0.14599 1.00710
62.75000 0.02696 0.46791 0.36512 0.14744 1.00743
63.00000 0.02711 0.47190 0.36027 0.14826 1.00755
63.25000 0.02723 0.48301 0.35188 0.14548 1.00761
63.50000 0.02736 0.49805 0.33853 0.14394 1.00788
63.75000 0.02747 0.50071 0.33477 0.14481 1.00776
64.00000 0.02758 0.50248 0.33277 0.14471 1.00753
64.25000 0.02770 0.50255 0.32972 0.14754 1.00751
64.50000 0.02782 0.49749 0.33219 0.15009 1.00759
64.75000 0.02792 0.49750 0.32985 0.15237 1.00765
65.00000 0.02804 0.50203 0.32527 0.15225 1.00759
65.25000 0.02816 0.50354 0.32616 0.14973 1.00759
65.50000 0.02828 0.51447 0.31832 0.14685 1.00792
65.75000 0.02842 0.51925 0.30975 0.15050 1.00792
66.00000 0.02855 0.52837 0.29283 0.15827 1.00801
66.25000 0.02871 0.54134 0.27408 0.16465 1.00878
66.50000 0.02885 0.54786 0.26698 0.16529 1.00897
66.75000 0.02899 0.55204 0.26474 0.16320 1.00897
67.00000 0.02912 0.55473 0.26128 0.16388 1.00902
67.25000 0.02921 0.55998 0.25628 0.16340 1.00887
67.50000 0.02933 0.56302 0.25496 0.16145 1.00876
67.75000 0.02945 0.56177 0.25965 0.15791 1.00878
68.00000 0.02959 0.55931 0.26659 0.15317 1.00865
68.25000 0.02970 0.55626 0.27278 0.14994 1.00868
68.50000 0.02981 0.55287 0.27823 0.14785 1.00875
68.75000 0.02991 0.55142 0.28134 0.14604 1.00871
69.00000 0.03000 0.55614 0.27692 0.14565 1.00871
69.25000 0.03009 0.55212 0.28253 0.14382 1.00856
69.50000 0.03019 0.54057 0.29590 0.14194 1.00860
69.75000 0.03033 0.53983 0.29847 0.13997 1.00859
70.00000 0.03045 0.53789 0.30010 0.13905 1.00748
70.25000 0.03056 0.53624 0.30053 0.14005 1.00738
70.50000 0.03065 0.53108 0.30040 0.14345 1.00559
70.75000 0.03081 0.52832 0.30320 0.14327 1.00560
71.00000 0.03095 0.51582 0.31425 0.14463 1.00565
71.25000 0.03111 0.51283 0.31943 0.14229 1.00566
71.50000 0.03125 0.50458 0.32515 0.14462 1.00561
71.75000 0.03142 0.49849 0.32574 0.14934 1.00498
72.00000 0.03156 0.49367 0.32942 0.15024 1.00489
72.25000 0.03174 0.49297 0.33032 0.14994 1.00497
72.50000 0.03187 0.49320 0.32938 0.15083 1.00528
72.75000 0.03198 0.49325 0.32962 0.15047 1.00532
73.00000 0.03213 0.48805 0.33553 0.14976 1.00547
73.25000 0.03226 0.48178 0.33948 0.15186 1.00538
73.50000 0.03236 0.47468 0.34389 0.15265 1.00358
73.75000 0.03249 0.47020 0.33955 0.16126 1.00351
74.00000 0.03265 0.46204 0.34410 0.16476 1.00354
74.25000 0.03278 0.45569 0.34189 0.17311 1.00347
74.50000 0.03294 0.45217 0.34101 0.17725 1.00337
74.75000 0.03309 0.44133 0.34702 0.18188 1.00332
75.00000 0.03320 0.43312 0.35239 0.18375 1.00247
75.25000 0.03331 0.42472 0.35706 0.18721 1.00230
75.50000 0.03343 0.41817 0.36614 0.18493 1.00267
75.75000 0.03355 0.40460 0.38013 0.18450 1.00279
76.00000 0.03365 0.38951 0.39588 0.18427 1.00331
76.25000 0.03382 0.38573 0.39993 0.18393 1.00341
76.50000 0.03394 0.37268 0.41171 0.18505 1.00338
76.75000 0.03407 0.36627 0.41845 0.18440 1.00320
77.00000 0.03421 0.36030 0.42163 0.18698 1.00313
77.25000 0.03429 0.35959 0.42337 0.18552 1.00277
77.50000 0.03441 0.35997 0.42408 0.18423 1.00269
77.75000 0.03452 0.35438 0.43226 0.18148 1.00263
78.00000 0.03460 0.35024 0.43864 0.17911 1.00260
78.25000 0.03471 0.35017 0.43548 0.18223 1.00259
78.50000 0.03479 0.34880 0.43882 0.18017 1.00257
78.75000 0.03487 0.35095 0.43538 0.18137 1.00257
79.00000 0.03500 0.34737 0.43684 0.18029 0.99950
79.25000 0.03510 0.35722 0.42722 0.17959 0.99913
79.50000 0.03522 0.36311 0.42135 0.17972 0.99941
79.75000 0.03534 0.36424 0.41925 0.18080 0.99963
80.00000 0.03547 0.37120 0.41047 0.18245 0.99958
80.25000 0.03560 0.37836 0.40197 0.18379 0.99972
80.50000 0.03573 0.39175 0.38769 0.18479 0.99996
80.75000 0.03586 0.40645 0.37471 0.18307 1.00009
81.00000 0.03599 0.42558 0.35787 0.18096 1.00041
81.25000 0.03615 0.43169 0.35192 0.18052 1.00028
81.50000 0.03631 0.43168 0.35309 0.17887 0.99995
81.75000 0.03647 0.43794 0.34535 0.18108 1.00085
82.00000 0.03663 0.44721 0.33571 0.18122 1.00078
82.25000 0.03681 0.45693 0.32493 0.18178 1.00045
82.50000 0.03693 0.46135 0.31968 0.18244 1.00039
82.75000 0.03708 0.46511 0.31355 0.18468 1.00042
83.00000 0.03726 0.46918 0.30804 0.18579 1.00028
83.25000 0.03743 0.47351 0.30202 0.18701 0.99996
83.50000 0.03761 0.47214 0.30403 0.18629 1.00006
83.75000 0.03775 0.47288 0.30253 0.18702 1.00018
84.00000 0.03791 0.47403 0.30261 0.18580 1.00034
84.25000 0.03806 0.47822 0.29930 0.18476 1.00035
84.50000 0.03823 0.47880 0.29729 0.18597 1.00029
84.75000 0.03841 0.47783 0.30181 0.18227 1.00033
85.00000 0.03858 0.47571 0.30319 0.18283 1.00030
85.25000 0.03880 0.47492 0.30236 0.18428 1.00036
85.50000 0.03898 0.47913 0.29784 0.18450 1.00044
85.75000 0.03919 0.48374 0.29308 0.18444 1.00045
86.00000 0.03940 0.47789 0.29454 0.18462 0.99645
86.25000 0.03961 0.47682 0.29550 0.18454 0.99646
86.50000 0.03984 0.48186 0.28664 0.18817 0.99652
86.75000 0.04002 0.48214 0.28511 0.18937 0.99664
87.00000 0.04016 0.48261 0.28374 0.19016 0.99668
87.25000 0.04031 0.48410 0.28194 0.19042 0.99677
87.50000 0.04052 0.48468 0.28171 0.18974 0.99665
87.75000 0.04069 0.48274 0.28083 0.19246 0.99672
88.00000 0.04085 0.48079 0.28058 0.19449 0.99670
88.25000 0.04107 0.47504 0.28574 0.19465 0.99651
88.50000 0.04131 0.47627 0.28521 0.19403 0.99681
88.75000 0.04155 0.47722 0.28308 0.19503 0.99688
89.00000 0.04178 0.47496 0.28692 0.19320 0.99686
89.25000 0.04200 0.47424 0.29161 0.18901 0.99686
89.50000 0.04219 0.47822 0.28816 0.18831 0.99687
89.75000 0.04240 0.48203 0.28470 0.18773 0.99686
90.00000 0.04259 0.48617 0.28296 0.18517 0.99689
90.25000 0.04281 0.48554 0.29059 0.17826 0.99719
90.50000 0.04300 0.47722 0.30058 0.17642 0.99722
90.75000 0.04318 0.47862 0.29868 0.17672 0.99720
91.00000 0.04337 0.48624 0.29190 0.17587 0.99738
91.25000 0.04357 0.48027 0.29974 0.17395 0.99752
91.50000 0.04379 0.47466 0.30499 0.17399 0.99742
91.75000 0.04396 0.47429 0.30481 0.17431 0.99737
92.00000 0.04417 0.46612 0.31256 0.17404 0.99689
92.25000 0.04435 0.46045 0.31624 0.17578 0.99682
92.50000 0.04450 0.45329 0.32327 0.17566 0.99672
92.75000 0.04471 0.44606 0.33162 0.17428 0.99667
93.00000 0.04488 0.43333 0.34336 0.17512 0.99669
93.25000 0.04511 0.43220 0.34458 0.17488 0.99677
93.50000 0.04532 0.43175 0.34743 0.17233 0.99682
93.75000 0.04554 0.42708 0.35136 0.17262 0.99660
94.00000 0.04573 0.41830 0.36067 0.17067 0.99538
94.25000 0.04590 0.41344 0.36084 0.17079 0.99097
94.50000 0.04608 0.40487 0.36734 0.17212 0.99040
94.75000 0.04619 0.40581 0.36556 0.17258 0.99013
95.00000 0.04630 0.40073 0.36668 0.17663 0.99034
95.25000 0.04644 0.39460 0.37238 0.17692 0.99034
95.50000 0.04653 0.39255 0.37519 0.17600 0.99028
95.75000 0.04658 0.39301 0.37708 0.17373 0.99039
96.00000 0.04667 0.38996 0.37625 0.17751 0.99039
96.25000 0.04677 0.38970 0.37639 0.17745 0.99031
96.50000 0.04689 0.39230 0.37397 0.17709 0.99024
96.75000 0.04697 0.39763 0.37025 0.17521 0.99007
97.00000 0.04713 0.39651 0.37221 0.17408 0.98993
97.25000 0.04731 0.39866 0.37154 0.17232 0.98983
97.50000 0.04748 0.40291 0.36585 0.17351 0.98975
97.75000 0.04764 0.40393 0.36533 0.17293 0.98983
98.00000 0.04780 0.41355 0.35648 0.17184 0.98968
98.25000 0.04795 0.41391 0.35588 0.17171 0.98945
98.50000 0.04809 0.41859 0.34682 0.17589 0.98939
98.75000 0.04823 0.41792 0.34511 0.17821 0.98947
99.00000 0.04839 0.42448 0.33789 0.17883 0.98959
99.25000 0.04852 0.42633 0.33428 0.18067 0.98981
99.50000 0.04866 0.42176 0.33674 0.18259 0.98976
99.75000 0.04879 0.42889 0.32945 0.18259 0.98972
100.00000 0.04892 0.42234 0.33458 0.18349 0.98933
100.25000 0.04901 0.42464 0.33167 0.18418 0.98950
100.50000 0.04908 0.41973 0.33702 0.18389 0.98972
100.75000 0.04914 0.41606 0.34065 0.18403 0.98989
101.00000 0.04922 0.41443 0.34191 0.18432 0.98988
101.25000 0.04929 0.40859 0.34900 0.18325 0.99012
101.50000 0.04933 0.40484 0.35567 0.18086 0.99070
101.75000 0.04936 0.40308 0.35790 0.18041 0.99076
102.00000 0.04941 0.41619 0.35184 0.17452 0.99195
102.25000 0.04946 0.41642 0.35394 0.17230 0.99212
102.50000 0.04948 0.41484 0.35763 0.17035 0.99231
102.75000 0.04952 0.41952 0.35332 0.16999 0.99234
103.00000 0.04959 0.42123 0.35040 0.17106 0.99227
103.25000 0.04964 0.42722 0.34439 0.17096 0.99220
103.50000 0.04978 0.43108 0.34160 0.16957 0.99204
103.75000 0.04992 0.43764 0.33523 0.16892 0.99171
104.00000 0.05005 0.43885 0.33221 0.17028 0.99139
104.25000 0.05019 0.43930 0.32741 0.17440 0.99131
104.50000 0.05036 0.44150 0.32369 0.17537 0.99092
104.75000 0.05052 0.44527 0.31910 0.17586 0.99074
105.00000 0.05069 0.44529 0.31940 0.17552 0.99090
105.25000 0.05091 0.44350 0.32297 0.17355 0.99094
105.50000 0.05113 0.44318 0.32582 0.17109 0.99123
105.75000 0.05135 0.45343 0.31889 0.16769 0.99136
106.00000 0.05158 0.45280 0.32063 0.16627 0.99128
106.25000 0.05178 0.46278 0.30768 0.16965 0.99190
106.50000 0.05201 0.46291 0.30734 0.16940 0.99166
106.75000 0.05224 0.46446 0.30758 0.16729 0.99157
107.00000 0.05252 0.47155 0.29955 0.16797 0.99159
107.25000 0.05278 0.47172 0.29749 0.16992 0.99191
107.50000 0.05307 0.48461 0.28317 0.17121 0.99206
107.75000 0.05340 0.49221 0.27251 0.17418 0.99230
108.00000 0.05364 0.49060 0.27788 0.17026 0.99238
108.25000 0.05391 0.48699 0.28137 0.16993 0.99219
108.50000 0.05412 0.48806 0.28390 0.16712 0.99319
108.75000 0.05436 0.49759 0.27773 0.16388 0.99356
109.00000 0.05458 0.50484 0.27003 0.16413 0.99359
109.25000 0.05481 0.49541 0.27970 0.16366 0.99359
109.50000 0.05502 0.49184 0.28557 0.16114 0.99357
109.75000 0.05523 0.48960 0.29014 0.15862 0.99359
110.00000 0.05541 0.49132 0.28597 0.16082 0.99352
110.25000 0.05566 0.48639 0.29569 0.15567 0.99341
110.50000 0.05586 0.48212 0.30029 0.15485 0.99312
110.75000 0.05602 0.47628 0.30554 0.15500 0.99284
111.00000 0.05620 0.47137 0.30859 0.15670 0.99286
111.25000 0.05639 0.46868 0.30723 0.16060 0.99290
111.50000 0.05658 0.45917 0.31576 0.16136 0.99287
111.75000 0.05677 0.45247 0.32117 0.16227 0.99269
112.00000 0.05694 0.44983 0.32232 0.16358 0.99267
112.25000 0.05711 0.44540 0.32500 0.16528 0.99278
112.50000 0.05727 0.43956 0.33112 0.16482 0.99277
112.75000 0.05745 0.43610 0.33032 0.16892 0.99279
113.00000 0.05762 0.43790 0.32978 0.16747 0.99277
113.25000 0.05778 0.43154 0.33619 0.16737 0.99289
113.50000 0.05789 0.43087 0.33839 0.16581 0.99296
113.75000 0.05799 0.43247 0.34044 0.16231 0.99321
114.00000 0.05808 0.43385 0.33924 0.16206 0.99324
114.25000 0.05823 0.43667 0.33601 0.16235 0.99326
114.50000 0.05837 0.43939 0.33158 0.16368 0.99302
114.75000 0.05851 0.43468 0.33287 0.16692 0.99298
115.00000 0.05859 0.43248 0.32935 0.17252 0.99293
115.25000 0.05872 0.43122 0.32665 0.17633 0.99293
115.50000 0.05884 0.43048 0.31739 0.18627 0.99298
115.75000 0.05895 0.42586 0.32195 0.18592 0.99268
116.00000 0.05909 0.41855 0.32895 0.18541 0.99200
116.25000 0.05917 0.41385 0.32885 0.18929 0.99116
116.50000 0.05935 0.40591 0.33306 0.19291 0.99123
116.75000 0.05949 0.41116 0.32982 0.19098 0.99145
117.00000 0.05968 0.41642 0.32184 0.19353 0.99148
117.25000 0.05979 0.42565 0.31327 0.19280 0.99151
117.50000 0.05989 0.42844 0.31120 0.19193 0.99147
117.75000 0.05998 0.43578 0.30758 0.18809 0.99144
118.00000 0.06007 0.43507 0.30841 0.18750 0.99105
118.25000 0.06016 0.42792 0.31464 0.18805 0.99077
118.50000 0.06019 0.42656 0.31605 0.18742 0.99023
118.75000 0.06022 0.43076 0.31180 0.18748 0.99025
119.00000 0.06029 0.43222 0.31251 0.18538 0.99040
119.25000 0.06034 0.42621 0.32411 0.17974 0.99040
119.50000 0.06037 0.43408 0.32186 0.17447 0.99078
119.75000 0.06044 0.43507 0.32006 0.17533 0.99089
120.00000 0.06049 0.43796 0.31369 0.17859 0.99073
120.25000 0.06048 0.43396 0.31338 0.18280 0.99062
120.50000 0.06052 0.43189 0.31523 0.18293 0.99058
120.75000 0.06060 0.43065 0.31435 0.18500 0.99060
121.00000 0.06065 0.42744 0.31802 0.18445 0.99056
121.25000 0.06072 0.43349 0.31406 0.18226 0.99053
121.50000 0.06078 0.43201 0.31580 0.18198 0.99057
121.75000 0.06090 0.42713 0.31678 0.18573 0.99054
122.00000 0.06108 0.42264 0.31973 0.18708 0.99052
122.25000 0.06124 0.42450 0.31590 0.18875 0.99040
122.50000 0.06141 0.42322 0.31925 0.18651 0.99040
122.75000 0.06161 0.42560 0.31809 0.18531 0.99060
123.00000 0.06177 0.42313 0.31904 0.18661 0.99055
123.25000 0.06195 0.42147 0.31982 0.18718 0.99043
123.50000 0.06211 0.41983 0.32167 0.18654 0.99015
123.75000 0.06229 0.42095 0.32146 0.18536 0.99006
124.00000 0.06249 0.42178 0.31908 0.18656 0.98990
124.25000 0.06272 0.43058 0.31140 0.18520 0.98991
124.50000 0.06292 0.43231 0.31091 0.18418 0.99031
124.75000 0.06311 0.44090 0.30211 0.18425 0.99037
125.00000 0.06334 0.44351 0.30243 0.18119 0.99048
125.25000 0.06354 0.44512 0.30426 0.17770 0.99063
125.50000 0.06387 0.44728 0.30451 0.17535 0.99101
125.75000 0.06406 0.45002 0.30467 0.17234 0.99109
126.00000 0.06425 0.45167 0.30405 0.17145 0.99142
126.25000 0.06444 0.45699 0.30079 0.16932 0.99154
126.50000 0.06457 0.45564 0.29695 0.17454 0.99170
126.75000 0.06467 0.45962 0.29028 0.17702 0.99159
127.00000 0.06474 0.46137 0.28635 0.17876 0.99122
127.25000 0.06484 0.45829 0.28802 0.17990 0.99105
127.50000 0.06493 0.46060 0.28553 0.18026 0.99132
127.75000 0.06499 0.46099 0.28527 0.18107 0.99233
128.00000 0.06504 0.45831 0.28873 0.18088 0.99296
128.25000 0.06511 0.45231 0.29137 0.18440 0.99318
128.50000 0.06521 0.44964 0.29440 0.18409 0.99334
128.75000 0.06529 0.44141 0.29657 0.19007 0.99334
129.00000 0.06533 0.43882 0.29985 0.18971 0.99372
129.25000 0.06540 0.43434 0.30164 0.19205 0.99343
129.50000 0.06545 0.42700 0.30712 0.19387 0.99343
129.75000 0.06553 0.42662 0.31046 0.19113 0.99375
130.00000 0.06562 0.42918 0.30702 0.19190 0.99371
130.25000 0.06566 0.42187 0.31199 0.19424 0.99376
130.50000 0.06574 0.42471 0.30870 0.19453 0.99367
130.75000 0.06582 0.41659 0.31534 0.19618 0.99393
131.00000 0.06585 0.41318 0.31683 0.19854 0.99441
131.25000 0.06595 0.40629 0.32590 0.19699 0.99513
131.50000 0.06607 0.40201 0.32883 0.19813 0.99504
131.75000 0.06623 0.39657 0.33089 0.20097 0.99467
132.00000 0.06640 0.38810 0.33749 0.20261 0.99461
132.25000 0.06660 0.38831 0.33344 0.20611 0.99447
132.50000 0.06685 0.38738 0.33276 0.20757 0.99457
132.75000 0.06715 0.39184 0.32742 0.20835 0.99476
133.00000 0.06743 0.39284 0.32235 0.21243 0.99505
133.25000 0.06774 0.39033 0.31932 0.21793 0.99532
133.50000 0.06804 0.38730 0.32381 0.21621 0.99536
133.75000 0.06834 0.38936 0.32039 0.21736 0.99546
134.00000 0.06866 0.38870 0.31917 0.21907 0.99559
134.25000 0.06895 0.38739 0.31971 0.21957 0.99562
134.50000 0.06927 0.38879 0.31892 0.21873 0.99572
134.75000 0.06955 0.39018 0.32105 0.21551 0.99629
135.00000 0.06989 0.39203 0.32148 0.21301 0.99640
135.25000 0.07016 0.38863 0.32640 0.21125 0.99644
135.50000 0.07043 0.38809 0.32774 0.21003 0.99629
135.75000 0.07067 0.38133 0.33310 0.21095 0.99604
136.00000 0.07093 0.38209 0.33338 0.21071 0.99711
136.25000 0.07123 0.38322 0.33123 0.21143 0.99711
136.50000 0.07152 0.38332 0.33020 0.21178 0.99682
136.75000 0.07180 0.38198 0.33056 0.21235 0.99668
137.00000 0.07209 0.38485 0.32379 0.21603 0.99676
137.25000 0.07237 0.38993 0.31820 0.21625 0.99673
137.50000 0.07266 0.39049 0.31780 0.21492 0.99587
137.75000 0.07297 0.39862 0.31028 0.21383 0.99571
138.00000 0.07327 0.39821 0.31089 0.21318 0.99555
138.25000 0.07350 0.38994 0.32010 0.21218 0.99572
138.50000 0.07376 0.39005 0.32106 0.21046 0.99532
138.75000 0.07402 0.39659 0.31657 0.20839 0.99557
139.00000 0.07419 0.40071 0.31710 0.20335 0.99535
139.25000 0.07441 0.40306 0.31666 0.20130 0.99543
139.50000 0.07459 0.41331 0.30422 0.20239 0.99451
139.75000 0.07477 0.41869 0.30428 0.19657 0.99431
140.00000 0.07498 0.42377 0.30066 0.19503 0.99445
140.25000 0.07520 0.42650 0.29530 0.19772 0.99472
140.50000 0.07547 0.42641 0.30138 0.19149 0.99474
140.75000 0.07569 0.43569 0.29056 0.19286 0.99479
141.00000 0.07591 0.43916 0.28596 0.19377 0.99479
141.25000 0.07614 0.43552 0.28968 0.19415 0.99549
141.50000 0.07633 0.43571 0.28913 0.19387 0.99503
141.75000 0.07651 0.43303 0.29073 0.19491 0.99518
142.00000 0.07662 0.43093 0.29304 0.19464 0.99524
142.25000 0.07666 0.42874 0.29679 0.19309 0.99527
142.50000 0.07677 0.42900 0.29804 0.19163 0.99544
142.75000 0.07687 0.43210 0.29544 0.19121 0.99563
143.00000 0.07696 0.43686 0.29045 0.19154 0.99581
143.25000 0.07711 0.43363 0.29345 0.19185 0.99604
143.50000 0.07719 0.43325 0.29415 0.19152 0.99611
143.75000 0.07729 0.43597 0.29115 0.19171 0.99612
144.00000 0.07742 0.43470 0.29248 0.19144 0.99604
144.25000 0.07761 0.43897 0.29029 0.18897 0.99584
144.50000 0.07779 0.43697 0.29131 0.18983 0.99590
144.75000 0.07797 0.44466 0.28590 0.18734 0.99587
145.00000 0.07817 0.44928 0.27916 0.18908 0.99569
145.25000 0.07831 0.44888 0.28081 0.18769 0.99569
145.50000 0.07851 0.44711 0.28102 0.18907 0.99571
145.75000 0.07869 0.44468 0.28265 0.18979 0.99581
146.00000 0.07883 0.44613 0.28574 0.18510 0.99581
146.25000 0.07905 0.44962 0.28132 0.18563 0.99562
146.50000 0.07936 0.45176 0.27926 0.18516 0.99553
146.75000 0.07962 0.45653 0.27509 0.18437 0.99562
147.00000 0.07992 0.45785 0.27440 0.18346 0.99564
147.25000 0.08025 0.45797 0.27416 0.18332 0.99570
147.50000 0.08059 0.45100 0.27936 0.18521 0.99616
147.75000 0.08094 0.44551 0.28057 0.18906 0.99609
148.00000 0.08131 0.43953 0.28964 0.18581 0.99629
148.25000 0.08171 0.43370 0.29795 0.18258 0.99594
148.50000 0.08205 0.42657 0.30779 0.17961 0.99602
148.75000 0.08245 0.42329 0.31543 0.17499 0.99617
149.00000 0.08280 0.42332 0.31611 0.17396 0.99617
149.25000 0.08313 0.41905 0.32193 0.17209 0.99619
149.50000 0.08346 0.41768 0.32345 0.17163 0.99621
149.75000 0.08372 0.41405 0.32562 0.17316 0.99656
150.00000 0.08405 0.41431 0.32389 0.17478 0.99703
150.25000 0.08436 0.41341 0.32431 0.17491 0.99699
150.50000 0.08466 0.41647 0.31802 0.17775 0.99691
150.75000 0.08497 0.41959 0.31209 0.18026 0.99691
151.00000 0.08525 0.41235 0.31933 0.18037 0.99730
151.25000 0.08551 0.40910 0.32217 0.18060 0.99738
151.50000 0.08577 0.40295 0.32755 0.18099 0.99726
151.75000 0.08599 0.39752 0.33033 0.18347 0.99730
152.00000 0.08623 0.39612 0.33019 0.18465 0.99719
152.25000 0.08647 0.39487 0.33025 0.18565 0.99723
152.50000 0.08669 0.39104 0.33431 0.18559 0.99764
152.75000 0.08687 0.39486 0.32800 0.18838 0.99810
153.00000 0.08705 0.39886 0.31852 0.19423 0.99866
153.25000 0.08719 0.39996 0.31687 0.19537 0.99939
153.50000 0.08738 0.40136 0.31466 0.19592 0.99931
153.75000 0.08754 0.39902 0.31680 0.19583 0.99920
154.00000 0.08768 0.40224 0.31716 0.19209 0.99917
154.25000 0.08792 0.40217 0.31915 0.19025 0.99949
154.50000 0.08814 0.40117 0.31933 0.19189 1.00052
154.75000 0.08836 0.40044 0.32216 0.19124 1.00220
155.00000 0.08852 0.40515 0.31783 0.19131 1.00281
155.25000 0.08877 0.40521 0.31760 0.19133 1.00290
155.50000 0.08900 0.40342 0.31575 0.19468 1.00285
155.75000 0.08925 0.40039 0.31786 0.19549 1.00298
156.00000 0.08951 0.40232 0.31458 0.19644 1.00285
156.25000 0.08980 0.40805 0.30723 0.19780 1.00288
156.50000 0.09010 0.41025 0.30930 0.19308 1.00273
156.75000 0.09038 0.41077 0.30956 0.19205 1.00275
157.00000 0.09061 0.41402 0.30780 0.19052 1.00295
157.25000 0.09088 0.41575 0.30938 0.18691 1.00292
157.50000 0.09114 0.41643 0.30470 0.19060 1.00287
157.75000 0.09138 0.41857 0.30246 0.19049 1.00290
158.00000 0.09161 0.41747 0.30083 0.19313 1.00305
158.25000 0.09188 0.41464 0.30028 0.19625 1.00305
158.50000 0.09209 0.42304 0.29181 0.19627 1.00321
158.75000 0.09234 0.42251 0.29268 0.19596 1.00349
159.00000 0.09258 0.41992 0.29370 0.19737 1.00357
159.25000 0.09286 0.41752 0.29315 0.20040 1.00393
159.50000 0.09312 0.42017 0.28948 0.20140 1.00418
159.75000 0.09336 0.41259 0.29498 0.20329 1.00422
160.00000 0.09359 0.40642 0.30281 0.20136 1.00419
160.25000 0.09384 0.41074 0.29897 0.20079 1.00434
160.50000 0.09407 0.41264 0.29933 0.19816 1.00419
160.75000 0.09430 0.41527 0.30281 0.19137 1.00375
161.00000 0.09444 0.41418 0.30381 0.19127 1.00371
161.25000 0.09461 0.41774 0.29790 0.19290 1.00315
161.50000 0.09483 0.42185 0.29116 0.19536 1.00320
161.75000 0.09501 0.42081 0.29236 0.19502 1.00320
162.00000 0.09520 0.41653 0.29973 0.19196 1.00343
162.25000 0.09543 0.41794 0.30039 0.18889 1.00265
162.50000 0.09565 0.42030 0.29970 0.18768 1.00333
162.75000 0.09584 0.42038 0.29925 0.18807 1.00353
163.00000 0.09609 0.41860 0.29965 0.18929 1.00363
163.25000 0.09638 0.41731 0.30022 0.18969 1.00360
163.50000 0.09666 0.41676 0.30155 0.18917 1.00415
163.75000 0.09700 0.41868 0.29930 0.18953 1.00451
164.00000 0.09728 0.42078 0.29330 0.19284 1.00421
164.25000 0.09757 0.42221 0.29321 0.19092 1.00391
164.50000 0.09787 0.42292 0.29294 0.19006 1.00379
164.75000 0.09807 0.42161 0.29562 0.18858 1.00388
165.00000 0.09829 0.42025 0.29533 0.18989 1.00377
165.25000 0.09850 0.41780 0.29548 0.19180 1.00358
165.50000 0.09862 0.41589 0.29660 0.19252 1.00363
165.75000 0.09876 0.41306 0.30000 0.19184 1.00367
166.00000 0.09883 0.40942 0.30477 0.19028 1.00331
166.25000 0.09895 0.41241 0.30227 0.18991 1.00354
166.50000 0.09899 0.40693 0.30746 0.19022 1.00360
166.75000 0.09900 0.40871 0.30838 0.18725 1.00334
167.00000 0.09903 0.40479 0.31404 0.18508 1.00293
167.25000 0.09906 0.40191 0.31907 0.18272 1.00276
167.50000 0.09912 0.40160 0.32070 0.18099 1.00241
167.75000 0.09920 0.39865 0.32145 0.18253 1.00183
168.00000 0.09919 0.39605 0.32433 0.18234 1.00191
168.25000 0.09921 0.39047 0.32839 0.18386 1.00192
168.50000 0.09928 0.39097 0.32251 0.18995 1.00271
168.75000 0.09934 0.39172 0.32048 0.19131 1.00284
169.00000 0.09942 0.38859 0.32600 0.18870 1.00271
169.25000 0.09951 0.38772 0.32718 0.18834 1.00275
169.50000 0.09963 0.38905 0.32511 0.18879 1.00258
169.75000 0.09974 0.39499 0.31804 0.18981 1.00257
170.00000 0.09987 0.38990 0.31897 0.19417 1.00291
170.25000 0.10005 0.39023 0.31585 0.19679 1.00291
170.50000 0.10018 0.39445 0.30785 0.20012 1.00261
170.75000 0.10027 0.39889 0.30016 0.20325 1.00257
171.00000 0.10041 0.39960 0.29848 0.20376 1.00226
171.25000 0.10053 0.40239 0.29095 0.20728 1.00115
171.50000 0.10061 0.40142 0.29472 0.20450 1.00126
171.75000 0.10066 0.39518 0.30038 0.20556 1.00178
172.00000 0.10079 0.39903 0.29615 0.20491 1.00088
172.25000 0.10089 0.39814 0.29557 0.20597 1.00057
172.50000 0.10092 0.39416 0.30139 0.20404 1.00050
172.75000 0.10098 0.39190 0.30397 0.20374 1.00058
173.00000 0.10106 0.39575 0.30422 0.19951 1.00053
173.25000 0.10113 0.39794 0.30165 0.19976 1.00049
173.50000 0.10123 0.39962 0.30066 0.19935 1.00085
173.75000 0.10130 0.39906 0.30141 0.19923 1.00101
174.00000 0.10137 0.40129 0.30167 0.19670 1.00102
174.25000 0.10143 0.40585 0.29594 0.19785 1.00106
174.50000 0.10155 0.41418 0.28694 0.19841 1.00108
174.75000 0.10169 0.41530 0.28752 0.19648 1.00099
175.00000 0.10176 0.41228 0.29267 0.19439 1.00109
175.25000 0.10176 0.41402 0.29155 0.19373 1.00105
175.50000 0.10179 0.41276 0.29280 0.19378 1.00114
175.75000 0.10180 0.41379 0.29156 0.19413 1.00128
176.00000 0.10183 0.41233 0.29652 0.19042 1.00110
176.25000 0.10183 0.41280 0.29591 0.19033 1.00087
176.50000 0.10184 0.41029 0.29629 0.19181 1.00021
176.75000 0.10194 0.41353 0.28752 0.19703 1.00002
177.00000 0.10191 0.41433 0.28520 0.19839 0.99983
177.25000 0.10192 0.41308 0.28626 0.19818 0.99946
177.50000 0.10197 0.41314 0.28717 0.19735 0.99963
177.75000 0.10199 0.40894 0.29206 0.19656 0.99955
178.00000 0.10200 0.40537 0.29695 0.19515 0.99947
178.25000 0.10200 0.40130 0.29880 0.19731 0.99940
178.50000 0.10200 0.38873 0.31106 0.19786 0.99965
178.75000 0.10199 0.38672 0.31100 0.19994 0.99965
179.00000 0.10209 0.38455 0.31115 0.20173 0.99952
179.25000 0.10221 0.38683 0.30580 0.20449 0.99933
179.50000 0.10237 0.39104 0.30059 0.20564 0.99965
179.75000 0.10260 0.39074 0.29950 0.20745 1.00028
180.00000 0.10280 0.39424 0.29808 0.20520 1.00032
180.25000 0.10310 0.39209 0.30040 0.20497 1.00057
180.50000 0.10331 0.38920 0.30385 0.20420 1.00056
180.75000 0.10353 0.38166 0.30845 0.20700 1.00064
181.00000 0.10375 0.37607 0.31447 0.20640 1.00069
181.25000 0.10390 0.37433 0.31740 0.20514 1.00077
181.50000 0.10407 0.36927 0.32421 0.20316 1.00072
181.75000 0.10420 0.36331 0.32895 0.20423 1.00069
182.00000 0.10433 0.36420 0.32891 0.20326 1.00070
182.25000 0.10440 0.36315 0.32889 0.20424 1.00068
182.50000 0.10449 0.36392 0.32851 0.20373 1.00065
182.75000 0.10460 0.36266 0.32916 0.20431 1.00073
183.00000 0.10467 0.36205 0.33267 0.20140 1.00078
183.25000 0.10476 0.35861 0.33174 0.20579 1.00090
183.50000 0.10482 0.36517 0.32382 0.20708 1.00089
183.75000 0.10484 0.37473 0.31495 0.20647 1.00100
184.00000 0.10492 0.37736 0.31260 0.20620 1.00109
184.25000 0.10496 0.37979 0.31255 0.20387 1.00116
184.50000 0.10498 0.37858 0.31095 0.20667 1.00118
184.75000 0.10507 0.37898 0.30841 0.20871 1.00116
185.00000 0.10515 0.37905 0.30637 0.21057 1.00114
185.25000 0.10521 0.38054 0.30333 0.21216 1.00124
185.50000 0.10526 0.38157 0.29817 0.21617 1.00117
185.75000 0.10531 0.38030 0.29892 0.21648 1.00101
186.00000 0.10541 0.37849 0.30044 0.21642 1.00074
186.25000 0.10547 0.37681 0.30350 0.21517 1.00095
186.50000 0.10557 0.38289 0.30070 0.21221 1.00136
186.75000 0.10564 0.38280 0.29985 0.21326 1.00154
187.00000 0.10570 0.37959 0.30054 0.21549 1.00132
187.25000 0.10574 0.37782 0.29888 0.21819 1.00063
187.50000 0.10577 0.37884 0.29719 0.21897 1.00077
187.75000 0.10581 0.38234 0.29524 0.21694 1.00033
188.00000 0.10594 0.37759 0.30079 0.21614 1.00045
188.25000 0.10596 0.37320 0.30635 0.21531 1.00082
188.50000 0.10605 0.37348 0.30776 0.21370 1.00098
188.75000 0.10615 0.37465 0.30497 0.21527 1.00104
189.00000 0.10624 0.37348 0.30708 0.22034 1.00713
189.25000 0.10635 0.36321 0.31793 0.22127 1.00876
189.50000 0.10643 0.36024 0.32266 0.22015 1.00948
189.75000 0.10650 0.36537 0.31614 0.22145 1.00946
190.00000 0.10661 0.36924 0.31290 0.22061 1.00937
190.25000 0.10665 0.36749 0.31623 0.21905 1.00941
190.50000 0.10674 0.36723 0.31741 0.21800 1.00938
190.75000 0.10688 0.36643 0.31950 0.21670 1.00951
191.00000 0.10700 0.36690 0.31887 0.21652 1.00930
191.25000 0.10719 0.36797 0.31816 0.21606 1.00938
191.50000 0.10744 0.36749 0.31322 0.22073 1.00888
191.75000 0.10769 0.36933 0.30696 0.22464 1.00863
192.00000 0.10792 0.37112 0.30461 0.22485 1.00850
192.25000 0.10819 0.37409 0.30536 0.22110 1.00874
192.50000 0.10845 0.37886 0.29878 0.22286 1.00895
192.75000 0.10877 0.38580 0.29022 0.22408 1.00887
193.00000 0.10914 0.38512 0.28993 0.22480 1.00900
193.25000 0.10943 0.38842 0.28628 0.22513 1.00927
193.50000 0.10980 0.38992 0.28621 0.22328 1.00921
193.75000 0.11020 0.39828 0.27766 0.22307 1.00920
194.00000 0.11058 0.40179 0.27371 0.22318 1.00926
194.25000 0.11102 0.40444 0.26530 0.22874 1.00950
194.50000 0.11139 0.40500 0.26072 0.23235 1.00945
194.75000 0.11179 0.39912 0.26535 0.23332 1.00958
195.00000 0.11218 0.39444 0.26884 0.23452 1.00998
195.25000 0.11253 0.39308 0.27587 0.22848 1.00996
195.50000 0.11295 0.39264 0.27629 0.22814 1.01002
195.75000 0.11332 0.39125 0.27647 0.22936 1.01041
196.00000 0.11372 0.39172 0.27624 0.22901 1.01070
196.25000 0.11402 0.38938 0.27639 0.23107 1.01086
196.50000 0.11433 0.38571 0.27941 0.23156 1.01101
196.75000 0.11458 0.37958 0.28401 0.23312 1.01129
197.00000 0.11482 0.36914 0.29918 0.22863 1.01177
197.25000 0.11510 0.36733 0.30500 0.22450 1.01192
197.50000 0.11526 0.36655 0.30591 0.22419 1.01192
197.75000 0.11541 0.36666 0.30494 0.22536 1.01237
198.00000 0.11542 0.36873 0.30812 0.21999 1.01226
198.25000 0.11552 0.36787 0.31434 0.21451 1.01224
198.50000 0.11550 0.37314 0.31123 0.21235 1.01223
198.75000 0.11555 0.37075 0.31543 0.21077 1.01250
199.00000 0.11553 0.37112 0.31824 0.20767 1.01256
199.25000 0.11548 0.36296 0.32725 0.20701 1.01270
199.50000 0.11545 0.36146 0.32987 0.20560 1.01238
199.75000 0.11533 0.35923 0.33584 0.20216 1.01256
200.00000 0.11526 0.36235 0.32967 0.20526 1.01254
200.25000 0.11515 0.36248 0.32216 0.21273 1.01252
200.50000 0.11505 0.36214 0.32016 0.21521 1.01257
200.75000 0.11495 0.36160 0.31710 0.21900 1.01265
201.00000 0.11488 0.36751 0.31196 0.21796 1.01231
201.25000 0.11477 0.37363 0.30920 0.21485 1.01244
201.50000 0.11468 0.37093 0.31445 0.21271 1.01277
201.75000 0.11460 0.36956 0.32135 0.20775 1.01327
202.00000 0.11452 0.36484 0.32797 0.20588 1.01321
202.25000 0.11448 0.36639 0.32512 0.20717 1.01316
202.50000 0.11441 0.36511 0.32449 0.20928 1.01329
202.75000 0.11436 0.36739 0.32177 0.20966 1.01318
203.00000 0.11422 0.36902 0.31871 0.21139 1.01334
203.25000 0.11411 0.37111 0.31876 0.20948 1.01346
203.50000 0.11402 0.37010 0.32162 0.20772 1.01346
203.75000 0.11398 0.36990 0.32302 0.20668 1.01358
204.00000 0.11392 0.36733 0.32145 0.21115 1.01385
204.25000 0.11391 0.36967 0.31889 0.21150 1.01396
204.50000 0.11396 0.37388 0.31228 0.21408 1.01421
204.75000 0.11407 0.37898 0.30610 0.21508 1.01424
205.00000 0.11415 0.37784 0.31117 0.21101 1.01417
205.25000 0.11422 0.37587 0.31464 0.20948 1.01421
205.50000 0.11428 0.37137 0.32204 0.20654 1.01424
205.75000 0.11432 0.36991 0.32484 0.20516 1.01423
206.00000 0.11432 0.37435 0.32277 0.20173 1.01318
206.25000 0.11435 0.38175 0.31523 0.20193 1.01325
206.50000 0.11437 0.38561 0.31013 0.20283 1.01294
206.75000 0.11440 0.38640 0.30490 0.20734 1.01304
207.00000 0.11445 0.38296 0.30540 0.21035 1.01315
207.25000 0.11450 0.38422 0.30160 0.21287 1.01319
207.50000 0.11454 0.38299 0.30259 0.21313 1.01325
207.75000 0.11460 0.38414 0.30579 0.20867 1.01319
208.00000 0.11470 0.38578 0.30648 0.20636 1.01332
208.25000 0.11480 0.38877 0.30573 0.20405 1.01335
208.50000 0.11491 0.38993 0.30422 0.20411 1.01317
208.75000 0.11508 0.39193 0.30510 0.20124 1.01335
209.00000 0.11518 0.39651 0.30381 0.19799 1.01349
209.25000 0.11531 0.40099 0.30191 0.19518 1.01338
209.50000 0.11543 0.39886 0.30503 0.19408 1.01341
209.75000 0.11564 0.40186 0.29466 0.20122 1.01338
210.00000 0.11583 0.39983 0.29730 0.20092 1.01388
210.25000 0.11595 0.39154 0.30401 0.20241 1.01392
210.50000 0.11611 0.39150 0.30427 0.20203 1.01390
210.75000 0.11623 0.39149 0.30524 0.20068 1.01365
211.00000 0.11629 0.38934 0.30445 0.20376 1.01384
211.25000 0.11628 0.38677 0.30525 0.20591 1.01421
211.50000 0.11626 0.38065 0.31204 0.20544 1.01438
211.75000 0.11630 0.37669 0.31602 0.20564 1.01464
212.00000 0.11636 0.38243 0.31035 0.20590 1.01504
212.25000 0.11643 0.38659 0.30508 0.20751 1.01561
212.50000 0.11647 0.38665 0.30369 0.20884 1.01565
212.75000 0.11657 0.37954 0.31152 0.20797 1.01560
213.00000 0.11667 0.37516 0.31413 0.20957 1.01552
213.25000 0.11681 0.37456 0.31306 0.21138 1.01581
213.50000 0.11696 0.37671 0.30718 0.21530 1.01615
213.75000 0.11715 0.38020 0.30327 0.21600 1.01663
214.00000 0.11734 0.38594 0.30091 0.21308 1.01727
214.25000 0.11751 0.39472 0.29249 0.21246 1.01718
214.50000 0.11760 0.39464 0.29253 0.21227 1.01705
214.75000 0.11772 0.39465 0.29884 0.20579 1.01700
215.00000 0.11777 0.39357 0.30050 0.20526 1.01710
215.25000 0.11776 0.40063 0.29153 0.20645 1.01636
215.50000 0.11782 0.40676 0.28773 0.20412 1.01644
215.75000 0.11786 0.39421 0.30666 0.19729 1.01602
216.00000 0.11787 0.39442 0.30875 0.19609 1.01713
216.25000 0.11792 0.39730 0.30637 0.19546 1.01705
216.50000 0.11794 0.39937 0.30538 0.19455 1.01724
216.75000 0.11797 0.39810 0.31078 0.19043 1.01727
217.00000 0.11803 0.39979 0.31111 0.18842 1.01735
217.25000 0.11801 0.40649 0.30698 0.18532 1.01680
217.50000 0.11801 0.41292 0.30507 0.18027 1.01626
217.75000 0.11804 0.41327 0.30374 0.18157 1.01662
218.00000 0.11799 0.41527 0.30399 0.17971 1.01695
218.25000 0.11798 0.41755 0.30832 0.17328 1.01713
218.50000 0.11801 0.41501 0.31597 0.16868 1.01768
218.75000 0.11804 0.41346 0.32454 0.16260 1.01864
219.00000 0.11807 0.41203 0.32744 0.16124 1.01878
219.25000 0.11817 0.40982 0.33411 0.15678 1.01888
219.50000 0.11821 0.40392 0.33311 0.16354 1.01878
219.75000 0.11830 0.39636 0.34089 0.16319 1.01874
220.00000 0.11840 0.40147 0.34218 0.15690 1.01895
220.25000 0.11856 0.40331 0.34029 0.15737 1.01953
220.50000 0.11874 0.40112 0.34284 0.15697 1.01967
220.75000 0.11891 0.39361 0.34961 0.15764 1.01977
221.00000 0.11913 0.39020 0.35038 0.16021 1.01992
221.25000 0.11935 0.38118 0.35878 0.16067 1.01999
221.50000 0.11953 0.37742 0.36068 0.16251 1.02014
221.75000 0.11974 0.37235 0.36333 0.16474 1.02016
222.00000 0.11989 0.37160 0.36338 0.16532 1.02020
222.25000 0.12007 0.37726 0.35833 0.16433 1.01998
222.50000 0.12029 0.37982 0.35439 0.16570 1.02019
222.75000 0.12055 0.37691 0.35833 0.16510 1.02089
223.00000 0.12072 0.38060 0.35463 0.16518 1.02113
223.25000 0.12099 0.38232 0.35033 0.16741 1.02106
223.50000 0.12128 0.38365 0.34276 0.17307 1.02075
223.75000 0.12151 0.38187 0.33976 0.17753 1.02068
224.00000 0.12171 0.38082 0.33761 0.18046 1.02059
224.25000 0.12196 0.37836 0.33533 0.18489 1.02053
224.50000 0.12213 0.37398 0.33583 0.18857 1.02052
224.75000 0.12229 0.37566 0.33203 0.19152 1.02151
225.00000 0.12246 0.37002 0.33978 0.18948 1.02174
225.25000 0.12262 0.36376 0.34688 0.18802 1.02128
225.50000 0.12277 0.36895 0.34094 0.18839 1.02105
225.75000 0.12291 0.36485 0.34945 0.18417 1.02137
226.00000 0.12307 0.35879 0.35932 0.18106 1.02224
226.25000 0.12322 0.35354 0.36556 0.18057 1.02290
226.50000 0.12341 0.35468 0.36517 0.17969 1.02295
226.75000 0.12355 0.35671 0.36276 0.17986 1.02288
227.00000 0.12370 0.36409 0.35462 0.18046 1.02287
227.25000 0.12383 0.36574 0.35320 0.18087 1.02364
227.50000 0.12384 0.37951 0.34253 0.17798 1.02386
227.75000 0.12390 0.38729 0.34056 0.17245 1.02420
228.00000 0.12397 0.38525 0.34211 0.17349 1.02482
228.25000 0.12404 0.38746 0.33919 0.17407 1.02476
228.50000 0.12408 0.39287 0.33313 0.17447 1.02455
228.75000 0.12409 0.39424 0.33083 0.17535 1.02451
229.00000 0.12407 0.39724 0.32490 0.17818 1.02439
229.25000 0.12409 0.39796 0.31910 0.18313 1.02427
229.50000 0.12411 0.39756 0.31454 0.18807 1.02428
229.75000 0.12406 0.40043 0.30857 0.19130 1.02436
230.00000 0.12395 0.40191 0.30422 0.19439 1.02446
230.25000 0.12391 0.40434 0.29810 0.19815 1.02451
230.50000 0.12386 0.40926 0.28945 0.20199 1.02456
230.75000 0.12386 0.40711 0.28999 0.20353 1.02450
231.00000 0.12385 0.40597 0.29321 0.20172 1.02475
231.25000 0.12378 0.41219 0.28856 0.20006 1.02458
231.50000 0.12379 0.42009 0.28138 0.19891 1.02417
231.75000 0.12377 0.42727 0.27458 0.19816 1.02378
232.00000 0.12379 0.42442 0.27619 0.19949 1.02389
232.25000 0.12374 0.42199 0.27574 0.20205 1.02353
232.50000 0.12376 0.42288 0.27387 0.20299 1.02349
232.75000 0.12367 0.41633 0.27733 0.20596 1.02328
233.00000 0.12355 0.41324 0.27786 0.20886 1.02351
233.25000 0.12354 0.41469 0.28171 0.20401 1.02394
233.50000 0.12350 0.41979 0.27774 0.20304 1.02406
233.75000 0.12350 0.41850 0.28163 0.20051 1.02414
234.00000 0.12352 0.41870 0.28203 0.20007 1.02433
234.25000 0.12355 0.42250 0.27712 0.20147 1.02465
234.50000 0.12359 0.43397 0.26597 0.20125 1.02478
234.75000 0.12369 0.43157 0.26868 0.20082 1.02477
235.00000 0.12376 0.43993 0.25878 0.20178 1.02425
235.25000 0.12382 0.44212 0.25675 0.20161 1.02431
235.50000 0.12390 0.44303 0.25830 0.19820 1.02343
235.75000 0.12401 0.44192 0.25867 0.19886 1.02345
236.00000 0.12413 0.44104 0.26437 0.19383 1.02337
236.25000 0.12418 0.43928 0.26638 0.19378 1.02362
236.50000 0.12429 0.43600 0.27125 0.19201 1.02355
236.75000 0.12433 0.43071 0.27612 0.19240 1.02356
237.00000 0.12439 0.42569 0.28057 0.19306 1.02372
237.25000 0.12449 0.42473 0.28117 0.19335 1.02374
237.50000 0.12454 0.42630 0.28084 0.19208 1.02376
237.75000 0.12460 0.42728 0.28238 0.18980 1.02407
238.00000 0.12462 0.43097 0.27995 0.18817 1.02371
238.25000 0.12468 0.43058 0.28192 0.18654 1.02371
238.50000 0.12474 0.42640 0.29241 0.18016 1.02372
238.75000 0.12479 0.42252 0.30013 0.17629 1.02373
239.00000 0.12479 0.42312 0.30155 0.17413 1.02360
239.25000 0.12483 0.42426 0.30126 0.17314 1.02349
239.50000 0.12490 0.42155 0.30372 0.17328 1.02344
239.75000 0.12496 0.42135 0.30458 0.17242 1.02332
240.00000 0.12504 0.41450 0.30674 0.17688 1.02317
240.25000 0.12512 0.41473 0.30013 0.18312 1.02310
240.50000 0.12530 0.41146 0.30235 0.18398 1.02308
240.75000 0.12546 0.40319 0.30953 0.18492 1.02309
241.00000 0.12565 0.39914 0.31236 0.18573 1.02287
241.25000 0.12592 0.39632 0.31410 0.18646 1.02280
241.50000 0.12616 0.39345 0.31567 0.18728 1.02256
241.75000 0.12637 0.38953 0.32145 0.18555 1.02290
242.00000 0.12665 0.38082 0.33396 0.18158 1.02301
242.25000 0.12700 0.38163 0.33189 0.18130 1.02181
242.50000 0.12736 0.38430 0.32226 0.18796 1.02188
242.75000 0.12768 0.38323 0.32352 0.18737 1.02180
243.00000 0.12801 0.37750 0.32977 0.18643 1.02170
243.25000 0.12837 0.37418 0.33252 0.18676 1.02184
243.50000 0.12870 0.37562 0.33386 0.18368 1.02186
243.75000 0.12897 0.37184 0.33537 0.18614 1.02232
244.00000 0.12922 0.36373 0.34501 0.18434 1.02230
244.25000 0.12945 0.36298 0.34864 0.18111 1.02219
244.50000 0.12974 0.36856 0.34436 0.17957 1.02224
244.75000 0.13009 0.37364 0.34362 0.17488 1.02223
245.00000 0.13041 0.37874 0.33529 0.17823 1.02267
245.25000 0.13064 0.37404 0.34025 0.17785 1.02276
245.50000 0.13088 0.38299 0.33175 0.17707 1.02270
245.75000 0.13123 0.38397 0.33161 0.17593 1.02274
246.00000 0.13141 0.38419 0.33106 0.17529 1.02196
246.25000 0.13178 0.38404 0.33230 0.17370 1.02183
246.50000 0.13206 0.38785 0.32759 0.17363 1.02112
246.75000 0.13226 0.38710 0.32647 0.17541 1.02124
247.00000 0.13252 0.38946 0.32068 0.17841 1.02107
247.25000 0.13273 0.39219 0.31464 0.18198 1.02155
247.50000 0.13298 0.38733 0.31307 0.18797 1.02136
247.75000 0.13323 0.38445 0.31366 0.19010 1.02145
248.00000 0.13354 0.38218 0.31712 0.18863 1.02147
248.25000 0.13385 0.38106 0.31906 0.18755 1.02152
248.50000 0.13413 0.37947 0.32069 0.18702 1.02131
248.75000 0.13442 0.37752 0.32160 0.18778 1.02131
249.00000 0.13474 0.37586 0.32295 0.18791 1.02145
249.25000 0.13499 0.37461 0.32620 0.18587 1.02168
249.50000 0.13530 0.37694 0.32890 0.18082 1.02196
249.75000 0.13559 0.38078 0.32571 0.17967 1.02175
250.00000 0.13588 0.39039 0.31448 0.18105 1.02179
