 File geometry.chk


 dumping /fiocom/, unit = 1 NFiles =    47 SizExt = 134217728 WInBlk =   2097152
                   defal = F LstWrd =     4194304 FType=2 FMxFil=10000

 Number              0             0           501           502           503           507
 Base          2097494       2249748       2150298       2151298       2242917       2156091
 End           2102332       4194304       2151298       2155487       2243030       2156308
 End1          2102332       4194304       2151298       2155487       2243030       2156308
 Wr Pntr       2097494       2249748       2150298       2151298       2242917       2156091
 Rd Pntr       2097494       2249748       2150298       2151298       2242917       2156091
 Length           4838       1944556          1000          4189           113           217
 Int.Num             1             2             3             4             5             6

 Number            508           520           521           522           524           526
 Base          2097152       2188839       2188917       2097382       2188980       2192116
 End           2097182       2188849       2188952       2097494       2192116       2195252
 End1          2097182       2188849       2188952       2097494       2192116       2195252
 Wr Pntr       2097152       2188839       2188917       2097382       2188980       2192116
 Rd Pntr       2097152       2188839       2188917       2097382       2188980       2192116
 Length             30            10            35           112          3136          3136
 Int.Num             7             8             9            10            11            12

 Number            528           530           532           534           536           538
 Base          2243364       2244960       2246556       2248152       2102332       2103928
 End           2244960       2246556       2248152       2249748       2103928       2105524
 End1          2244960       2246556       2248152       2249748       2103928       2105524
 Wr Pntr       2243364       2244960       2246556       2248152       2102332       2103928
 Rd Pntr       2243364       2244960       2246556       2248152       2102332       2103928
 Length           1596          1596          1596          1596          1596          1596
 Int.Num            13            14            15            16            17            18

 Number            545           548           551           552           561           562
 Base          2188952       2195252       2188877       2188849       2182562       2182563
 End           2188980       2197828       2188915       2188877       2182563       2188787
 End1          2188980       2197828       2188915       2188877       2182563       2188787
 Wr Pntr       2188952       2195252       2188877       2188849       2182562       2182563
 Rd Pntr       2188952       2195252       2188877       2188849       2182562       2182563
 Length             28          2576            38            28             1          6224
 Int.Num            19            20            21            22            23            24

 Number            569           577           584           603           605           607
 Base          2188915       2188787       2160724       2200202       2200185       2243226
 End           2188917       2188839       2160820       2203395       2200202       2243272
 End1          2188917       2188839       2160820       2203395       2200202       2243272
 Wr Pntr       2188915       2188787       2160724       2200202       2200185       2243226
 Rd Pntr       2188915       2188787       2160724       2200202       2200185       2243226
 Length              2            52            96          3193            17            46
 Int.Num            25            26            27            28            29            30

 Number            619           633           635           670           674           685
 Base          2197828       2203395       2108660       2155487       2242741       2105524
 End           2200185       2242741       2150292       2156091       2242917       2108660
 End1          2200185       2242741       2150292       2156091       2242917       2108660
 Wr Pntr       2197828       2203395       2108660       2155487       2242741       2105524
 Rd Pntr       2197828       2203395       2108660       2155487       2242741       2105524
 Length           2357         39346         41632           604           176          3136
 Int.Num            31            32            33            34            35            36

 Number            694           695           698           770           800           801
 Base          2243272       2160820       2243030       2243126       2156308       2150292
 End           2243364       2161344       2243126       2243226       2160724       2150298
 End1          2243364       2161344       2243126       2243226       2160724       2150298
 Wr Pntr       2243272       2160820       2243030       2243126       2156308       2150292
 Rd Pntr       2243272       2160820       2243030       2243126       2156308       2150292
 Length             92           524            96           100          4416             6
 Int.Num            37            38            39            40            41            42

 Number            810           989           993           997           998
 Base          2161344       2161392       2181392       2181592       2097182
 End           2161392       2181392       2181592       2182562       2097382
 End1          2161392       2181392       2181592       2182562       2097382
 Wr Pntr       2161344       2161392       2181392       2181592       2097182
 Rd Pntr       2161344       2161392       2181392       2181592       2097182
 Length             48         20000           200           970           200
 Int.Num            43            44            45            46            47
 NUsed=  45 NFree=   2 NHiFil= 998
 NWUsed=        147758 NWInt=          4838 NWEnd=       1944556 NWCopy=        147416
 Dump of file   524 length          3136 (read left to right):
       0.29028830D-05      0.28474041D-03      0.18646373D-04      0.40257330D-04      0.22526153D-06
       0.53124779D-05      0.27716451D-04     -0.14999390D-03     -0.12018376D-03      0.27738640D-06
       0.42012874D-05     -0.60095541D-04     -0.42740234D-04      0.74773411D-05      0.27782273D-06
      -0.17706867D-06      0.10978740D-05      0.76805297D-05     -0.46113807D-06     -0.51390652D-07
       0.49783422D-05     -0.69645360D-04     -0.50007275D-04     -0.99720964D-05      0.33175423D-06
       0.36944225D-05      0.43585418D-04     -0.16606025D-03      0.15494411D-03      0.24384076D-06
      -0.27040796D-03      0.80423551D-05      0.10147617D-04     -0.34697256D-03     -0.93938672D-07
       0.19666691D-05      0.57644921D-06     -0.15563600D-07      0.24620168D-06     -0.82367769D-06
      -0.95415228D-06      0.81576066D-03     -0.11181962D-01     -0.48402976D-02     -0.10776228D-02
       0.17623623D-05      0.78728617D+00      0.22937733D-01     -0.21500812D-02     -0.43409309D-02
       0.60111803D-06      0.60598743D+00      0.17747550D-01     -0.15714255D-02      0.34600508D-02
       0.10840429D-05      0.37470171D-06      0.37000702D-04      0.24012618D-05     -0.30977472D-03
       0.91502295D-08     -0.56464017D-05      0.65698230D-04     -0.82212383D-04     -0.15166202D-03
       0.12637458D-06      0.35812836D-05     -0.45136405D-04     -0.33958504D-04      0.10718823D-04
       0.20273303D-06     -0.23099439D-07      0.14362271D-06      0.99968513D-06      0.35436131D-05
      -0.60336115D-08     -0.23873301D-05      0.28259318D-04      0.21894069D-04      0.84500832D-05
      -0.12992658D-06      0.68120139D-05     -0.56363447D-04      0.41140019D-04     -0.11584631D-03
      -0.18359104D-07     -0.33474843D-03      0.92682918D-05     -0.69024655D-05      0.25433903D-03
      -0.12212788D-07      0.25580443D-06      0.75025197D-07      0.12190833D-06      0.32118422D-07
      -0.61566004D-06      0.38448843D-06      0.10614091D-03     -0.14543737D-02     -0.62962919D-03
       0.82797541D-02      0.10301510D-05     -0.60601848D+00     -0.17295185D-01      0.19806287D-02
       0.28759520D-02     -0.62525667D-06      0.78731017D+00      0.22588546D-01     -0.24645762D-02
       0.38905939D-02      0.15036691D-05      0.62380956D-03     -0.63413476D-02     -0.57117594D-02
       0.11813107D-06      0.70116249D-05     -0.12205517D-04      0.29273325D-03      0.39098511D-03
      -0.10166253D-03     -0.47862587D-06      0.58769076D-05      0.85322325D-06     -0.67392774D-05
      -0.71665914D-04     -0.17981061D-08      0.25961250D-05      0.13172560D-04     -0.40863683D-04
       0.33221601D-08     -0.10260805D-06      0.58776437D-05      0.85130091D-06     -0.67383968D-05
       0.71681122D-04     -0.90804976D-08     -0.12208503D-04      0.29271938D-03      0.39103739D-03
       0.10170640D-03     -0.47646490D-06     -0.20731780D-03     -0.18632073D-04     -0.18634591D-04
      -0.20730457D-03     -0.63226817D-05     -0.16230280D-04     -0.11347365D-04     -0.77825709D-09
      -0.10085200D-05      0.37563875D-06      0.37571644D-06      0.99227762D+00      0.36790646D-01
       0.12080058D-02      0.65136643D-06      0.36735812D-05      0.82936403D-03     -0.75166034D-02
       0.20739342D-02      0.42519096D-02     -0.76926291D-06      0.82938313D-03     -0.75158691D-02
       0.20737873D-02     -0.42517836D-02     -0.15781393D-05      0.35688736D-05      0.45213762D-05
       0.48836038D-04     -0.26572215D-08      0.25961798D-06      0.39949698D-05      0.34424159D-04
      -0.14703712D-04     -0.71397538D-04     -0.57111632D-05     -0.18883258D-04      0.35973795D-03
      -0.53035604D-03     -0.12661083D-04      0.18699658D-04      0.62067047D-03     -0.77198733D-02
       0.64482636D-02      0.24565543D-07      0.16104449D-03     -0.18885151D-04      0.35973028D-03
      -0.53044187D-03      0.12653045D-04      0.18613540D-04      0.39915248D-05      0.34464400D-04
      -0.14733429D-04      0.71376096D-04     -0.56952992D-05     -0.23320905D-04      0.26708861D-04
       0.26794539D-04     -0.23320502D-04      0.99202981D+00      0.39346075D-01      0.70454404D-03
       0.77819090D-06      0.24821686D-02     -0.88086426D-02     -0.88084881D-02      0.93346289D-05
      -0.14113874D-04      0.11119420D-04     -0.29372214D-09      0.81303857D-07     -0.66596162D-07
       0.35229088D-06     -0.74277623D-06      0.27346077D-06      0.15137266D-08     -0.66568942D-07
       0.35214607D-06     -0.74261654D-06     -0.27350393D-06      0.16572687D-08     -0.63443188D-03
      -0.20864492D-03      0.23129760D-03     -0.20955831D-07      0.22552793D-05     -0.15640153D-03
       0.41551703D-03     -0.14396050D-03      0.14269340D-03      0.45471924D-06     -0.68380340D-02
      -0.98686462D-02      0.33986664D-02     -0.56323261D-02      0.45301577D-04      0.99026036D+00
       0.45240092D-01      0.57004024D-03      0.19384629D-06     -0.23022601D-03     -0.68369800D-02
      -0.98689765D-02      0.33987582D-02      0.56323999D-02      0.45156187D-04     -0.15616938D-03
       0.41553325D-03     -0.14394787D-03     -0.14277675D-03      0.46915767D-06     -0.78853117D-04
       0.21448788D-03      0.21448546D-03     -0.78836166D-04      0.80251571D-03     -0.80473628D-02
      -0.55909685D-02     -0.11933697D-06     -0.15188394D-03     -0.46375592D-03     -0.46365931D-03
       0.55175778D-05     -0.39195444D-04      0.32288998D-04     -0.10070141D-08     -0.43671098D-06
      -0.30877549D-06      0.15090162D-05     -0.28083509D-05      0.13546390D-05      0.34425598D-07
      -0.30884396D-06      0.15091349D-05     -0.28085966D-05     -0.13553223D-05      0.34691452D-07
       0.98900064D+00      0.45473120D-01     -0.19444612D-02      0.42237274D-06      0.13193141D-04
      -0.34518881D-01     -0.11499520D-01     -0.32250941D-02     -0.59116218D-02      0.61850179D-05
      -0.19266662D-03      0.71630949D-03      0.35182207D-03      0.72977843D-04     -0.20287012D-05
       0.67918058D-03     -0.13290042D-03     -0.25999674D-03      0.40070415D-07     -0.15340559D-05
      -0.19324636D-03      0.71622309D-03      0.35179902D-03     -0.72761749D-04     -0.20418496D-05
      -0.34517198D-01     -0.11500244D-01     -0.32253054D-02      0.59117588D-02      0.58013148D-05
       0.43899850D-03     -0.10687925D-03     -0.10693977D-03      0.43903175D-03      0.76901761D-05
      -0.67373505D-04     -0.46374940D-04     -0.58485690D-08     -0.45461432D-05      0.44622655D-05
       0.44653695D-05      0.92567035D-03     -0.73604875D-02      0.50875754D-02     -0.21232327D-06
      -0.77163644D-05      0.19389689D-04      0.99510997D-04     -0.40374132D-04     -0.12062126D-03
       0.19631819D-07      0.19380413D-04      0.99489693D-04     -0.40419603D-04      0.12055540D-03
       0.63863675D-07      0.64381655D-03     -0.14977028D-03      0.60141949D-04     -0.81297727D-02
       0.10261245D-06     -0.69053173D+00     -0.32241992D-01      0.97575946D-03     -0.93654296D-03
      -0.13642249D-04      0.31301055D-01      0.85099969D-02      0.46934891D-02      0.18519118D-05
      -0.19481139D-04     -0.44839970D-05      0.15849439D-04      0.51950639D-05      0.48797891D-03
      -0.35674449D-08     -0.32219195D-01     -0.87388255D-02     -0.48181092D-02      0.96397244D-05
       0.20208431D-04      0.70821863D+00      0.33070814D-01     -0.10058774D-02     -0.95904671D-03
       0.14023599D-04      0.64962926D-02     -0.48160898D-03      0.49265845D-03     -0.66659584D-02
       0.23246418D-06     -0.16793603D-05     -0.13687389D-05     -0.75868109D-04     -0.49553691D-07
       0.15970588D-04     -0.16603865D-04      0.28761379D-06      0.16676007D-05     -0.74687313D-07
       0.12472085D-03     -0.10152643D-07     -0.55038121D-05      0.57575811D-04     -0.79060296D-05
       0.33631247D-04     -0.14642947D-06      0.57850276D-05     -0.58462123D-04      0.10010384D-04
       0.32798243D-04      0.13078978D-06      0.50934606D-01     -0.11773573D-01      0.47475824D-02
       0.10277322D-03     -0.13521454D-04      0.70713019D+00      0.33128926D-01     -0.12271485D-02
       0.88480550D-03      0.15332705D-04     -0.37464353D-01     -0.91983000D-02     -0.49857393D-02
      -0.32142540D-03      0.21884606D-04     -0.35588240D-03      0.12673837D-02      0.40750012D-03
      -0.63355501D-05     -0.46159746D-06     -0.36639836D-01     -0.89785946D-02     -0.48652767D-02
       0.32104455D-03      0.21538140D-04      0.68941746D+00      0.32302005D-01     -0.12015310D-02
      -0.86121817D-03      0.14969670D-04     -0.67742558D-02      0.45034429D-03      0.43777194D-03
      -0.66077442D-02      0.18694534D-04     -0.13621469D-03     -0.11022499D-03      0.96934144D-06
      -0.36265297D-05     -0.24861388D-04     -0.24458754D-04      0.23200266D-04      0.12879305D-03
      -0.40872599D-05     -0.15634619D-05      0.52905540D-08      0.10970606D-04     -0.34707815D-04
       0.82341688D-04      0.33140987D-04     -0.14895631D-06      0.10818655D-04     -0.33189398D-04
       0.82073010D-04     -0.34003450D-04     -0.15424565D-06      0.12793880D-03     -0.40470654D-05
       0.57453708D-05      0.23996755D-03     -0.69100253D-07      0.34367711D-01     -0.58823145D-02
       0.48749771D-02      0.73208819D-04     -0.17287792D-04      0.72832823D+00      0.33272950D-01
       0.60561420D-03      0.82506648D-03     -0.25931321D-04      0.50275324D-03     -0.55450308D-03
      -0.20406005D-03      0.79799587D-02     -0.63490775D-06     -0.66937069D+00     -0.30552692D-01
      -0.56029199D-03      0.75266625D-03      0.23414031D-04     -0.31134168D-01      0.54109053D-02
      -0.44672782D-02      0.91668652D-04      0.15934673D-04     -0.12664699D-03     -0.68969866D-02
       0.63264264D-02      0.10336135D-03     -0.12825062D-05      0.24133172D-04      0.60070689D-05
      -0.26974297D-03      0.20519545D-05     -0.99548511D-04      0.82353853D-04      0.88193488D-06
      -0.47433401D-05      0.38247712D-05      0.64687793D-04      0.63550210D-08     -0.26245123D-05
       0.21300525D-05     -0.16787274D-04      0.17971392D-04      0.98829595D-08      0.30483593D-05
      -0.38968762D-05      0.18853448D-04      0.18592923D-04     -0.12912832D-07      0.30234215D-02
      -0.91781291D-04      0.13543676D-03     -0.10003144D-04     -0.16754026D-05      0.36704063D-01
      -0.53544349D-02      0.46338956D-02     -0.22733842D-03     -0.17313546D-04      0.66909544D+00
       0.30884109D-01      0.51418229D-03      0.82375931D-03     -0.27734081D-04      0.11895632D-01
      -0.13145435D-01     -0.48356299D-02     -0.33674156D-03     -0.12761720D-04      0.72807724D+00
       0.33577297D-01      0.56357326D-03     -0.89030643D-03     -0.29711552D-04      0.39447838D-01
      -0.58315438D-02      0.50280432D-02      0.22070808D-03     -0.18897657D-04     -0.26907373D-03
      -0.64789864D-02     -0.70367296D-02     -0.27856648D-03     -0.30492725D-04      0.57261355D-03
       0.14195348D-03      0.11416517D-04      0.48322505D-04     -0.20074612D-03     -0.20854215D-03
       0.20926577D-04     -0.11272959D-03      0.90789415D-04     -0.27343772D-05      0.26706093D-06
       0.51498892D-05     -0.21079714D-04      0.25250671D-04     -0.81947613D-05     -0.48350122D-07
       0.49093293D-05     -0.20819848D-04      0.23741590D-04      0.66460172D-05     -0.51564898D-07
      -0.25674196D-01      0.49876417D-01      0.32091151D-01     -0.76606400D-06     -0.13408829D-04
      -0.42881722D-02      0.10098749D-01      0.48268119D-02      0.46909754D-02     -0.23721948D-05
      -0.43879782D-03      0.11424655D-02      0.76534236D-03      0.70972699D-04     -0.22993598D-05
      -0.18999306D-03      0.46058867D-03      0.23337098D-03      0.16457972D-07      0.21889476D-05
      -0.43883932D-03      0.11424860D-02      0.76535101D-03     -0.70919522D-04     -0.23379490D-05
      -0.42887382D-02      0.10100536D-01      0.48275036D-02     -0.46917180D-02     -0.19445696D-05
       0.25096066D-02      0.72897926D-04      0.72899126D-04      0.25096250D-02     -0.25490439D-04
       0.84793153D-04      0.42072180D-04      0.97206262D-09      0.67536714D-05      0.12744163D-04
       0.12745498D-04     -0.18278232D+00      0.54360427D+00      0.10371168D+00      0.40028478D-04
       0.74608456D-04     -0.11267901D+00      0.34794667D+00     -0.72219798D-01     -0.13500018D+00
       0.48853203D-04     -0.11264901D+00      0.34785563D+00     -0.72196999D-01      0.13496490D+00
       0.74828296D-04     -0.32769338D-05      0.82114450D-05      0.40094662D-05     -0.18605392D-01
      -0.11082965D-05     -0.52684917D-02      0.11797461D-01      0.68741501D-02      0.11568892D-02
      -0.32619617D-07     -0.69768067D-03      0.20423057D-02      0.12864088D-02     -0.12434443D-04
      -0.33910308D-05     -0.22664910D-06      0.51661814D-06      0.97436981D-07     -0.38338736D-03
       0.43265136D-08      0.69711909D-03     -0.20408860D-02     -0.12858201D-02     -0.12802305D-04
       0.34579038D-05      0.52665789D-02     -0.11792791D-01     -0.68725591D-02      0.11552410D-02
      -0.74039466D-06      0.65532843D-02      0.17468604D-03     -0.17450605D-03     -0.65508079D-02
      -0.13175163D-06      0.41903629D-06      0.75816493D-07     -0.24604907D-04      0.44888056D-07
       0.13175513D-04     -0.13038189D-04     -0.16117614D-04      0.58295722D-04      0.60087272D-05
      -0.38508726D+00     -0.36238756D-04      0.15129086D+00     -0.51062534D+00      0.93815936D-01
       0.12896565D+00     -0.70716240D-04     -0.15131434D+00      0.51070621D+00     -0.93822338D-01
       0.12898869D+00      0.95817224D-04     -0.11838682D-01      0.28422232D-01     -0.87801457D-02
       0.39968806D-06      0.50538943D-04     -0.15430933D-01      0.37601169D-01     -0.12623241D-01
       0.70350875D-02      0.87332249D-04     -0.40170614D-01      0.97494159D-01     -0.21740240D-01
       0.33675727D-01      0.22236568D-03     -0.11775238D+00      0.27719579D+00     -0.90461948D-01
       0.99387483D-06     -0.41717195D-03     -0.40170843D-01      0.97494591D-01     -0.21741376D-01
      -0.33677130D-01      0.22228937D-03     -0.15430397D-01      0.37600027D-01     -0.12621722D-01
      -0.70358732D-02      0.88048376D-04      0.48960721D-02      0.17814166D-01      0.17812075D-01
       0.48962332D-02     -0.20233342D+00      0.65398363D+00      0.41613403D-01      0.21204146D-04
       0.70604588D-01      0.12897558D+00      0.12897118D+00     -0.19097388D-03      0.10954035D-02
      -0.80429618D-02      0.58135680D-06      0.11570702D-04      0.15489154D-02     -0.53455711D-02
      -0.84481007D-04      0.18479160D-02      0.12610199D-05      0.15493276D-02     -0.53470116D-02
      -0.84150598D-04     -0.18480893D-02      0.92568671D-06     -0.13294621D+00      0.33622749D+00
      -0.40950064D-01      0.69314651D-05      0.43894734D-03     -0.10926266D+00      0.27426296D+00
      -0.15755524D-01      0.64557695D-01      0.42569624D-03     -0.83178804D-01      0.20669895D+00
       0.48945739D-01      0.37052941D-01      0.12693966D-04     -0.49603598D-01      0.13161379D+00
       0.98213619D-01      0.13586950D-05      0.66660933D-03     -0.83178442D-01      0.20669811D+00
       0.48945263D-01     -0.37050445D-01      0.11256978D-04     -0.10926721D+00      0.27427346D+00
      -0.15747968D-01     -0.64565101D-01      0.42995819D-03      0.48311308D-01      0.35239925D-01
       0.35238573D-01      0.48315933D-01      0.63600061D-01     -0.21347218D+00      0.35853802D-01
      -0.78049039D-05     -0.26718224D-01     -0.56915651D-01     -0.56912992D-01     -0.16668785D-01
       0.63765855D-01     -0.15028727D+00      0.18200475D-05      0.22173985D-03      0.24532055D-01
      -0.89048388D-01     -0.99036201D-02      0.27108622D-01      0.28310474D-04      0.24532288D-01
      -0.89049150D-01     -0.99010397D-02     -0.27105929D-01      0.23470784D-04     -0.12686024D+00
       0.33987383D+00      0.90139324D-01      0.35235586D-04      0.10183952D-03     -0.15852944D-01
       0.44931991D-01      0.10419492D+00      0.43397459D-01     -0.26898712D-03      0.88406008D-01
      -0.23191028D+00      0.29967507D-01     -0.54499951D-01     -0.57794852D-04      0.10579466D+00
      -0.29146333D+00     -0.93868782D-01      0.32821617D-04      0.11572140D-03      0.88340029D-01
      -0.23173688D+00      0.30000952D-01      0.54508944D-01     -0.58044647D-04     -0.15923522D-01
       0.45117028D-01      0.10415967D+00     -0.43394824D-01     -0.26801476D-03      0.15829702D-01
      -0.54293154D-01     -0.54242715D-01      0.15873946D-01     -0.60910877D-01      0.21475729D+00
      -0.11078556D+00      0.19593021D-04      0.33266017D-01      0.81715177D-01      0.81719604D-01
      -0.50974215D-01      0.19447935D+00     -0.29319100D+00     -0.98680256D-06      0.40653688D-03
       0.44825229D-01     -0.17109826D+00     -0.33603666D-01      0.40107009D-01      0.56094530D-04
       0.44819940D-01     -0.17107756D+00     -0.33597816D-01     -0.40097049D-01      0.48734577D-04
       0.31194131D-04     -0.85980526D-04     -0.34939502D-04      0.12874432D+00     -0.45814032D-05
       0.12565351D+00     -0.33529592D+00      0.68113304D-01      0.13215968D-01     -0.68125596D-03
       0.12987556D+00     -0.34471780D+00     -0.59197628D-01      0.13619709D-01     -0.25157895D-03
      -0.28461736D-04      0.79782813D-04      0.23580217D-04      0.14681283D+00     -0.42963955D-05
      -0.12991594D+00      0.34482564D+00      0.59177662D-01      0.13595818D-01      0.24735274D-03
      -0.12564563D+00      0.33527288D+00     -0.68159329D-01      0.13231711D-01      0.68107703D-03
      -0.86033527D-01     -0.95277613D-01      0.95300887D-01      0.86030456D-01      0.15396592D-04
      -0.54366759D-04      0.30056563D-04      0.48550220D-01     -0.17333691D-04     -0.21785359D-01
       0.21743912D-01      0.16471492D-04     -0.62546802D-04      0.89831349D-04     -0.92958049D-02
      -0.51762511D-05      0.81940258D-02     -0.31559546D-01     -0.13941282D-02      0.84944092D-02
       0.67996185D-05     -0.82223772D-02      0.31668658D-01      0.14158143D-02      0.85174321D-02
      -0.76051696D-05     -0.11069278D-01      0.34158830D-01      0.21578434D+00     -0.17476196D-04
      -0.60849119D-03      0.88002619D-01     -0.24600169D+00      0.36811804D-01      0.27767723D-02
      -0.66563051D-03     -0.25964999D-02      0.11745529D-01     -0.14254221D+00      0.73456341D-01
      -0.83956628D-03     -0.12230130D+00      0.35767288D+00     -0.21025793D-01      0.18527596D-04
      -0.47603026D-02     -0.26133431D-02      0.11790523D-01     -0.14254839D+00     -0.73467066D-01
      -0.83495905D-03      0.88008940D-01     -0.24601778D+00      0.36793773D-01     -0.27711005D-02
      -0.66496622D-03     -0.74571971D-01      0.27669832D-02      0.27744270D-02     -0.74584651D-01
       0.41104727D-01     -0.15526599D+00      0.23444958D+00      0.36348604D-05     -0.39400275D-01
      -0.11390252D+00     -0.11388104D+00     -0.73937125D-01      0.29401798D+00     -0.29643002D+00
       0.60179489D-06      0.29832673D-03      0.49313807D-01     -0.20017274D+00     -0.53264148D-01
       0.18615228D-01      0.31972421D-04      0.49313487D-01     -0.20017056D+00     -0.53258097D-01
      -0.18611788D-01      0.27475952D-04      0.13909065D-05     -0.24564765D-05     -0.10066772D-04
      -0.20338355D+00      0.99170618D-05     -0.97366326D-01      0.28064128D+00      0.93473018D-01
      -0.59852177D-02      0.38195469D-04      0.75948966D-01     -0.21746416D+00      0.15139581D+00
      -0.84345839D-02     -0.69350143D-03      0.65816956D-05     -0.20606866D-04      0.14633835D-04
       0.25810493D+00     -0.16115047D-04     -0.75949039D-01      0.21746223D+00     -0.15135711D+00
      -0.84484246D-02      0.69375982D-03      0.97356748D-01     -0.28061222D+00     -0.93487543D-01
      -0.59946592D-02     -0.31169769D-04      0.12214788D+00     -0.11662074D+00      0.11659382D+00
      -0.12214760D+00     -0.18775090D-05      0.83619210D-05     -0.27022908D-04      0.25792173D+00
      -0.63286337D-04     -0.14101805D+00      0.14104464D+00      0.15902867D-05     -0.69176811D-05
       0.87028591D-05     -0.25507689D-02      0.16139723D-04     -0.13191366D-01      0.54452376D-01
       0.11193980D-01     -0.12019900D-01     -0.14423317D-04      0.13190344D-01     -0.54448074D-01
      -0.11189382D-01     -0.12016996D-01      0.22863633D-04      0.78847203D-01     -0.23009933D+00
       0.22820882D+00     -0.17807527D-04     -0.24256561D-03      0.36295609D-02     -0.85274229D-02
      -0.10650012D+00     -0.19512303D+00      0.10576271D-02     -0.78497651D-01      0.24112010D+00
       0.16560928D-01     -0.17284678D+00      0.27122538D-02      0.64003293D-01     -0.19655094D+00
       0.64337648D-01      0.42179654D-05      0.87550198D-02     -0.78504267D-01      0.24114229D+00
       0.16567840D-01      0.17286010D+00      0.27103742D-02      0.36287205D-02     -0.85207697D-02
      -0.10652097D+00      0.19514826D+00      0.10478151D-02      0.58758299D-01      0.17766802D+00
       0.17768287D+00      0.58774733D-01     -0.35927113D-03     -0.67551938D-04     -0.19474471D+00
      -0.30725309D-05      0.21877503D-01      0.76157903D-01      0.76145260D-01     -0.62314453D-01
       0.25860599D+00     -0.18168497D+00     -0.14864616D-05      0.33901947D-03      0.40491118D-01
      -0.17299666D+00     -0.56591234D-01     -0.83117628D-02      0.79987785D-04      0.40491316D-01
      -0.17299670D+00     -0.56586917D-01      0.83131512D-02      0.81716627D-04      0.26036071D-05
      -0.85397712D-05      0.12549314D-04      0.17935960D+00     -0.18103616D-04      0.36418059D-01
      -0.11408934D+00     -0.15259429D+00     -0.22567054D-01      0.46423329D-03     -0.62293997D-01
       0.19565098D+00      0.22499564D-01     -0.52144548D-01      0.34392660D-03      0.25382334D-06
       0.12650266D-05     -0.95207878D-04      0.30910760D-01     -0.61202017D-04      0.62304352D-01
      -0.19568013D+00     -0.22518570D-01     -0.52044359D-01     -0.37833132D-03     -0.36445677D-01
       0.11417724D+00      0.15264966D+00     -0.22465303D-01     -0.48458882D-03     -0.78029145D-01
       0.90869782D-01     -0.90826196D-01      0.78128851D-01     -0.35447109D-05      0.13195805D-04
       0.10342240D-03      0.51370536D+00     -0.20538239D-03     -0.32350704D+00      0.32343642D+00
       0.77226488D-05     -0.32943525D-04      0.31430957D-05      0.18081388D-01     -0.37410348D-04
       0.12987631D-01     -0.56255731D-01     -0.18194509D-01      0.61781701D-02      0.59071034D-05
      -0.13000080D-01      0.56310593D-01      0.18196590D-01      0.61565900D-02     -0.33194458D-04
       0.73014168D-02     -0.19929608D-01      0.15522789D-01     -0.70249633D-04     -0.17818963D-02
      -0.51775345D-01      0.17173194D+00      0.10818021D+00     -0.16140358D+00     -0.23412345D-02
       0.28355018D-01     -0.81052391D-01     -0.21516868D-01     -0.15577646D+00     -0.69672616D-02
      -0.14333728D-01      0.56559671D-01     -0.35380757D+00     -0.12947521D-04     -0.25751206D-01
       0.28318631D-01     -0.80936905D-01     -0.21509068D-01      0.15581871D+00     -0.69700605D-02
      -0.51746329D-01      0.17163935D+00      0.10806493D+00      0.16143488D+00     -0.23587264D-02
       0.18681743D+00      0.53682570D-01      0.53748907D-01      0.18676834D+00     -0.53672525D-02
       0.16436390D-01      0.41149940D+00     -0.14281840D-03     -0.50372282D-01     -0.14943997D+00
      -0.14959414D+00      0.32080052D-01     -0.13838890D+00      0.26046089D-01     -0.64918453D-05
      -0.17022820D-02     -0.24336318D-01      0.10832545D+00      0.12740133D-01      0.39330473D-01
      -0.58879148D-03     -0.24324948D-01      0.10827507D+00      0.12723201D-01     -0.39332887D-01
      -0.59236417D-03     -0.81629238D-04      0.30871935D-03      0.64276409D-03     -0.23639181D-05
       0.19258355D+00     -0.83863985D-04      0.37081353D-03      0.15709499D-02     -0.87495254D-03
       0.62734581D-01      0.20351697D-03     -0.57354403D-03     -0.96398064D-03     -0.40126420D-03
       0.23408158D-01     -0.43845433D-03      0.15275763D-02     -0.16260738D-02     -0.19690390D-04
       0.19052842D-01      0.21417098D-03     -0.60992942D-03     -0.91669220D-03      0.40215364D-03
       0.23408563D-01     -0.98531364D-04      0.41952165D-03      0.15563654D-02      0.89267910D-03
       0.62738431D-01      0.12204589D-02      0.26167036D-03      0.23216811D-03      0.12347783D-02
       0.47652250D-03     -0.18847967D-02      0.21601990D-02      0.41496054D-04      0.69275111D-02
      -0.66007400D-03     -0.60448909D-03      0.57529977D-03     -0.24835100D-02      0.16965750D-03
      -0.67179982D-04      0.73631857D+00     -0.49781458D-03      0.22572528D-02      0.47485788D-03
       0.98829204D-03      0.30082502D+00     -0.50001973D-03      0.22672217D-02      0.47928798D-03
      -0.10456192D-02      0.30077669D+00     -0.40991503D-01      0.13920132D+00      0.76570198D-01
       0.46945642D-04      0.82313621D-03      0.31301859D-01     -0.10152137D+00      0.93172462D-01
       0.24813752D-01      0.23607392D-02     -0.18595113D-01      0.68531483D-01     -0.14134867D+00
      -0.35931593D-01      0.80454815D-02      0.60178529D-04     -0.43745738D-02      0.10780192D+00
       0.62805269D-04      0.20512190D-01     -0.18607835D-01      0.68571157D-01     -0.14135674D+00
       0.35815238D-01      0.80555374D-02      0.31301833D-01     -0.10152543D+00      0.93170386D-01
      -0.24921798D-01      0.23677833D-02     -0.59008145D-02      0.11438201D+00      0.11431221D+00
      -0.59884606D-02      0.15416930D-01     -0.67156570D-01     -0.15002259D+00     -0.15870985D-04
       0.21231383D-01      0.51956394D-01      0.51916576D-01      0.90030782D-01     -0.39612522D+00
      -0.29258879D+00      0.38789784D-04     -0.45501477D-02     -0.11539067D+00      0.53075261D+00
       0.30671341D-01      0.29480655D+00     -0.20219254D-02     -0.11540315D+00      0.53080681D+00
       0.30706807D-01     -0.29480797D+00     -0.20767087D-02     -0.77035226D-01      0.25975646D+00
      -0.16915912D+00     -0.25528306D-03     -0.66904503D-03      0.29847834D-01     -0.10714695D+00
      -0.35668018D-01      0.23128934D+00     -0.23918618D-02     -0.26970377D-01      0.99120976D-01
      -0.91362003D-01     -0.23997096D+00     -0.52573393D-02      0.58569553D-01     -0.20233967D+00
      -0.20407022D+00     -0.23636722D-03     -0.16681966D-01     -0.26967099D-01      0.99097675D-01
      -0.90758194D-01      0.24005740D+00     -0.52378144D-02      0.29822389D-01     -0.10707248D+00
      -0.36236660D-01     -0.23117885D+00     -0.23508573D-02     -0.22954176D+00      0.25740130D+00
       0.25721333D+00     -0.22965437D+00     -0.32602691D-02      0.89335184D-02      0.11047089D+00
       0.18442001D-03     -0.21163062D-01     -0.31455890D-01     -0.31145611D-01      0.70462238D-04
      -0.11120685D-03      0.13703493D+00     -0.11903438D-03      0.24705009D-02      0.14310346D-01
      -0.68519020D-01      0.40297811D-01     -0.77033423D-01      0.11340324D-02      0.14379457D-01
      -0.68837322D-01      0.40138603D-01      0.77096581D-01      0.11426030D-02     -0.54658621D-04
       0.18067091D-03     -0.13914510D-03      0.32674721D+00      0.15944356D-04     -0.44907314D-02
       0.16944734D-01     -0.19045139D+00     -0.21967095D+00      0.89839627D-03      0.16617930D-01
      -0.59519553D-01      0.21463528D+00     -0.18009185D+00     -0.28043373D-03      0.45317426D-04
      -0.15758070D-03     -0.20452868D-03      0.30853025D+00      0.60593750D-04     -0.16659357D-01
       0.59667768D-01     -0.21473749D+00     -0.17968814D+00      0.34798977D-03      0.45243023D-02
      -0.17074116D-01      0.19038173D+00     -0.22000248D+00     -0.84771713D-03      0.88662849D-01
       0.24002955D-01     -0.23622065D-01     -0.89018963D-01      0.39153618D-06     -0.48974912D-05
       0.13615436D-03     -0.19096587D+00      0.13729527D-03      0.15858614D+00     -0.15866611D+00
      -0.14232178D-04      0.62611249D-04      0.16278863D-03      0.14103556D+00      0.45915265D-04
       0.38753533D-01     -0.18020417D+00     -0.83450514D-01     -0.53600425D-01      0.42828305D-04
      -0.38690760D-01      0.17990833D+00      0.83491796D-01     -0.53372621D-01     -0.20974669D-04
       0.43278053D-04     -0.15186140D-03      0.61811871D-04      0.77428668D-02     -0.10489107D-04
       0.24684808D-01     -0.75715585D-01      0.25592332D+00     -0.20571540D+00     -0.11469199D-02
       0.20717674D-01     -0.60310621D-01     -0.25546980D+00     -0.22504145D+00      0.10146043D-02
      -0.32079579D-04      0.11121513D-03      0.12791497D-03      0.34687287D-01     -0.40161829D-04
      -0.20687261D-01      0.60199889D-01      0.25551901D+00     -0.22529193D+00     -0.10645133D-02
      -0.24721664D-01      0.75856768D-01     -0.25582138D+00     -0.20545412D+00      0.11511945D-02
       0.21944694D+00      0.24984299D+00     -0.25010725D+00     -0.21914787D+00      0.12718961D-05
      -0.29011912D-05     -0.82620458D-04      0.70249220D-01     -0.55250075D-04     -0.44499064D-01
       0.44542740D-01     -0.11459059D-04      0.50749354D-04      0.21810695D-06     -0.18741984D-01
      -0.21656921D-04     -0.91329129D-02      0.41066633D-01      0.27810410D-01     -0.83651847D-02
      -0.31141043D-04      0.91566963D-02     -0.41174255D-01     -0.27858076D-01     -0.83359081D-02
       0.14334434D-04     -0.31450696D-01      0.10341703D+00     -0.88606221D-01     -0.45703391D-04
       0.36455859D-01      0.32450669D-02      0.43986839D-03      0.31330321D+00     -0.44026222D-01
       0.47969540D-01      0.10182878D-01     -0.26121504D-01     -0.29662831D+00      0.12155146D-01
       0.78992944D-01     -0.33366544D-01      0.11300291D+00      0.17994508D+00      0.14550723D-03
       0.14315063D+00      0.10192388D-01     -0.26162371D-01     -0.29678117D+00     -0.12313961D-01
       0.79001723D-01      0.32411632D-02      0.45785654D-03      0.31345648D+00      0.44183992D-01
       0.47942745D-01      0.16340081D+00      0.11636517D+00      0.11626769D+00      0.16361482D+00
       0.33865604D-01     -0.15183946D+00     -0.21047469D+00      0.97226810D-05      0.11316515D+00
       0.73675865D-01      0.73614428D-01      0.88180732D-03     -0.95152725D-02      0.28259188D+00
      -0.28354879D-03     -0.28700468D-01      0.37276290D-01     -0.17592599D+00      0.37466859D-01
      -0.15091357D+00     -0.16243315D-01      0.37396032D-01     -0.17649728D+00      0.37143761D-01
       0.15123801D+00     -0.16204131D-01      0.17402068D-04     -0.56084161D-04      0.58089295D-04
       0.17087572D-02     -0.36737799D-04      0.97370297D-02     -0.39280732D-01     -0.92874541D-01
       0.12672971D-01      0.57051227D-03     -0.73845477D-03      0.42584559D-02      0.90162082D-01
      -0.13789864D+00      0.28102885D-03      0.23434304D-04     -0.81311810D-04     -0.13613838D-03
       0.19661566D+00     -0.37723369D-04      0.72204185D-03     -0.42152344D-02     -0.89769589D-01
      -0.13786039D+00     -0.34263647D-03     -0.97404950D-02      0.39276705D-01      0.92452609D-01
       0.12607920D-01     -0.63955353D-03     -0.89762336D-01      0.82747695D-01     -0.82891668D-01
       0.89525908D-01     -0.18813612D-04      0.85674628D-04      0.15469525D-03     -0.58275269D-01
       0.22995981D-04      0.62853175D-01     -0.62956102D-01     -0.24696505D-05      0.18198312D-04
      -0.18869856D-03     -0.45319727D+00     -0.85952796D-05     -0.95660015D-01      0.45840767D+00
       0.25597461D+00      0.27629219D+00      0.28135677D-04      0.95610017D-01     -0.45816557D+00
      -0.25599352D+00      0.27608522D+00      0.61816017D-04      0.75683274D-02     -0.24906218D-01
       0.16957125D-01     -0.18129206D-04      0.17725563D+00     -0.29005316D-02      0.71691449D-02
      -0.88933204D-01      0.14054630D-01      0.21973447D+00     -0.64363293D-03      0.29043875D-03
       0.86265654D-01     -0.13289773D-01      0.29520161D+00      0.43008709D-02     -0.12804351D-01
      -0.96577086D-01     -0.58965754D-04      0.45270257D+00     -0.62932751D-03      0.23507459D-03
       0.86423985D-01      0.13339548D-01      0.29519496D+00     -0.29126526D-02      0.72107593D-02
      -0.89044323D-01     -0.14051481D-01      0.21974019D+00     -0.47877896D-01     -0.33462334D-01
      -0.33492561D-01     -0.47927953D-01      0.71781623D-02     -0.27380114D-01      0.11766028D+00
       0.18891215D-03      0.32067215D+00     -0.25357496D-01     -0.25204674D-01     -0.17947374D-02
       0.96724139D-02     -0.65542319D-01      0.22168285D-04     -0.11379092D+00     -0.74777031D-02
       0.35439547D-01     -0.99546948D-02      0.32728138D-01     -0.69233795D-01     -0.74810783D-02
       0.35455813D-01     -0.99438368D-02     -0.32728867D-01     -0.69230357D-01     -0.23583840D-06
      -0.47538213D-05      0.10203004D-04      0.33318356D+00      0.29254540D-04      0.76671585D-02
      -0.15921800D-01     -0.32229038D-01     -0.29433943D+00     -0.75262765D-03     -0.62273841D-02
       0.13195357D-01     -0.16621851D-01      0.25295963D+00     -0.15779180D-02     -0.69580677D-05
       0.27757051D-04      0.43034801D-04     -0.31481786D+00     -0.35696021D-04      0.62282833D-02
      -0.13193037D-01      0.16554697D-01      0.25293812D+00      0.16157341D-02     -0.76637544D-02
       0.15907742D-01      0.32321970D-01     -0.29430476D+00      0.86558405D-03      0.24954509D+00
      -0.24571714D+00      0.24573644D+00     -0.24949163D+00     -0.66253445D-06      0.10616554D-05
      -0.46406001D-04      0.40898352D-01     -0.12224012D-03     -0.70033947D-01      0.70056737D-01
      -0.36905944D-06      0.27762275D-05      0.20982070D-04     -0.15271550D+00     -0.23857369D-04
      -0.29734781D-01      0.14407007D+00      0.10276123D+00      0.11200367D+00      0.36835024D-04
       0.29741437D-01     -0.14409962D+00     -0.10275721D+00      0.11202282D+00     -0.21889599D-04
       0.55416631D-03     -0.18486293D-02     -0.14174258D-02      0.25069639D-04     -0.42812667D+00
      -0.15539244D-02      0.54963049D-02     -0.14971174D-01      0.16315506D-02     -0.33785580D+00
       0.10733351D-02     -0.42911472D-02      0.12523412D-01     -0.59415103D-02     -0.56836370D-01
      -0.43887362D-02      0.16001410D-01     -0.40320168D-01     -0.73741129D-04      0.30509057D+00
       0.10892683D-02     -0.43525230D-02      0.12598532D-01      0.60660112D-02     -0.56846753D-01
      -0.15627864D-02      0.55263558D-02     -0.15025270D-01     -0.17471798D-02     -0.33788964D+00
      -0.71390494D-02     -0.66589584D-02     -0.65867245D-02     -0.72371471D-02      0.22380731D-01
      -0.10046080D+00      0.64440249D-01      0.20567083D-03      0.51171615D+00      0.98625225D-02
       0.99551296D-02     -0.56072902D-03      0.28832902D-02     -0.56312526D-02     -0.63832388D-05
       0.12501778D+00     -0.37534252D-03      0.18042740D-02     -0.13685799D-02      0.22787086D-02
       0.12120222D+00     -0.37542643D-03      0.18056017D-02     -0.13789507D-02     -0.23302674D-02
       0.12117708D+00     -0.33918575D-05      0.13838843D-04     -0.20419417D-05      0.95413582D-03
      -0.21781306D-04      0.29048563D-03     -0.95200283D-03      0.22967581D-02     -0.67142025D-03
       0.46120674D+00     -0.33144565D-03      0.18804078D-02      0.25004988D-03      0.18264477D-02
       0.45668549D+00      0.32828182D-05     -0.13267095D-04     -0.74295954D-05     -0.25470872D-04
      -0.11657427D-04      0.32714466D-03     -0.18603866D-02     -0.27466230D-03      0.18381195D-02
      -0.45663778D+00     -0.28640397D-03      0.93496232D-03     -0.23216531D-02     -0.72183461D-03
      -0.46118672D+00      0.99134223D-03     -0.16149911D-02      0.16229936D-02     -0.10053143D-02
      -0.45337550D-06      0.33085787D-06     -0.11495349D-05      0.35582433D-02     -0.42000565D-04
       0.28994337D-02     -0.28947206D-02      0.66356148D-07      0.14293511D-06     -0.38416141D-05
      -0.61262132D-04      0.49349811D-05     -0.23390466D-04      0.10702008D-03      0.23082577D-03
      -0.74956248D-04     -0.25152660D-01      0.21767046D-04     -0.99721545D-04     -0.21192097D-03
      -0.80882468D-04      0.25163212D-01      0.33206637D-03     -0.12996407D-02     -0.47598754D-03
       0.28790227D-04      0.43495942D+00     -0.46949793D-03      0.19642756D-02     -0.25048497D-02
       0.14883932D-03      0.89656983D-01      0.64283156D-03     -0.30066263D-02      0.79160889D-03
      -0.84100999D-03     -0.35884099D+00     -0.37716982D-02      0.10077084D-01     -0.14009517D-01
      -0.20198748D-04     -0.25265161D+00      0.65846170D-03     -0.30731689D-02      0.82346489D-03
       0.92146459D-03     -0.35890247D+00     -0.47344764D-03      0.19793551D-02     -0.25265147D-02
      -0.15480938D-03      0.89637318D-01     -0.90627225D-03     -0.14858139D-02     -0.14656315D-02
      -0.94142077D-03      0.29374598D-01     -0.14474335D+00      0.65733366D-01      0.21831716D-03
       0.65861569D+00      0.42283931D-01      0.42254431D-01     -0.12892637D-03      0.66498437D-03
      -0.74262886D-03     -0.20168074D-05     -0.22993460D-01     -0.19873313D-04      0.10292801D-03
      -0.21237150D-02      0.72853161D-03     -0.12979650D+00     -0.19003281D-04      0.98786268D-04
      -0.21080073D-02     -0.65483229D-03     -0.12945510D+00      0.19824744D-05     -0.98291879D-05
      -0.99495232D-05     -0.71886396D-05     -0.10114757D-03     -0.41760585D-06      0.15248357D-06
      -0.10005125D-03     -0.51603275D-06     -0.73187871D-02      0.20503842D-04     -0.12483245D-03
      -0.74679763D-05     -0.91433829D-04     -0.27426767D-01      0.16175344D-05     -0.55732172D-05
       0.15272508D-05     -0.62792498D-04      0.64544516D-04     -0.21052563D-04      0.12736874D-03
       0.11086450D-04     -0.91446967D-04      0.27589755D-01      0.20465450D-05     -0.76980156D-05
       0.97912722D-04     -0.14897196D-04      0.72611385D-02     -0.42621439D-04      0.74278968D-04
      -0.69688494D-04      0.46332666D-04     -0.71238199D-05      0.35412095D-04     -0.13472751D-04
      -0.26113280D-03     -0.15113453D-03     -0.23821981D-03      0.21669702D-03     -0.53091298D-06
       0.27189233D-05     -0.16825847D-05     -0.31905614D-04      0.38913920D-04     -0.21763588D-04
       0.90168995D-04     -0.35746713D-03      0.19660234D-03     -0.71048444D+00      0.22124274D-04
      -0.91543834D-04      0.32215474D-03      0.53770606D-04      0.71057914D+00     -0.55292727D-01
       0.25531155D+00      0.34088685D+00     -0.46472181D-05      0.47654910D-03      0.66764980D-02
      -0.26923292D-01     -0.37685639D-01     -0.80015273D-01      0.26710450D-03     -0.85931972D-02
       0.35293343D-01      0.53661173D-01     -0.26359820D-03     -0.14182222D-02     -0.51144823D-02
       0.24330183D-01      0.12871196D-01     -0.29174927D-05     -0.41556349D-03     -0.85922867D-02
       0.35288514D-01      0.53661541D-01      0.26189508D-03     -0.14077744D-02      0.66715489D-02
      -0.26898238D-01     -0.37685017D-01      0.79997961D-01      0.27577163D-03     -0.45733814D-01
      -0.42377781D-01     -0.42375920D-01     -0.45738363D-01     -0.14550763D-02      0.81469004D-02
       0.10138559D-03      0.20408075D-05      0.36594664D-02     -0.32933104D-02     -0.32931050D-02
       0.46355837D-02     -0.19760552D-01     -0.19657025D-01      0.67874863D-05     -0.48340637D-04
      -0.32108285D-02      0.11384848D-01      0.64523118D+00     -0.12859360D+00     -0.91185578D-03
      -0.32134124D-02      0.11397758D-01      0.64510972D+00      0.12843850D+00     -0.84637589D-03
      -0.53007498D-05      0.27199150D-04      0.37887609D-04     -0.25578167D-03     -0.15830438D-04
      -0.13651639D-01      0.63652613D-01      0.36741611D-01      0.10343098D-04      0.50158108D-04
       0.63837695D-02     -0.28392960D-01     -0.30116669D-01     -0.30847929D-02      0.29449826D-03
      -0.90190334D-06      0.45387928D-05      0.24472588D-05     -0.12032402D-01      0.20561205D-04
      -0.63847964D-02      0.28397656D-01      0.30126120D-01     -0.30845445D-02     -0.28135577D-03
       0.13650439D-01     -0.63644969D-01     -0.36739804D-01      0.34915271D-04     -0.81671724D-04
      -0.51520120D-02      0.83916214D-02     -0.84017695D-02      0.51363811D-02     -0.83386633D-06
       0.44267620D-05     -0.26218051D-05      0.18768582D-02     -0.17274173D-04     -0.42922419D-02
       0.42887995D-02      0.13255186D-05     -0.33839395D-05      0.12812047D-04      0.10241236D-01
       0.56686302D-06      0.17063133D-03     -0.44321086D-02     -0.50862672D+00      0.50864113D+00
       0.37321664D-03     -0.16923251D-03      0.44232211D-02      0.50879880D+00      0.50870335D+00
      -0.26727820D-03      0.19864469D-03     -0.11261024D-02      0.52507615D-04     -0.89760967D-05
      -0.37662347D+00      0.29574232D-03     -0.13132720D-02      0.26644278D-02      0.56490515D-03
       0.32957524D+00     -0.15436295D-03      0.93171576D-03      0.28186584D-03      0.30145806D-02
       0.90518727D-01      0.56694892D-03     -0.75204958D-02      0.71473841D-02      0.12067687D-04
      -0.43990505D+00     -0.14788780D-03      0.89883746D-03      0.31011214D-03     -0.29844866D-02
       0.90465563D-01      0.29564030D-03     -0.13126996D-02      0.26639577D-02     -0.50602474D-03
       0.32966634D+00      0.12332065D-02      0.11407389D-02      0.11322830D-02      0.12162690D-02
       0.13397188D-01     -0.74975675D-01      0.40832095D-01      0.10203581D-03      0.27241376D+00
       0.38944412D-01      0.38863096D-01     -0.20132279D-04      0.10612090D-03     -0.26447710D-03
       0.38704887D-04     -0.41925838D+00      0.29015804D-04     -0.12835196D-03      0.59951373D-03
      -0.23250474D-03      0.47253276D+00      0.29585283D-04     -0.13161657D-03      0.62010980D-03
       0.14331084D-03      0.47252931D+00     -0.42518156D-05      0.20878918D-04      0.85991087D-05
       0.60086508D-03      0.89568638D-05      0.11840056D-03     -0.64684363D-03     -0.81142959D-03
       0.10924606D-03     -0.56964626D+00     -0.86111122D-03      0.50661888D-02      0.33914205D-04
       0.27508471D-02      0.57247961D+00     -0.28199942D-05      0.14861751D-04     -0.85037182D-05
       0.43785522D-02      0.41585748D-04      0.85571058D-03     -0.50358951D-02     -0.68659647D-04
       0.27705395D-02     -0.57246487D+00     -0.12215902D-03      0.66665903D-03      0.84311664D-03
       0.17549507D-03      0.56957750D+00      0.98707116D-03     -0.19157345D-02      0.18688338D-02
      -0.10256878D-02      0.36032447D-05     -0.23255180D-04     -0.98739731D-05      0.10245733D-01
      -0.37692336D-04      0.92341396D-02     -0.92124141D-02      0.34755643D-05     -0.20644171D-04
       0.16926022D-04      0.26189473D-04      0.24599016D-04     -0.99154482D-06      0.24833766D-06
       0.21267271D-04      0.10472690D-03     -0.14827016D-01      0.84447746D-06      0.14937710D-05
      -0.37938869D-04      0.10978400D-03      0.14781267D-01      0.36531436D-03     -0.20486132D-02
       0.40607456D-03     -0.26055869D-04     -0.47130218D+00      0.45933330D-03     -0.22705557D-02
       0.26661953D-02      0.10807227D-02      0.12304658D+00     -0.31273737D-03      0.20278517D-02
       0.13878106D-02      0.52483203D-02      0.29912694D+00      0.19520116D-02     -0.15345362D-01
       0.12094350D-01      0.91811275D-05     -0.54277641D+00     -0.30286963D-03      0.19751432D-02
       0.14198930D-02     -0.52274719D-02      0.29914421D+00      0.45306784D-03     -0.22389754D-02
       0.26712136D-02     -0.10912786D-02      0.12307445D+00      0.23295138D-02      0.21997105D-02
       0.22203107D-02      0.23245907D-02      0.14084507D-01     -0.83874224D-01      0.53028656D-01
       0.10819292D-03      0.24627674D+00      0.53120097D-01      0.53008743D-01     -0.41478384D-05
       0.56159674D-04      0.29778975D-03     -0.57198557D-04      0.54933841D+00      0.20841565D-04
      -0.11251096D-03      0.13878772D-03     -0.52182643D-04     -0.41000524D+00      0.22084774D-04
      -0.12014381D-03      0.16645228D-03      0.12411447D-03     -0.40999200D+00      0.38350261D-02
      -0.20766112D-01     -0.13712241D-01      0.93511464D-05      0.56221762D+00      0.22865666D-03
      -0.16642217D-02     -0.43119958D-02      0.72538892D-02     -0.51164082D+00      0.11400550D-02
      -0.56079826D-02      0.19605325D-03      0.12308707D-01      0.48344592D+00      0.34569625D-02
      -0.24585036D-01      0.10115214D-01      0.53471776D-05     -0.49358146D+00      0.11526981D-02
      -0.56818572D-02      0.24305263D-03     -0.12320653D-01      0.48345543D+00      0.22997670D-03
      -0.16732395D-02     -0.43570599D-02     -0.73311812D-02     -0.51165195D+00      0.12203533D-01
       0.99111288D-02      0.99790107D-02      0.12247578D-01      0.17282688D-01     -0.11286039D+00
       0.76373625D-01      0.10559198D-03      0.14693320D+00      0.87376286D-01      0.87229936D-01
      -0.35669712D-02      0.22196983D-01     -0.14038897D-01      0.30536184D-04     -0.22597135D+00
       0.53693535D-03     -0.32127593D-02      0.81595118D-02      0.34427989D-02      0.11382119D+00
       0.53528508D-03     -0.32019770D-02      0.81407130D-02     -0.34519993D-02      0.11381580D+00
       0.12008255D+00     -0.66062763D+00     -0.67184810D+00      0.32786321D-05     -0.15831720D-01
       0.34316393D-02     -0.32326780D-01     -0.13323624D+00      0.21667525D+00      0.16704662D-01
       0.41124692D-01     -0.23614109D+00     -0.94222083D-01      0.13647289D+00     -0.17638445D-01
       0.20713050D-01     -0.12440503D+00      0.64601837D-02      0.13409970D-04      0.25051520D-01
       0.41130558D-01     -0.23616662D+00     -0.94237503D-01     -0.13648322D+00     -0.17681674D-01
       0.34257014D-02     -0.32302813D-01     -0.13320478D+00     -0.21670433D+00      0.16781042D-01
       0.35191446D+00      0.23338234D+00      0.23340485D+00      0.35190688D+00     -0.30331506D-03
      -0.62726777D-03      0.82741559D-01     -0.14874479D-04     -0.16316224D-01      0.31838331D-01
       0.31851285D-01     -0.13628795D+00      0.85679020D+00     -0.50610065D+00     -0.38340419D-04
       0.70432650D-02      0.20644389D-01     -0.12566976D+00      0.28052802D+00      0.14730511D+00
      -0.32746123D-02      0.20650208D-01     -0.12570513D+00      0.28058414D+00     -0.14735296D+00
      -0.33080058D-02     -0.14353431D-01      0.73680574D-01      0.12826772D+00      0.28938444D-04
       0.16667552D-01      0.44507415D-01     -0.26143917D+00      0.10968648D+00      0.87586053D-01
      -0.19621713D-01     -0.47559633D-02      0.16439181D-01      0.18423445D+00      0.14732497D+00
       0.28963082D-01      0.79645885D-01     -0.44728521D+00      0.50664621D+00      0.45550703D-04
      -0.45083716D-01     -0.47507569D-02      0.16406590D-01      0.18432026D+00     -0.14732035D+00
       0.28904516D-01      0.44514598D-01     -0.26148295D+00      0.10972456D+00     -0.87528499D-01
      -0.19586441D-01      0.17004232D+00      0.28425311D+00      0.28429767D+00      0.16999885D+00
      -0.18388446D+00      0.12331784D+01      0.56115658D-01      0.13333888D-03      0.23559906D+00
      -0.66167903D+00     -0.66177151D+00      0.21181659D-01     -0.13453603D+00      0.77183583D-01
       0.16962048D-04     -0.52998288D-02     -0.18307303D-02      0.13024036D-01     -0.27825736D-01
      -0.30693025D-01      0.22406982D-02     -0.18328763D-02      0.13038363D-01     -0.27845371D-01
       0.30714920D-01      0.22433275D-02      0.26881051D-04     -0.15161371D-03     -0.33878015D-04
       0.26456219D+00      0.52461459D-05      0.29569639D-01     -0.17736464D+00     -0.23684266D-02
       0.36876926D+00      0.35034095D-02     -0.15569201D-01      0.89527157D-01      0.16973180D-01
       0.48554988D+00     -0.80746446D-02      0.18043439D-04     -0.96927032D-04     -0.19376059D-03
       0.46846305D+00      0.22586012D-04      0.15508643D-01     -0.89175982D-01     -0.17339812D-01
       0.48562323D+00      0.80889213D-02     -0.29614742D-01      0.17763677D+00      0.23348383D-02
       0.36872000D+00     -0.35780829D-02      0.44799489D+00      0.37756136D+00     -0.37798100D+00
      -0.44808636D+00     -0.15465151D-04      0.10760626D-03     -0.21149327D-03      0.49265132D+00
      -0.17693231D-03      0.46067723D+00     -0.46099192D+00     -0.14877612D-04      0.96860114D-04
      -0.59073532D-04      0.79624588D-01      0.13619514D-04      0.42412009D-02     -0.31303318D-01
       0.41198199D-01      0.60974612D-01      0.27025305D-04     -0.42365508D-02      0.31273446D-01
      -0.41137254D-01      0.60948182D-01     -0.27202571D-04     -0.41754277D-01      0.23922990D+00
       0.25651073D+00      0.15194384D-03     -0.15485299D-01      0.36106219D-01     -0.22393346D+00
      -0.38495401D-01      0.56092391D-01      0.18680344D-01      0.72262787D-01     -0.43534439D+00
       0.37516311D+00      0.19641892D+00     -0.37571220D-01     -0.18379968D-01      0.93310684D-01
       0.31167771D+00      0.17488737D-03      0.83104361D-01      0.72258897D-01     -0.43531280D+00
       0.37521592D+00     -0.19613094D+00     -0.37602499D-01      0.36102152D-01     -0.22390700D+00
      -0.38420495D-01     -0.55698855D-01      0.18697671D-01      0.16815506D+00      0.55131533D+00
       0.55103537D+00      0.16775250D+00      0.63788871D-01     -0.45225263D+00      0.57191819D+00
       0.10408197D-03     -0.16137832D+00      0.50832996D+00      0.50803661D+00      0.49266309D-01
      -0.31855834D+00      0.13295694D+00      0.82747854D-04      0.38907590D-02     -0.81753178D-02
       0.53108841D-01     -0.73979533D-01     -0.81088388D-01     -0.15435532D-02     -0.81855588D-02
       0.53178946D-01     -0.74069635D-01      0.81193395D-01     -0.15298584D-02     -0.49931074D-03
       0.29972434D-02     -0.59276572D-03     -0.33820817D+00     -0.17722174D-05      0.46571472D-01
      -0.28065697D+00      0.18084101D+00     -0.30604377D+00      0.32098932D-02     -0.10764837D+00
       0.67265771D+00     -0.73622019D-01     -0.12991566D+00     -0.97041744D-02     -0.32550814D-04
       0.22547451D-03     -0.60335358D-03      0.29609410D+00      0.62105070D-04      0.10743252D+00
      -0.67142380D+00      0.73394736D-01     -0.12922211D+00      0.96004248D-02     -0.45701728D-01
       0.27536872D+00     -0.18356492D+00     -0.30610298D+00     -0.31164551D-02     -0.18130856D+00
      -0.50257680D+00      0.50109207D+00      0.18539490D+00      0.59714724D-04     -0.40628893D-03
      -0.44339539D-03      0.62837570D+00     -0.29144074D-03      0.56849588D+00     -0.56845261D+00
       0.12173190D-03     -0.79194380D-03      0.37728780D-03     -0.17740779D+00     -0.26064695D-04
      -0.12489947D-01      0.84472854D-01     -0.10429543D+00     -0.93982603D-01      0.88869604D-04
       0.12457956D-01     -0.84253844D-01      0.10393912D+00     -0.93587299D-01     -0.98626064D-04
      -0.13962123D+00      0.83502438D+00     -0.12313404D+00      0.92435071D-03     -0.78804814D-03
       0.13420072D+00     -0.81336640D+00     -0.38408345D+00      0.71833688D-01      0.23705112D-02
      -0.62878521D-01      0.37011846D+00     -0.97277583D-01     -0.42939479D-01     -0.29713342D-02
       0.41398819D-01     -0.24615601D+00     -0.21363894D+00     -0.91668645D-03      0.28503166D-02
      -0.63520242D-01      0.37413595D+00     -0.97857806D-01      0.43744013D-01     -0.30167214D-02
       0.13443751D+00     -0.81479352D+00     -0.38294751D+00     -0.69984523D-01      0.24253985D-02
       0.66768753D+00     -0.29888343D+00     -0.30195887D+00      0.66644475D+00      0.14324486D-01
      -0.10213513D+00     -0.57699133D-02     -0.19991352D-02     -0.19652557D-01      0.52577705D-01
       0.56164615D-01      0.40355465D-01     -0.26196203D+00      0.10686591D+00      0.53337006D-03
       0.56795420D-04     -0.55565313D-02      0.38156791D-01     -0.53249208D-01     -0.74791404D-01
      -0.34737287D-04     -0.56293566D-02      0.38651285D-01     -0.53853184D-01      0.75365779D-01
      -0.25319275D-04     -0.78491312D-01      0.49626668D+00     -0.25669982D+00      0.21345049D-03
       0.89199084D-02      0.20111125D-01     -0.13505071D+00     -0.28411935D+00     -0.20520796D+00
      -0.10665018D-01      0.11407683D+00     -0.70775775D+00      0.20477971D+00     -0.27880305D+00
       0.27865464D-01     -0.20538059D+00      0.12722377D+01      0.68696909D-02     -0.18300783D-03
      -0.64035473D-01      0.11394272D+00     -0.70690485D+00      0.20455967D+00      0.27902853D+00
       0.27831489D-01      0.20136175D-01     -0.13520040D+00     -0.28386295D+00      0.20577190D+00
      -0.10668247D-01      0.20687922D-01      0.23316276D+00      0.23239437D+00      0.20190402D-01
       0.12903971D-01     -0.60406237D-01     -0.65630563D+00     -0.47772731D-03      0.75729983D-01
      -0.27153387D+00     -0.27063922D+00      0.14277994D-03      0.42192110D-03      0.92006476D-02
       0.14340974D-03     -0.20716169D-02     -0.69337368D-03      0.27576266D-02     -0.11129628D-01
       0.69898299D-02      0.74529864D-03     -0.71189320D-03      0.28857196D-02     -0.11278494D-01
      -0.68340064D-02      0.74665062D-03      0.12169860D-04     -0.77734735D-04      0.49958887D-04
      -0.46026260D+00      0.38006782D-04      0.13792330D+00     -0.88041327D+00     -0.45693048D-01
       0.18413010D+00     -0.17829430D-02     -0.73215151D-01      0.45319854D+00      0.24847318D+00
      -0.63966160D-01      0.22262038D-02      0.24474885D-04     -0.15387023D-03      0.13350824D-03
       0.16618005D+00     -0.31191665D-04      0.73198946D-01     -0.45308816D+00     -0.24845410D+00
      -0.64012203D-01     -0.21860232D-02     -0.13795222D+00      0.88060247D+00      0.45888552D-01
       0.18419504D+00      0.17301051D-02      0.56888637D+00     -0.14941944D+00      0.14941767D+00
      -0.56913986D+00     -0.10833368D-04      0.71982093D-04      0.16331391D-03     -0.47632195D+00
       0.14588445D-03     -0.35523512D+00      0.35531812D+00     -0.20561629D-04      0.13056902D-03
       0.13503673D-03     -0.30957905D+00     -0.47058753D-04     -0.23810581D-01      0.15803618D+00
      -0.18105795D+00     -0.13195964D+00      0.63471890D-04      0.23832042D-01     -0.15817520D+00
       0.18109362D+00     -0.13218992D+00     -0.84441947D-04     -0.52194124D-01      0.33630161D+00
      -0.35776093D-01     -0.16266493D-03     -0.10450391D-02      0.32842529D-01     -0.21241494D+00
       0.93005961D-01     -0.12314349D+00      0.14404647D-02     -0.16724852D-01      0.10751219D+00
       0.12883158D+00     -0.14126040D+00     -0.56491599D-02     -0.48039547D-02      0.40226023D-01
       0.24035052D+00     -0.34430141D-03      0.16068908D-01     -0.16902998D-01      0.10866812D+00
       0.12857097D+00      0.14177042D+00     -0.56472522D-02      0.32886027D-01     -0.21267439D+00
       0.93355832D-01      0.12264117D+00      0.14206460D-02     -0.40873152D-01     -0.10055659D+00
      -0.10151469D+00     -0.40513813D-01     -0.49059067D-02      0.30207977D-01      0.18799109D+00
       0.27519203D-03     -0.17792821D-01      0.77824800D-01      0.77462481D-01     -0.12834824D+00
       0.86271090D+00      0.80956989D+00     -0.61168694D-03     -0.24694850D-03      0.67859615D-01
      -0.46020192D+00      0.13418265D+00      0.67738511D+00     -0.14381809D-04      0.67932459D-01
      -0.46069823D+00      0.13470911D+00     -0.67793698D+00     -0.14285192D-03     -0.29747957D-04
       0.20174460D-03      0.23006616D-04      0.40408328D+00     -0.37098190D-04     -0.14591410D-01
       0.11060310D+00      0.16845122D+00      0.36529798D+00     -0.32249278D-03     -0.76847598D-01
       0.50811086D+00     -0.25485959D+00     -0.28114928D+00     -0.16123179D-03     -0.39316168D-05
       0.32631012D-04      0.55996056D-04      0.36436355D+00     -0.15216590D-05      0.76799878D-01
      -0.50779459D+00      0.25500729D+00     -0.28093669D+00      0.13911864D-03      0.14639763D-01
      -0.11092055D+00     -0.16830871D+00      0.36535127D+00      0.31277898D-03      0.15759430D+00
      -0.49932764D+00      0.49905900D+00     -0.15758858D+00      0.32178305D-05     -0.24853021D-04
       0.61241724D-04     -0.23168623D+00      0.41905367D-04     -0.14277059D+00      0.14286735D+00
      -0.12176359D-03      0.83389468D-03      0.74032426D-03      0.69621369D+00      0.80043824D-04
       0.44117774D-01     -0.30806222D+00      0.30811118D+00      0.32335407D+00     -0.99474943D-04
      -0.43989004D-01      0.30717556D+00     -0.30782909D+00      0.32211132D+00      0.14967664D-03
      -0.44333867D-01      0.31191592D+00     -0.68546855D+00     -0.24600179D-05     -0.10035421D-02
       0.34611766D-01     -0.22974440D+00      0.11845407D+00     -0.38815454D+00      0.35743189D-02
      -0.10178305D-01      0.66903954D-01      0.45151315D-01     -0.42339077D+00     -0.11707115D-01
      -0.26485737D-02      0.44041354D-01      0.82426208D+00     -0.77791165D-04      0.40490185D-01
      -0.10180871D-01      0.66910649D-01      0.44981149D-01      0.42338307D+00     -0.11693326D-01
       0.34591406D-01     -0.22961238D+00      0.11837449D+00      0.38827249D+00      0.35261799D-02
      -0.20192814D+00     -0.30199887D+00     -0.30206521D+00     -0.20203696D+00     -0.34931804D-01
       0.24077035D+00      0.55526144D+00      0.46115829D-04     -0.24813996D-01      0.14999284D+00
       0.14991357D+00      0.54329252D-02     -0.33536649D-01     -0.44480341D+00      0.29145593D-03
       0.82454975D-03     -0.19786296D-01      0.13573126D+00     -0.21523436D-02     -0.19175923D+00
      -0.20297619D-03     -0.19820791D-01      0.13596998D+00     -0.23889188D-02      0.19200810D+00
      -0.16378481D-03      0.13734108D-03     -0.95139142D-03      0.86003812D-04     -0.12389617D+00
       0.12243938D-04     -0.96348003D-02      0.68459702D-01     -0.59735298D+00      0.34528420D+00
       0.26010695D-02      0.73029445D-01     -0.50909880D+00     -0.29737571D+00     -0.49553177D+00
      -0.31084556D-04     -0.13859752D-03      0.94601409D-03     -0.26891060D-03     -0.56765247D+00
       0.15026741D-04     -0.73212674D-01      0.51037501D+00      0.29914505D+00     -0.49433382D+00
       0.16234838D-05      0.97929557D-02     -0.69549049D-01      0.59911091D+00      0.34388964D+00
      -0.26593615D-02      0.42062439D+00     -0.25845135D+00      0.25783213D+00     -0.41996172D+00
       0.58068241D-04     -0.41301880D-03     -0.37899049D-03      0.44346609D+00     -0.14124047D-03
       0.29168423D+00     -0.29159653D+00     -0.79065129D-06      0.38982428D-05     -0.30849312D-03
      -0.11740885D+00     -0.11619205D-04     -0.79619240D-02      0.55451190D-01     -0.48976108D-01
      -0.45166239D-01      0.21538443D-04      0.79465560D-02     -0.55324871D-01      0.49052066D-01
      -0.44889270D-01     -0.32708177D-04      0.88198477D-01     -0.61721491D+00      0.83925242D-01
       0.22111149D-03      0.83295556D-03      0.52262819D-01     -0.36778514D+00      0.58434972D+00
       0.47075464D+00     -0.31782236D-02     -0.55913679D-01      0.39225865D+00      0.59870582D+00
      -0.38413207D+00      0.43971267D-03     -0.89684347D-01      0.61727098D+00     -0.11584686D+00
       0.90919079D-03     -0.91567526D-02     -0.55683894D-01      0.39063221D+00      0.59779280D+00
       0.38571585D+00      0.41706623D-03      0.52232553D-01     -0.36755668D+00      0.58250518D+00
      -0.47175922D+00     -0.31530692D-02      0.22218455D+00     -0.17602385D+00     -0.17685140D+00
       0.22347166D+00      0.33922392D-01     -0.24136729D+00     -0.20818735D+00     -0.70639306D-03
      -0.16785654D-01      0.33626889D-01      0.34548626D-01     -0.46800497D-02      0.32638075D-01
      -0.15399602D+00      0.73763401D-04     -0.22847786D-04     -0.20772208D-02      0.19995984D-01
       0.28309480D-01     -0.59766554D-01      0.38972988D-05     -0.20881326D-02      0.20070103D-01
       0.28246136D-01      0.59810421D-01      0.90305875D-05      0.27762750D-04     -0.20179775D-03
       0.16499710D-03     -0.59579943D+00     -0.23639071D-05      0.79463689D-01     -0.56734288D+00
       0.72400315D-01     -0.18517626D+00     -0.64107173D-03      0.19703094D-01     -0.14275406D+00
       0.53875319D+00     -0.91406135D-01     -0.11662358D-02      0.66420305D-06     -0.13165748D-04
      -0.13730829D-03     -0.61528361D+00      0.98284744D-05     -0.19707412D-01      0.14279562D+00
      -0.53865309D+00     -0.91563394D-01      0.11768055D-02     -0.79481392D-01      0.56746016D+00
      -0.72274865D-01     -0.18545678D+00      0.67731231D-03      0.57961397D-01      0.16691841D+00
      -0.16675483D+00     -0.57885305D-01      0.54581778D-05     -0.39836888D-04     -0.87328631D-04
       0.27313755D+00     -0.60007974D-04      0.16954960D+00     -0.16960183D+00     -0.19956697D-04
       0.15017331D-03      0.16097842D-03      0.80547577D+00      0.66871680D-04      0.46272531D-01
      -0.33235754D+00      0.28551596D+00      0.33517201D+00     -0.65817055D-04     -0.46247238D-01
       0.33216846D+00     -0.28545443D+00      0.33495231D+00      0.13368123D-03      0.38236255D-04
      -0.26760606D-03      0.40759627D-03      0.83619861D+00     -0.27340240D-04     -0.63728368D-02
       0.44181843D-01      0.64115918D+00      0.39780146D+00     -0.22918912D-02     -0.98210497D-02
       0.79651520D-01      0.56899996D+00     -0.34933485D+00     -0.14907482D-02     -0.23224523D-04
       0.16796675D-03      0.42855482D-03     -0.63424216D+00      0.17589994D-04      0.99022869D-02
      -0.80226747D-01     -0.56952139D+00     -0.34870845D+00      0.15131197D-02      0.62878967D-02
      -0.43585996D-01     -0.64169375D+00      0.39707454D+00      0.22856117D-02     -0.93125092D-03
      -0.42983726D-01      0.42689033D-01      0.12689073D-02     -0.18448001D-04      0.13931610D-03
       0.15881847D-03      0.21421425D+00     -0.39715769D-04      0.12702115D+00     -0.12700460D+00
       0.16120598D-04     -0.12221843D-03      0.77772123D-04     -0.38397625D+00     -0.23313740D-04
      -0.20943348D-01      0.15225888D+00     -0.11987922D+00     -0.14187701D+00      0.16603813D-04
       0.20940999D-01     -0.15223576D+00      0.11984253D+00     -0.14185566D+00     -0.51496795D-04
       0.66456155D-01     -0.49489845D+00      0.62001330D+00     -0.56569224D-03     -0.16662272D-02
      -0.68497830D-01      0.50471021D+00     -0.37768155D+00      0.55930810D+00      0.19640373D-02
       0.64207775D-01     -0.47268493D+00     -0.39103854D+00     -0.54582230D+00     -0.16842471D-03
      -0.46201702D-01      0.34657118D+00      0.69363886D+00      0.38653155D-03      0.13576906D-01
       0.64194039D-01     -0.47257279D+00     -0.39026874D+00      0.54620027D+00     -0.16086461D-03
      -0.68503562D-01      0.50474524D+00     -0.37680136D+00     -0.55987696D+00      0.20170382D-02
       0.25431108D+00     -0.26211009D+00     -0.26209995D+00      0.25433929D+00     -0.26025564D-01
       0.20018378D+00      0.24634130D+00     -0.11653665D-03      0.57056772D-02      0.25297329D-01
       0.25430277D-01      0.15166696D-01     -0.11241175D+00      0.15608151D+00      0.21389622D-03
      -0.74298738D-04      0.22811794D-02     -0.16743854D-01     -0.14735122D-01      0.19010629D-01
       0.26477304D-05      0.22581964D-02     -0.16575054D-01     -0.14862526D-01     -0.18853284D-01
      -0.28246207D-05
