#  MO coefficient (i_MO, j_AO, M_ij)    
MO:1   -18.51557
1    1    0.00000 
1    2    0.00028 
1    3    -0.00002 
1    4    0.00004 
1    5    -0.00000 
1    6    0.00001 
1    7    0.00003 
1    8    0.00015 
1    9    -0.00012 
1    10    -0.00000 
1    11    0.00000 
1    12    -0.00006 
1    13    0.00004 
1    14    0.00001 
1    15    -0.00000 
1    16    -0.00000 
1    17    0.00000 
1    18    -0.00001 
1    19    -0.00000 
1    20    0.00000 
1    21    0.00000 
1    22    -0.00007 
1    23    0.00005 
1    24    -0.00001 
1    25    -0.00000 
1    26    0.00000 
1    27    0.00004 
1    28    0.00017 
1    29    0.00015 
1    30    -0.00000 
1    31    -0.00027 
1    32    0.00001 
1    33    0.00001 
1    34    -0.00035 
1    35    -0.00000 
1    36    0.00000 
1    37    -0.00000 
1    38    -0.00000 
1    39    -0.00000 
1    40    -0.00000 
1    41    -0.00000 
1    42    0.00082 
1    43    -0.01118 
1    44    0.00484 
1    45    -0.00108 
1    46    -0.00000 
1    47    0.78729 
1    48    0.02294 
1    49    0.00215 
1    50    -0.00434 
1    51    -0.00000 
1    52    0.60599 
1    53    0.01775 
1    54    0.00157 
1    55    0.00346 
1    56    -0.00000 
MO:2   -18.51550
2    1    0.00000 
2    2    0.00004 
2    3    -0.00000 
2    4    -0.00031 
2    5    -0.00000 
2    6    -0.00001 
2    7    0.00007 
2    8    0.00008 
2    9    -0.00015 
2    10    -0.00000 
2    11    0.00000 
2    12    -0.00005 
2    13    0.00003 
2    14    0.00001 
2    15    -0.00000 
2    16    -0.00000 
2    17    0.00000 
2    18    -0.00000 
2    19    0.00000 
2    20    0.00000 
2    21    -0.00000 
2    22    0.00003 
2    23    -0.00002 
2    24    0.00001 
2    25    0.00000 
2    26    0.00001 
2    27    -0.00006 
2    28    -0.00004 
2    29    -0.00012 
2    30    0.00000 
2    31    -0.00033 
2    32    0.00001 
2    33    -0.00001 
2    34    0.00025 
2    35    -0.00000 
2    36    0.00000 
2    37    -0.00000 
2    38    0.00000 
2    39    -0.00000 
2    40    -0.00000 
2    41    0.00000 
2    42    0.00011 
2    43    -0.00145 
2    44    0.00063 
2    45    0.00828 
2    46    -0.00000 
2    47    -0.60602 
2    48    -0.01730 
2    49    -0.00198 
2    50    0.00288 
2    51    0.00000 
2    52    0.78731 
2    53    0.02259 
2    54    0.00246 
2    55    0.00389 
2    56    -0.00000 
MO:3   -14.08738
3    1    0.00062 
3    2    -0.00634 
3    3    0.00571 
3    4    0.00000 
3    5    -0.00001 
3    6    -0.00001 
3    7    0.00029 
3    8    -0.00039 
3    9    -0.00010 
3    10    0.00000 
3    11    0.00001 
3    12    0.00000 
3    13    0.00001 
3    14    -0.00007 
3    15    0.00000 
3    16    0.00000 
3    17    0.00001 
3    18    0.00004 
3    19    0.00000 
3    20    0.00000 
3    21    0.00001 
3    22    0.00000 
3    23    0.00001 
3    24    0.00007 
3    25    0.00000 
3    26    -0.00001 
3    27    0.00029 
3    28    -0.00039 
3    29    0.00010 
3    30    0.00000 
3    31    -0.00021 
3    32    -0.00002 
3    33    -0.00002 
3    34    -0.00021 
3    35    -0.00001 
3    36    -0.00002 
3    37    0.00001 
3    38    -0.00000 
3    39    0.00000 
3    40    0.00000 
3    41    0.00000 
3    42    0.99228 
3    43    0.03679 
3    44    -0.00121 
3    45    0.00000 
3    46    -0.00000 
3    47    0.00083 
3    48    -0.00752 
3    49    -0.00207 
3    50    0.00425 
3    51    0.00000 
3    52    0.00083 
3    53    -0.00752 
3    54    -0.00207 
3    55    -0.00425 
3    56    0.00000 
MO:4   -13.88513
4    1    0.00000 
4    2    0.00000 
4    3    -0.00005 
4    4    -0.00000 
4    5    -0.00000 
4    6    0.00000 
4    7    0.00003 
4    8    0.00001 
4    9    -0.00007 
4    10    0.00001 
4    11    -0.00002 
4    12    0.00036 
4    13    0.00053 
4    14    -0.00001 
4    15    -0.00002 
4    16    0.00062 
4    17    -0.00772 
4    18    -0.00645 
4    19    0.00000 
4    20    -0.00016 
4    21    -0.00002 
4    22    0.00036 
4    23    0.00053 
4    24    0.00001 
4    25    -0.00002 
4    26    0.00000 
4    27    0.00003 
4    28    0.00001 
4    29    0.00007 
4    30    0.00001 
4    31    -0.00002 
4    32    0.00003 
4    33    0.00003 
4    34    -0.00002 
4    35    0.99203 
4    36    0.03935 
4    37    -0.00070 
4    38    0.00000 
4    39    -0.00248 
4    40    -0.00881 
4    41    -0.00881 
4    42    0.00001 
4    43    -0.00001 
4    44    -0.00001 
4    45    -0.00000 
4    46    -0.00000 
4    47    -0.00000 
4    48    0.00000 
4    49    0.00000 
4    50    0.00000 
4    51    -0.00000 
4    52    -0.00000 
4    53    0.00000 
4    54    0.00000 
4    55    -0.00000 
4    56    -0.00000 
MO:5   -9.81219
5    1    -0.00063 
5    2    -0.00021 
5    3    -0.00023 
5    4    -0.00000 
5    5    -0.00000 
5    6    -0.00016 
5    7    0.00042 
5    8    0.00014 
5    9    0.00014 
5    10    -0.00000 
5    11    -0.00684 
5    12    -0.00987 
5    13    -0.00340 
5    14    -0.00563 
5    15    -0.00005 
5    16    0.99026 
5    17    0.04524 
5    18    -0.00057 
5    19    0.00000 
5    20    0.00023 
5    21    -0.00684 
5    22    -0.00987 
5    23    -0.00340 
5    24    0.00563 
5    25    -0.00005 
5    26    -0.00016 
5    27    0.00042 
5    28    0.00014 
5    29    -0.00014 
5    30    -0.00000 
5    31    -0.00008 
5    32    0.00021 
5    33    0.00021 
5    34    -0.00008 
5    35    0.00080 
5    36    -0.00805 
5    37    0.00559 
5    38    -0.00000 
5    39    0.00015 
5    40    -0.00046 
5    41    -0.00046 
5    42    0.00001 
5    43    -0.00004 
5    44    -0.00003 
5    45    -0.00000 
5    46    0.00000 
5    47    -0.00000 
5    48    0.00000 
5    49    0.00000 
5    50    0.00000 
5    51    -0.00000 
5    52    -0.00000 
5    53    0.00000 
5    54    0.00000 
5    55    -0.00000 
5    56    -0.00000 
MO:6   -9.76976
6    1    0.98900 
6    2    0.04547 
6    3    0.00194 
6    4    0.00000 
6    5    -0.00001 
6    6    -0.03452 
6    7    -0.01150 
6    8    0.00323 
6    9    -0.00591 
6    10    -0.00001 
6    11    -0.00019 
6    12    0.00072 
6    13    -0.00035 
6    14    0.00007 
6    15    0.00000 
6    16    0.00068 
6    17    -0.00013 
6    18    0.00026 
6    19    0.00000 
6    20    0.00000 
6    21    -0.00019 
6    22    0.00072 
6    23    -0.00035 
6    24    -0.00007 
6    25    0.00000 
6    26    -0.03452 
6    27    -0.01150 
6    28    0.00323 
6    29    0.00591 
6    30    -0.00001 
6    31    0.00044 
6    32    -0.00011 
6    33    -0.00011 
6    34    0.00044 
6    35    0.00001 
6    36    -0.00007 
6    37    0.00005 
6    38    -0.00000 
6    39    0.00000 
6    40    0.00000 
6    41    0.00000 
6    42    0.00093 
6    43    -0.00736 
6    44    -0.00509 
6    45    -0.00000 
6    46    0.00001 
6    47    0.00002 
6    48    0.00010 
6    49    0.00004 
6    50    -0.00012 
6    51    -0.00000 
6    52    0.00002 
6    53    0.00010 
6    54    0.00004 
6    55    0.00012 
6    56    -0.00000 
MO:7   -9.75652
7    1    0.00064 
7    2    -0.00015 
7    3    -0.00006 
7    4    -0.00813 
7    5    -0.00000 
7    6    -0.69053 
7    7    -0.03224 
7    8    -0.00098 
7    9    -0.00094 
7    10    0.00001 
7    11    0.03130 
7    12    0.00851 
7    13    -0.00469 
7    14    0.00000 
7    15    0.00002 
7    16    -0.00000 
7    17    0.00002 
7    18    -0.00001 
7    19    0.00049 
7    20    0.00000 
7    21    -0.03222 
7    22    -0.00874 
7    23    0.00482 
7    24    0.00001 
7    25    -0.00002 
7    26    0.70822 
7    27    0.03307 
7    28    0.00101 
7    29    -0.00096 
7    30    -0.00001 
7    31    0.00650 
7    32    -0.00048 
7    33    0.00049 
7    34    -0.00667 
7    35    0.00000 
7    36    -0.00000 
7    37    0.00000 
7    38    -0.00008 
7    39    0.00000 
7    40    0.00002 
7    41    -0.00002 
7    42    0.00000 
7    43    0.00000 
7    44    0.00000 
7    45    0.00012 
7    46    0.00000 
7    47    -0.00001 
7    48    0.00006 
7    49    0.00001 
7    50    0.00003 
7    51    0.00000 
7    52    0.00001 
7    53    -0.00006 
7    54    -0.00001 
7    55    0.00003 
7    56    -0.00000 
MO:8   -9.75647
8    1    0.05093 
8    2    -0.01177 
8    3    -0.00475 
8    4    0.00010 
8    5    0.00001 
8    6    0.70713 
8    7    0.03313 
8    8    0.00123 
8    9    0.00088 
8    10    -0.00002 
8    11    -0.03746 
8    12    -0.00920 
8    13    0.00499 
8    14    -0.00032 
8    15    -0.00002 
8    16    -0.00036 
8    17    0.00127 
8    18    -0.00041 
8    19    -0.00001 
8    20    0.00000 
8    21    -0.03664 
8    22    -0.00898 
8    23    0.00487 
8    24    0.00032 
8    25    -0.00002 
8    26    0.68942 
8    27    0.03230 
8    28    0.00120 
8    29    -0.00086 
8    30    -0.00001 
8    31    -0.00677 
8    32    0.00045 
8    33    0.00044 
8    34    -0.00661 
8    35    0.00002 
8    36    -0.00014 
8    37    0.00011 
8    38    0.00000 
8    39    0.00000 
8    40    -0.00002 
8    41    -0.00002 
8    42    0.00002 
8    43    0.00013 
8    44    0.00000 
8    45    -0.00000 
8    46    -0.00000 
8    47    0.00001 
8    48    -0.00003 
8    49    -0.00008 
8    50    0.00003 
8    51    0.00000 
8    52    0.00001 
8    53    -0.00003 
8    54    -0.00008 
8    55    -0.00003 
8    56    0.00000 
MO:9   -9.74797
9    1    0.00013 
9    2    -0.00000 
9    3    -0.00001 
9    4    0.00024 
9    5    0.00000 
9    6    0.03437 
9    7    -0.00588 
9    8    -0.00487 
9    9    0.00007 
9    10    0.00002 
9    11    0.72833 
9    12    0.03327 
9    13    -0.00061 
9    14    0.00083 
9    15    0.00003 
9    16    0.00050 
9    17    -0.00055 
9    18    0.00020 
9    19    0.00798 
9    20    0.00000 
9    21    -0.66937 
9    22    -0.03055 
9    23    0.00056 
9    24    0.00075 
9    25    -0.00002 
9    26    -0.03113 
9    27    0.00541 
9    28    0.00447 
9    29    0.00009 
9    30    -0.00002 
9    31    -0.00013 
9    32    -0.00690 
9    33    0.00633 
9    34    0.00010 
9    35    -0.00000 
9    36    0.00002 
9    37    -0.00001 
9    38    -0.00027 
9    39    -0.00000 
9    40    -0.00010 
9    41    0.00008 
9    42    0.00000 
9    43    -0.00000 
9    44    -0.00000 
9    45    0.00006 
9    46    -0.00000 
9    47    -0.00000 
9    48    0.00000 
9    49    0.00002 
9    50    0.00002 
9    51    -0.00000 
9    52    0.00000 
9    53    -0.00000 
9    54    -0.00002 
9    55    0.00002 
9    56    0.00000 
MO:10   -9.74791
10    1    0.00302 
10    2    -0.00009 
10    3    -0.00014 
10    4    -0.00001 
10    5    0.00000 
10    6    0.03670 
10    7    -0.00535 
10    8    -0.00463 
10    9    -0.00023 
10    10    0.00002 
10    11    0.66910 
10    12    0.03088 
10    13    -0.00051 
10    14    0.00082 
10    15    0.00003 
10    16    0.01190 
10    17    -0.01315 
10    18    0.00484 
10    19    -0.00034 
10    20    0.00001 
10    21    0.72808 
10    22    0.03358 
10    23    -0.00056 
10    24    -0.00089 
10    25    0.00003 
10    26    0.03945 
10    27    -0.00583 
10    28    -0.00503 
10    29    0.00022 
10    30    0.00002 
10    31    -0.00027 
10    32    -0.00648 
10    33    -0.00704 
10    34    -0.00028 
10    35    -0.00003 
10    36    0.00057 
10    37    -0.00014 
10    38    0.00001 
10    39    -0.00005 
10    40    -0.00020 
10    41    -0.00021 
10    42    0.00002 
10    43    -0.00011 
10    44    -0.00009 
10    45    -0.00000 
10    46    -0.00000 
10    47    0.00001 
10    48    -0.00002 
10    49    -0.00003 
10    50    -0.00001 
10    51    0.00000 
10    52    0.00000 
10    53    -0.00002 
10    54    -0.00002 
10    55    0.00001 
10    56    0.00000 
MO:11   -1.06241
11    1    -0.02567 
11    2    0.04988 
11    3    -0.03209 
11    4    -0.00000 
11    5    0.00001 
11    6    -0.00429 
11    7    0.01010 
11    8    -0.00483 
11    9    0.00469 
11    10    0.00000 
11    11    -0.00044 
11    12    0.00114 
11    13    -0.00077 
11    14    0.00007 
11    15    0.00000 
11    16    -0.00019 
11    17    0.00046 
11    18    -0.00023 
11    19    0.00000 
11    20    -0.00000 
11    21    -0.00044 
11    22    0.00114 
11    23    -0.00077 
11    24    -0.00007 
11    25    0.00000 
11    26    -0.00429 
11    27    0.01010 
11    28    -0.00483 
11    29    -0.00469 
11    30    0.00000 
11    31    0.00251 
11    32    0.00007 
11    33    0.00007 
11    34    0.00251 
11    35    -0.00003 
11    36    0.00008 
11    37    -0.00004 
11    38    0.00000 
11    39    -0.00001 
11    40    0.00001 
11    41    0.00001 
11    42    -0.18278 
11    43    0.54360 
11    44    -0.10371 
11    45    0.00004 
11    46    -0.00007 
11    47    -0.11268 
11    48    0.34795 
11    49    0.07222 
11    50    -0.13500 
11    51    -0.00005 
11    52    -0.11265 
11    53    0.34786 
11    54    0.07220 
11    55    0.13496 
11    56    -0.00007 
MO:12   -0.87332
12    1    -0.00000 
12    2    0.00001 
12    3    -0.00000 
12    4    -0.01861 
12    5    0.00000 
12    6    -0.00527 
12    7    0.01180 
12    8    -0.00687 
12    9    0.00116 
12    10    0.00000 
12    11    -0.00070 
12    12    0.00204 
12    13    -0.00129 
12    14    -0.00001 
12    15    0.00000 
12    16    -0.00000 
12    17    0.00000 
12    18    -0.00000 
12    19    -0.00038 
12    20    -0.00000 
12    21    0.00070 
12    22    -0.00204 
12    23    0.00129 
12    24    -0.00001 
12    25    -0.00000 
12    26    0.00527 
12    27    -0.01179 
12    28    0.00687 
12    29    0.00116 
12    30    0.00000 
12    31    0.00655 
12    32    0.00017 
12    33    -0.00017 
12    34    -0.00655 
12    35    -0.00000 
12    36    0.00000 
12    37    -0.00000 
12    38    -0.00002 
12    39    -0.00000 
12    40    0.00001 
12    41    -0.00001 
12    42    -0.00002 
12    43    0.00006 
12    44    -0.00001 
12    45    -0.38509 
12    46    0.00004 
12    47    0.15129 
12    48    -0.51063 
12    49    -0.09382 
12    50    0.12897 
12    51    0.00007 
12    52    -0.15131 
12    53    0.51071 
12    54    0.09382 
12    55    0.12899 
12    56    -0.00010 
MO:13   -0.81494
13    1    -0.01184 
13    2    0.02842 
13    3    0.00878 
13    4    0.00000 
13    5    -0.00005 
13    6    -0.01543 
13    7    0.03760 
13    8    0.01262 
13    9    0.00704 
13    10    -0.00009 
13    11    -0.04017 
13    12    0.09749 
13    13    0.02174 
13    14    0.03368 
13    15    -0.00022 
13    16    -0.11775 
13    17    0.27720 
13    18    0.09046 
13    19    0.00000 
13    20    0.00042 
13    21    -0.04017 
13    22    0.09749 
13    23    0.02174 
13    24    -0.03368 
13    25    -0.00022 
13    26    -0.01543 
13    27    0.03760 
13    28    0.01262 
13    29    -0.00704 
13    30    -0.00009 
13    31    0.00490 
13    32    0.01781 
13    33    0.01781 
13    34    0.00490 
13    35    -0.20233 
13    36    0.65398 
13    37    -0.04161 
13    38    0.00002 
13    39    -0.07060 
13    40    0.12898 
13    41    0.12897 
13    42    -0.00019 
13    43    0.00110 
13    44    0.00804 
13    45    0.00000 
13    46    -0.00001 
13    47    0.00155 
13    48    -0.00535 
13    49    0.00008 
13    50    0.00185 
13    51    -0.00000 
13    52    0.00155 
13    53    -0.00535 
13    54    0.00008 
13    55    -0.00185 
13    56    -0.00000 
MO:14   -0.72677
14    1    -0.13295 
14    2    0.33623 
14    3    0.04095 
14    4    0.00001 
14    5    -0.00044 
14    6    -0.10926 
14    7    0.27426 
14    8    0.01576 
14    9    0.06456 
14    10    -0.00043 
14    11    -0.08318 
14    12    0.20670 
14    13    -0.04895 
14    14    0.03705 
14    15    -0.00001 
14    16    -0.04960 
14    17    0.13161 
14    18    -0.09821 
14    19    0.00000 
14    20    -0.00067 
14    21    -0.08318 
14    22    0.20670 
14    23    -0.04895 
14    24    -0.03705 
14    25    -0.00001 
14    26    -0.10927 
14    27    0.27427 
14    28    0.01575 
14    29    -0.06457 
14    30    -0.00043 
14    31    0.04831 
14    32    0.03524 
14    33    0.03524 
14    34    0.04832 
14    35    0.06360 
14    36    -0.21347 
14    37    -0.03585 
14    38    -0.00001 
14    39    0.02672 
14    40    -0.05692 
14    41    -0.05691 
14    42    -0.01667 
14    43    0.06377 
14    44    0.15029 
14    45    0.00000 
14    46    -0.00022 
14    47    0.02453 
14    48    -0.08905 
14    49    0.00990 
14    50    0.02711 
14    51    -0.00003 
14    52    0.02453 
14    53    -0.08905 
14    54    0.00990 
14    55    -0.02711 
14    56    -0.00002 
MO:15   -0.64584
15    1    -0.12686 
15    2    0.33987 
15    3    -0.09014 
15    4    0.00004 
15    5    -0.00010 
15    6    -0.01585 
15    7    0.04493 
15    8    -0.10419 
15    9    0.04340 
15    10    0.00027 
15    11    0.08841 
15    12    -0.23191 
15    13    -0.02997 
15    14    -0.05450 
15    15    0.00006 
15    16    0.10579 
15    17    -0.29146 
15    18    0.09387 
15    19    0.00003 
15    20    -0.00012 
15    21    0.08834 
15    22    -0.23174 
15    23    -0.03000 
15    24    0.05451 
15    25    0.00006 
15    26    -0.01592 
15    27    0.04512 
15    28    -0.10416 
15    29    -0.04339 
15    30    0.00027 
15    31    0.01583 
15    32    -0.05429 
15    33    -0.05424 
15    34    0.01587 
15    35    -0.06091 
15    36    0.21476 
15    37    0.11079 
15    38    0.00002 
15    39    -0.03327 
15    40    0.08172 
15    41    0.08172 
15    42    -0.05097 
15    43    0.19448 
15    44    0.29319 
15    45    -0.00000 
15    46    -0.00041 
15    47    0.04483 
15    48    -0.17110 
15    49    0.03360 
15    50    0.04011 
15    51    -0.00006 
15    52    0.04482 
15    53    -0.17108 
15    54    0.03360 
15    55    -0.04010 
15    56    -0.00005 
MO:16   -0.63389
16    1    0.00003 
16    2    -0.00009 
16    3    0.00003 
16    4    0.12874 
16    5    0.00000 
16    6    0.12565 
16    7    -0.33530 
16    8    -0.06811 
16    9    0.01322 
16    10    0.00068 
16    11    0.12988 
16    12    -0.34472 
16    13    0.05920 
16    14    0.01362 
16    15    0.00025 
16    16    -0.00003 
16    17    0.00008 
16    18    -0.00002 
16    19    0.14681 
16    20    0.00000 
16    21    -0.12992 
16    22    0.34483 
16    23    -0.05918 
16    24    0.01360 
16    25    -0.00025 
16    26    -0.12565 
16    27    0.33527 
16    28    0.06816 
16    29    0.01323 
16    30    -0.00068 
16    31    -0.08603 
16    32    -0.09528 
16    33    0.09530 
16    34    0.08603 
16    35    0.00002 
16    36    -0.00005 
16    37    -0.00003 
16    38    0.04855 
16    39    0.00002 
16    40    -0.02179 
16    41    0.02174 
16    42    0.00002 
16    43    -0.00006 
16    44    -0.00009 
16    45    -0.00930 
16    46    0.00001 
16    47    0.00819 
16    48    -0.03156 
16    49    0.00139 
16    50    0.00849 
16    51    -0.00001 
16    52    -0.00822 
16    53    0.03167 
16    54    -0.00142 
16    55    0.00852 
16    56    0.00001 
MO:17   -0.55367
17    1    -0.01107 
17    2    0.03416 
17    3    -0.21578 
17    4    -0.00002 
17    5    0.00061 
17    6    0.08800 
17    7    -0.24600 
17    8    -0.03681 
17    9    0.00278 
17    10    0.00067 
17    11    -0.00260 
17    12    0.01175 
17    13    0.14254 
17    14    0.07346 
17    15    0.00084 
17    16    -0.12230 
17    17    0.35767 
17    18    0.02103 
17    19    0.00002 
17    20    0.00476 
17    21    -0.00261 
17    22    0.01179 
17    23    0.14255 
17    24    -0.07347 
17    25    0.00083 
17    26    0.08801 
17    27    -0.24602 
17    28    -0.03679 
17    29    -0.00277 
17    30    0.00066 
17    31    -0.07457 
17    32    0.00277 
17    33    0.00277 
17    34    -0.07458 
17    35    0.04110 
17    36    -0.15527 
17    37    -0.23445 
17    38    0.00000 
17    39    0.03940 
17    40    -0.11390 
17    41    -0.11388 
17    42    -0.07394 
17    43    0.29402 
17    44    0.29643 
17    45    0.00000 
17    46    -0.00030 
17    47    0.04931 
17    48    -0.20017 
17    49    0.05326 
17    50    0.01862 
17    51    -0.00003 
17    52    0.04931 
17    53    -0.20017 
17    54    0.05326 
17    55    -0.01861 
17    56    -0.00003 
MO:18   -0.51686
18    1    0.00000 
18    2    -0.00000 
18    3    0.00001 
18    4    -0.20338 
18    5    -0.00001 
18    6    -0.09737 
18    7    0.28064 
18    8    -0.09347 
18    9    -0.00599 
18    10    -0.00004 
18    11    0.07595 
18    12    -0.21746 
18    13    -0.15140 
18    14    -0.00843 
18    15    0.00069 
18    16    0.00001 
18    17    -0.00002 
18    18    -0.00001 
18    19    0.25811 
18    20    0.00002 
18    21    -0.07595 
18    22    0.21746 
18    23    0.15136 
18    24    -0.00845 
18    25    -0.00069 
18    26    0.09736 
18    27    -0.28061 
18    28    0.09349 
18    29    -0.00599 
18    30    0.00003 
18    31    0.12215 
18    32    -0.11662 
18    33    0.11659 
18    34    -0.12215 
18    35    -0.00000 
18    36    0.00001 
18    37    0.00003 
18    38    0.25792 
18    39    0.00006 
18    40    -0.14102 
18    41    0.14104 
18    42    0.00000 
18    43    -0.00001 
18    44    -0.00001 
18    45    -0.00255 
18    46    -0.00002 
18    47    -0.01319 
18    48    0.05445 
18    49    -0.01119 
18    50    -0.01202 
18    51    0.00001 
18    52    0.01319 
18    53    -0.05445 
18    54    0.01119 
18    55    -0.01202 
18    56    -0.00002 
MO:19   -0.46842
19    1    0.07885 
19    2    -0.23010 
19    3    -0.22821 
19    4    -0.00002 
19    5    0.00024 
19    6    0.00363 
19    7    -0.00853 
19    8    0.10650 
19    9    -0.19512 
19    10    -0.00106 
19    11    -0.07850 
19    12    0.24112 
19    13    -0.01656 
19    14    -0.17285 
19    15    -0.00271 
19    16    0.06400 
19    17    -0.19655 
19    18    -0.06434 
19    19    0.00000 
19    20    -0.00876 
19    21    -0.07850 
19    22    0.24114 
19    23    -0.01657 
19    24    0.17286 
19    25    -0.00271 
19    26    0.00363 
19    27    -0.00852 
19    28    0.10652 
19    29    0.19515 
19    30    -0.00105 
19    31    0.05876 
19    32    0.17767 
19    33    0.17768 
19    34    0.05877 
19    35    -0.00036 
19    36    -0.00007 
19    37    0.19474 
19    38    -0.00000 
19    39    -0.02188 
19    40    0.07616 
19    41    0.07615 
19    42    -0.06231 
19    43    0.25861 
19    44    0.18169 
19    45    -0.00000 
19    46    -0.00034 
19    47    0.04049 
19    48    -0.17300 
19    49    0.05659 
19    50    -0.00831 
19    51    -0.00008 
19    52    0.04049 
19    53    -0.17300 
19    54    0.05659 
19    55    0.00831 
19    56    -0.00008 
MO:20   -0.44322
20    1    0.00000 
20    2    -0.00001 
20    3    -0.00001 
20    4    0.17936 
20    5    0.00002 
20    6    0.03642 
20    7    -0.11409 
20    8    0.15259 
20    9    -0.02257 
20    10    -0.00046 
20    11    -0.06229 
20    12    0.19565 
20    13    -0.02250 
20    14    -0.05214 
20    15    -0.00034 
20    16    0.00000 
20    17    0.00000 
20    18    0.00010 
20    19    0.03091 
20    20    0.00006 
20    21    0.06230 
20    22    -0.19568 
20    23    0.02252 
20    24    -0.05204 
20    25    0.00038 
20    26    -0.03645 
20    27    0.11418 
20    28    -0.15265 
20    29    -0.02247 
20    30    0.00048 
20    31    -0.07803 
20    32    0.09087 
20    33    -0.09083 
20    34    0.07813 
20    35    -0.00000 
20    36    0.00001 
20    37    -0.00010 
20    38    0.51371 
20    39    0.00021 
20    40    -0.32351 
20    41    0.32344 
20    42    0.00001 
20    43    -0.00003 
20    44    -0.00000 
20    45    0.01808 
20    46    0.00004 
20    47    0.01299 
20    48    -0.05626 
20    49    0.01819 
20    50    0.00618 
20    51    -0.00001 
20    52    -0.01300 
20    53    0.05631 
20    54    -0.01820 
20    55    0.00616 
20    56    0.00003 
MO:21   -0.43274
21    1    -0.00730 
21    2    0.01993 
21    3    0.01552 
21    4    0.00007 
21    5    -0.00178 
21    6    0.05178 
21    7    -0.17173 
21    8    0.10818 
21    9    0.16140 
21    10    -0.00234 
21    11    -0.02836 
21    12    0.08105 
21    13    -0.02152 
21    14    0.15578 
21    15    -0.00697 
21    16    0.01433 
21    17    -0.05656 
21    18    -0.35381 
21    19    0.00001 
21    20    -0.02575 
21    21    -0.02832 
21    22    0.08094 
21    23    -0.02151 
21    24    -0.15582 
21    25    -0.00697 
21    26    0.05175 
21    27    -0.17164 
21    28    0.10806 
21    29    -0.16143 
21    30    -0.00236 
21    31    -0.18682 
21    32    -0.05368 
21    33    -0.05375 
21    34    -0.18677 
21    35    0.00537 
21    36    -0.01644 
21    37    0.41150 
21    38    0.00014 
21    39    -0.05037 
21    40    0.14944 
21    41    0.14959 
21    42    -0.03208 
21    43    0.13839 
21    44    0.02605 
21    45    0.00001 
21    46    -0.00170 
21    47    0.02434 
21    48    -0.10833 
21    49    0.01274 
21    50    -0.03933 
21    51    -0.00059 
21    52    0.02432 
21    53    -0.10828 
21    54    0.01272 
21    55    0.03933 
21    56    -0.00059 
MO:22   -0.39009
22    1    0.00008 
22    2    -0.00031 
22    3    0.00064 
22    4    0.00000 
22    5    0.19258 
22    6    0.00008 
22    7    -0.00037 
22    8    0.00157 
22    9    0.00087 
22    10    0.06273 
22    11    -0.00020 
22    12    0.00057 
22    13    -0.00096 
22    14    0.00040 
22    15    0.02341 
22    16    0.00044 
22    17    -0.00153 
22    18    -0.00163 
22    19    0.00002 
22    20    0.01905 
22    21    -0.00021 
22    22    0.00061 
22    23    -0.00092 
22    24    -0.00040 
22    25    0.02341 
22    26    0.00010 
22    27    -0.00042 
22    28    0.00156 
22    29    -0.00089 
22    30    0.06274 
22    31    -0.00122 
22    32    -0.00026 
22    33    -0.00023 
22    34    -0.00123 
22    35    -0.00048 
22    36    0.00188 
22    37    0.00216 
22    38    -0.00004 
22    39    0.00693 
22    40    0.00066 
22    41    0.00060 
22    42    -0.00058 
22    43    0.00248 
22    44    0.00017 
22    45    0.00007 
22    46    0.73632 
22    47    0.00050 
22    48    -0.00226 
22    49    0.00047 
22    50    -0.00099 
22    51    0.30082 
22    52    0.00050 
22    53    -0.00227 
22    54    0.00048 
22    55    0.00105 
22    56    0.30078 
MO:23   -0.35911
23    1    -0.04099 
23    2    0.13920 
23    3    -0.07657 
23    4    0.00005 
23    5    -0.00082 
23    6    0.03130 
23    7    -0.10152 
23    8    -0.09317 
23    9    0.02481 
23    10    -0.00236 
23    11    -0.01859 
23    12    0.06853 
23    13    0.14135 
23    14    -0.03593 
23    15    -0.00805 
23    16    0.00006 
23    17    -0.00437 
23    18    -0.10780 
23    19    0.00006 
23    20    -0.02051 
23    21    -0.01861 
23    22    0.06857 
23    23    0.14136 
23    24    0.03581 
23    25    -0.00806 
23    26    0.03130 
23    27    -0.10152 
23    28    -0.09317 
23    29    -0.02492 
23    30    -0.00237 
23    31    -0.00590 
23    32    0.11438 
23    33    0.11431 
23    34    -0.00599 
23    35    0.01542 
23    36    -0.06716 
23    37    0.15002 
23    38    -0.00002 
23    39    -0.02123 
23    40    0.05196 
23    41    0.05192 
23    42    0.09003 
23    43    -0.39613 
23    44    0.29259 
23    45    0.00004 
23    46    0.00455 
23    47    -0.11539 
23    48    0.53075 
23    49    -0.03067 
23    50    0.29481 
23    51    0.00202 
23    52    -0.11540 
23    53    0.53081 
23    54    -0.03071 
23    55    -0.29481 
23    56    0.00208 
MO:24   -0.35095
24    1    -0.07704 
24    2    0.25976 
24    3    0.16916 
24    4    -0.00026 
24    5    0.00067 
24    6    0.02985 
24    7    -0.10715 
24    8    0.03567 
24    9    0.23129 
24    10    0.00239 
24    11    -0.02697 
24    12    0.09912 
24    13    0.09136 
24    14    -0.23997 
24    15    0.00526 
24    16    0.05857 
24    17    -0.20234 
24    18    0.20407 
24    19    -0.00024 
24    20    0.01668 
24    21    -0.02697 
24    22    0.09910 
24    23    0.09076 
24    24    0.24006 
24    25    0.00524 
24    26    0.02982 
24    27    -0.10707 
24    28    0.03624 
24    29    -0.23118 
24    30    0.00235 
24    31    -0.22954 
24    32    0.25740 
24    33    0.25721 
24    34    -0.22965 
24    35    -0.00326 
24    36    0.00893 
24    37    -0.11047 
24    38    0.00018 
24    39    0.02116 
24    40    -0.03146 
24    41    -0.03115 
24    42    0.00007 
24    43    -0.00011 
24    44    -0.13703 
24    45    -0.00012 
24    46    -0.00247 
24    47    0.01431 
24    48    -0.06852 
24    49    -0.04030 
24    50    -0.07703 
24    51    -0.00113 
24    52    0.01438 
24    53    -0.06884 
24    54    -0.04014 
24    55    0.07710 
24    56    -0.00114 
MO:25   -0.34826
25    1    -0.00005 
25    2    0.00018 
25    3    0.00014 
25    4    0.32675 
25    5    -0.00002 
25    6    -0.00449 
25    7    0.01694 
25    8    0.19045 
25    9    -0.21967 
25    10    -0.00090 
25    11    0.01662 
25    12    -0.05952 
25    13    -0.21464 
25    14    -0.18009 
25    15    0.00028 
25    16    0.00005 
25    17    -0.00016 
25    18    0.00020 
25    19    0.30853 
25    20    -0.00006 
25    21    -0.01666 
25    22    0.05967 
25    23    0.21474 
25    24    -0.17969 
25    25    -0.00035 
25    26    0.00452 
25    27    -0.01707 
25    28    -0.19038 
25    29    -0.22000 
25    30    0.00085 
25    31    0.08866 
25    32    0.02400 
25    33    -0.02362 
25    34    -0.08902 
25    35    0.00000 
25    36    -0.00000 
25    37    -0.00014 
25    38    -0.19097 
25    39    -0.00014 
25    40    0.15859 
25    41    -0.15867 
25    42    -0.00001 
25    43    0.00006 
25    44    -0.00016 
25    45    0.14104 
25    46    -0.00005 
25    47    0.03875 
25    48    -0.18020 
25    49    0.08345 
25    50    -0.05360 
25    51    -0.00004 
25    52    -0.03869 
25    53    0.17991 
25    54    -0.08349 
25    55    -0.05337 
25    56    0.00002 
MO:26   -0.33340
26    1    -0.00004 
26    2    0.00015 
26    3    0.00006 
26    4    -0.00774 
26    5    -0.00001 
26    6    -0.02468 
26    7    0.07572 
26    8    0.25592 
26    9    0.20572 
26    10    -0.00115 
26    11    -0.02072 
26    12    0.06031 
26    13    -0.25547 
26    14    0.22504 
26    15    0.00101 
26    16    0.00003 
26    17    -0.00011 
26    18    0.00013 
26    19    -0.03469 
26    20    -0.00004 
26    21    0.02069 
26    22    -0.06020 
26    23    0.25552 
26    24    0.22529 
26    25    -0.00106 
26    26    0.02472 
26    27    -0.07586 
26    28    -0.25582 
26    29    0.20545 
26    30    0.00115 
26    31    -0.21945 
26    32    -0.24984 
26    33    0.25011 
26    34    0.21915 
26    35    -0.00000 
26    36    0.00000 
26    37    -0.00008 
26    38    -0.07025 
26    39    -0.00006 
26    40    0.04450 
26    41    -0.04454 
26    42    0.00001 
26    43    -0.00005 
26    44    0.00000 
26    45    0.01874 
26    46    -0.00002 
26    47    0.00913 
26    48    -0.04107 
26    49    0.02781 
26    50    0.00837 
26    51    -0.00003 
26    52    -0.00916 
26    53    0.04117 
26    54    -0.02786 
26    55    0.00834 
26    56    0.00001 
MO:27   -0.30244
27    1    0.03145 
27    2    -0.10342 
27    3    -0.08861 
27    4    0.00005 
27    5    0.03646 
27    6    -0.00325 
27    7    -0.00044 
27    8    0.31330 
27    9    0.04403 
27    10    0.04797 
27    11    -0.01018 
27    12    0.02612 
27    13    -0.29663 
27    14    -0.01216 
27    15    0.07899 
27    16    0.03337 
27    17    -0.11300 
27    18    0.17994 
27    19    -0.00015 
27    20    0.14315 
27    21    -0.01019 
27    22    0.02616 
27    23    -0.29678 
27    24    0.01231 
27    25    0.07900 
27    26    -0.00324 
27    27    -0.00046 
27    28    0.31346 
27    29    -0.04418 
27    30    0.04794 
27    31    -0.16340 
27    32    -0.11636 
27    33    -0.11627 
27    34    -0.16361 
27    35    -0.03387 
27    36    0.15184 
27    37    -0.21047 
27    38    -0.00001 
27    39    0.11317 
27    40    -0.07368 
27    41    -0.07361 
27    42    -0.00088 
27    43    0.00951 
27    44    0.28259 
27    45    0.00028 
27    46    -0.02870 
27    47    -0.03728 
27    48    0.17593 
27    49    0.03747 
27    50    0.15091 
27    51    -0.01624 
27    52    -0.03740 
27    53    0.17650 
27    54    0.03714 
27    55    -0.15124 
27    56    -0.01620 
MO:28   -0.29719
28    1    0.00002 
28    2    -0.00006 
28    3    -0.00006 
28    4    0.00171 
28    5    0.00004 
28    6    0.00974 
28    7    -0.03928 
28    8    0.09287 
28    9    0.01267 
28    10    -0.00057 
28    11    -0.00074 
28    12    0.00426 
28    13    -0.09016 
28    14    -0.13790 
28    15    -0.00028 
28    16    0.00002 
28    17    -0.00008 
28    18    0.00014 
28    19    0.19662 
28    20    0.00004 
28    21    0.00072 
28    22    -0.00422 
28    23    0.08977 
28    24    -0.13786 
28    25    0.00034 
28    26    -0.00974 
28    27    0.03928 
28    28    -0.09245 
28    29    0.01261 
28    30    0.00064 
28    31    -0.08976 
28    32    0.08275 
28    33    -0.08289 
28    34    0.08953 
28    35    -0.00002 
28    36    0.00009 
28    37    -0.00015 
28    38    -0.05828 
28    39    -0.00002 
28    40    0.06285 
28    41    -0.06296 
28    42    -0.00000 
28    43    0.00002 
28    44    0.00019 
28    45    -0.45320 
28    46    0.00001 
28    47    -0.09566 
28    48    0.45841 
28    49    -0.25597 
28    50    0.27629 
28    51    -0.00003 
28    52    0.09561 
28    53    -0.45817 
28    54    0.25599 
28    55    0.27609 
28    56    -0.00006 
MO:29   -0.28781
29    1    -0.00757 
29    2    0.02491 
29    3    0.01696 
29    4    0.00002 
29    5    0.17726 
29    6    0.00290 
29    7    -0.00717 
29    8    -0.08893 
29    9    -0.01405 
29    10    0.21973 
29    11    0.00064 
29    12    -0.00029 
29    13    0.08627 
29    14    0.01329 
29    15    0.29520 
29    16    -0.00430 
29    17    0.01280 
29    18    -0.09658 
29    19    0.00006 
29    20    0.45270 
29    21    0.00063 
29    22    -0.00024 
29    23    0.08642 
29    24    -0.01334 
29    25    0.29519 
29    26    0.00291 
29    27    -0.00721 
29    28    -0.08905 
29    29    0.01405 
29    30    0.21974 
29    31    0.04788 
29    32    0.03346 
29    33    0.03349 
29    34    0.04793 
29    35    -0.00718 
29    36    0.02738 
29    37    0.11766 
29    38    -0.00019 
29    39    0.32067 
29    40    0.02536 
29    41    0.02520 
29    42    0.00179 
29    43    -0.00967 
29    44    -0.06554 
29    45    -0.00002 
29    46    -0.11379 
29    47    0.00748 
29    48    -0.03544 
29    49    -0.00995 
29    50    -0.03273 
29    51    -0.06923 
29    52    0.00748 
29    53    -0.03546 
29    54    -0.00994 
29    55    0.03273 
29    56    -0.06923 
MO:30   -0.25514
30    1    -0.00000 
30    2    -0.00000 
30    3    -0.00001 
30    4    0.33318 
30    5    -0.00003 
30    6    0.00767 
30    7    -0.01592 
30    8    0.03223 
30    9    -0.29434 
30    10    0.00075 
30    11    -0.00623 
30    12    0.01320 
30    13    0.01662 
30    14    0.25296 
30    15    0.00158 
30    16    -0.00001 
30    17    0.00003 
30    18    -0.00004 
30    19    -0.31482 
30    20    0.00004 
30    21    0.00623 
30    22    -0.01319 
30    23    -0.01655 
30    24    0.25294 
30    25    -0.00162 
30    26    -0.00766 
30    27    0.01591 
30    28    -0.03232 
30    29    -0.29430 
30    30    -0.00087 
30    31    0.24955 
30    32    -0.24572 
30    33    0.24574 
30    34    -0.24949 
30    35    -0.00000 
30    36    0.00000 
30    37    0.00005 
30    38    0.04090 
30    39    0.00012 
30    40    -0.07003 
30    41    0.07006 
30    42    -0.00000 
30    43    0.00000 
30    44    -0.00002 
30    45    -0.15272 
30    46    0.00002 
30    47    -0.02973 
30    48    0.14407 
30    49    -0.10276 
30    50    0.11200 
30    51    -0.00004 
30    52    0.02974 
30    53    -0.14410 
30    54    0.10276 
30    55    0.11202 
30    56    0.00002 
MO:31   -0.21353
31    1    -0.00055 
31    2    0.00185 
31    3    -0.00142 
31    4    -0.00003 
31    5    -0.42813 
31    6    0.00155 
31    7    -0.00550 
31    8    -0.01497 
31    9    -0.00163 
31    10    -0.33786 
31    11    -0.00107 
31    12    0.00429 
31    13    0.01252 
31    14    0.00594 
31    15    -0.05684 
31    16    0.00439 
31    17    -0.01600 
31    18    -0.04032 
31    19    0.00007 
31    20    0.30509 
31    21    -0.00109 
31    22    0.00435 
31    23    0.01260 
31    24    -0.00607 
31    25    -0.05685 
31    26    0.00156 
31    27    -0.00553 
31    28    -0.01503 
31    29    0.00175 
31    30    -0.33789 
31    31    0.00714 
31    32    0.00666 
31    33    0.00659 
31    34    0.00724 
31    35    -0.02238 
31    36    0.10046 
31    37    0.06444 
31    38    -0.00021 
31    39    0.51172 
31    40    -0.00986 
31    41    -0.00996 
31    42    0.00056 
31    43    -0.00288 
31    44    -0.00563 
31    45    0.00001 
31    46    0.12502 
31    47    0.00038 
31    48    -0.00180 
31    49    -0.00137 
31    50    -0.00228 
31    51    0.12120 
31    52    0.00038 
31    53    -0.00181 
31    54    -0.00138 
31    55    0.00233 
31    56    0.12118 
MO:32   -0.16888
32    1    0.00000 
32    2    -0.00001 
32    3    -0.00000 
32    4    -0.00095 
32    5    -0.00002 
32    6    -0.00029 
32    7    0.00095 
32    8    0.00230 
32    9    0.00067 
32    10    0.46121 
32    11    0.00033 
32    12    -0.00188 
32    13    0.00025 
32    14    -0.00183 
32    15    0.45669 
32    16    -0.00000 
32    17    0.00001 
32    18    -0.00001 
32    19    0.00003 
32    20    -0.00001 
32    21    -0.00033 
32    22    0.00186 
32    23    -0.00027 
32    24    -0.00184 
32    25    -0.45664 
32    26    0.00029 
32    27    -0.00093 
32    28    -0.00232 
32    29    0.00072 
32    30    -0.46119 
32    31    -0.00099 
32    32    0.00161 
32    33    -0.00162 
32    34    0.00101 
32    35    0.00000 
32    36    -0.00000 
32    37    -0.00000 
32    38    -0.00356 
32    39    -0.00004 
32    40    -0.00290 
32    41    0.00289 
32    42    -0.00000 
32    43    -0.00000 
32    44    -0.00000 
32    45    0.00006 
32    46    0.00000 
32    47    0.00002 
32    48    -0.00011 
32    49    0.00023 
32    50    0.00007 
32    51    -0.02515 
32    52    -0.00002 
32    53    0.00010 
32    54    -0.00021 
32    55    0.00008 
32    56    0.02516 
MO:33   -0.10914
33    1    -0.00033 
33    2    0.00130 
33    3    -0.00048 
33    4    -0.00003 
33    5    0.43496 
33    6    0.00047 
33    7    -0.00196 
33    8    -0.00250 
33    9    -0.00015 
33    10    0.08966 
33    11    -0.00064 
33    12    0.00301 
33    13    0.00079 
33    14    0.00084 
33    15    -0.35884 
33    16    0.00377 
33    17    -0.01008 
33    18    -0.01401 
33    19    0.00002 
33    20    -0.25265 
33    21    -0.00066 
33    22    0.00307 
33    23    0.00082 
33    24    -0.00092 
33    25    -0.35890 
33    26    0.00047 
33    27    -0.00198 
33    28    -0.00253 
33    29    0.00015 
33    30    0.08964 
33    31    0.00091 
33    32    0.00149 
33    33    0.00147 
33    34    0.00094 
33    35    -0.02937 
33    36    0.14474 
33    37    0.06573 
33    38    -0.00022 
33    39    0.65862 
33    40    -0.04228 
33    41    -0.04225 
33    42    0.00013 
33    43    -0.00066 
33    44    -0.00074 
33    45    0.00000 
33    46    -0.02299 
33    47    0.00002 
33    48    -0.00010 
33    49    -0.00212 
33    50    -0.00073 
33    51    -0.12980 
33    52    0.00002 
33    53    -0.00010 
33    54    -0.00211 
33    55    0.00065 
33    56    -0.12946 
MO:34   -0.10481
34    1    -0.00000 
34    2    0.00001 
34    3    -0.00001 
34    4    0.00001 
34    5    -0.00010 
34    6    0.00000 
34    7    -0.00000 
34    8    -0.00010 
34    9    0.00000 
34    10    -0.00732 
34    11    -0.00002 
34    12    0.00012 
34    13    -0.00001 
34    14    0.00009 
34    15    -0.02743 
34    16    -0.00000 
34    17    0.00001 
34    18    0.00000 
34    19    0.00006 
34    20    0.00006 
34    21    0.00002 
34    22    -0.00013 
34    23    0.00001 
34    24    0.00009 
34    25    0.02759 
34    26    -0.00000 
34    27    0.00001 
34    28    0.00010 
34    29    0.00001 
34    30    0.00726 
34    31    0.00004 
34    32    -0.00007 
34    33    0.00007 
34    34    -0.00005 
34    35    0.00001 
34    36    -0.00004 
34    37    -0.00001 
34    38    0.00026 
34    39    -0.00015 
34    40    0.00024 
34    41    -0.00022 
34    42    0.00000 
34    43    -0.00000 
34    44    -0.00000 
34    45    0.00003 
34    46    0.00004 
34    47    0.00002 
34    48    -0.00009 
34    49    -0.00036 
34    50    -0.00020 
34    51    -0.71048 
34    52    -0.00002 
34    53    0.00009 
34    54    0.00032 
34    55    -0.00005 
34    56    0.71058 
MO:35   -0.09081
35    1    0.05529 
35    2    -0.25531 
35    3    0.34089 
35    4    0.00000 
35    5    0.00048 
35    6    -0.00668 
35    7    0.02692 
35    8    -0.03769 
35    9    0.08002 
35    10    0.00027 
35    11    0.00859 
35    12    -0.03529 
35    13    0.05366 
35    14    0.00026 
35    15    -0.00142 
35    16    0.00511 
35    17    -0.02433 
35    18    0.01287 
35    19    0.00000 
35    20    -0.00042 
35    21    0.00859 
35    22    -0.03529 
35    23    0.05366 
35    24    -0.00026 
35    25    -0.00141 
35    26    -0.00667 
35    27    0.02690 
35    28    -0.03769 
35    29    -0.08000 
35    30    0.00028 
35    31    0.04573 
35    32    0.04238 
35    33    0.04238 
35    34    0.04574 
35    35    0.00146 
35    36    -0.00815 
35    37    0.00010 
35    38    -0.00000 
35    39    0.00366 
35    40    0.00329 
35    41    0.00329 
35    42    -0.00464 
35    43    0.01976 
35    44    -0.01966 
35    45    -0.00001 
35    46    -0.00005 
35    47    0.00321 
35    48    -0.01138 
35    49    0.64523 
35    50    0.12859 
35    51    -0.00091 
35    52    0.00321 
35    53    -0.01140 
35    54    0.64511 
35    55    -0.12844 
35    56    -0.00085 
MO:36   -0.06195
36    1    0.00001 
36    2    -0.00003 
36    3    0.00004 
36    4    0.00026 
36    5    -0.00002 
36    6    0.01365 
36    7    -0.06365 
36    8    0.03674 
36    9    -0.00001 
36    10    0.00005 
36    11    -0.00638 
36    12    0.02839 
36    13    -0.03012 
36    14    0.00308 
36    15    0.00029 
36    16    0.00000 
36    17    -0.00000 
36    18    0.00000 
36    19    0.01203 
36    20    0.00002 
36    21    0.00638 
36    22    -0.02840 
36    23    0.03013 
36    24    0.00308 
36    25    -0.00028 
36    26    -0.01365 
36    27    0.06365 
36    28    -0.03674 
36    29    -0.00003 
36    30    -0.00008 
36    31    0.00515 
36    32    -0.00839 
36    33    0.00840 
36    34    -0.00514 
36    35    0.00000 
36    36    -0.00000 
36    37    -0.00000 
36    38    -0.00188 
36    39    -0.00002 
36    40    0.00429 
36    41    -0.00429 
36    42    -0.00000 
36    43    0.00000 
36    44    0.00001 
36    45    -0.01024 
36    46    0.00000 
36    47    -0.00017 
36    48    0.00443 
36    49    -0.50863 
36    50    -0.50864 
36    51    0.00037 
36    52    0.00017 
36    53    -0.00442 
36    54    0.50880 
36    55    -0.50870 
36    56    -0.00027 
MO:37   0.03218
37    1    -0.00020 
37    2    0.00113 
37    3    0.00005 
37    4    0.00001 
37    5    -0.37662 
37    6    -0.00030 
37    7    0.00131 
37    8    0.00266 
37    9    -0.00056 
37    10    0.32958 
37    11    0.00015 
37    12    -0.00093 
37    13    0.00028 
37    14    -0.00301 
37    15    0.09052 
37    16    -0.00057 
37    17    0.00752 
37    18    0.00715 
37    19    -0.00001 
37    20    -0.43991 
37    21    0.00015 
37    22    -0.00090 
37    23    0.00031 
37    24    0.00298 
37    25    0.09047 
37    26    -0.00030 
37    27    0.00131 
37    28    0.00266 
37    29    0.00051 
37    30    0.32967 
37    31    -0.00123 
37    32    -0.00114 
37    33    -0.00113 
37    34    -0.00122 
37    35    -0.01340 
37    36    0.07498 
37    37    0.04083 
37    38    -0.00010 
37    39    0.27241 
37    40    -0.03894 
37    41    -0.03886 
37    42    0.00002 
37    43    -0.00011 
37    44    -0.00026 
37    45    -0.00004 
37    46    -0.41926 
37    47    -0.00003 
37    48    0.00013 
37    49    0.00060 
37    50    0.00023 
37    51    0.47253 
37    52    -0.00003 
37    53    0.00013 
37    54    0.00062 
37    55    -0.00014 
37    56    0.47253 
MO:38   0.05838
38    1    0.00000 
38    2    -0.00002 
38    3    0.00001 
38    4    -0.00060 
38    5    0.00001 
38    6    -0.00012 
38    7    0.00065 
38    8    -0.00081 
38    9    -0.00011 
38    10    -0.56965 
38    11    0.00086 
38    12    -0.00507 
38    13    0.00003 
38    14    -0.00275 
38    15    0.57248 
38    16    0.00000 
38    17    -0.00001 
38    18    -0.00001 
38    19    -0.00438 
38    20    0.00004 
38    21    -0.00086 
38    22    0.00504 
38    23    -0.00007 
38    24    -0.00277 
38    25    -0.57246 
38    26    0.00012 
38    27    -0.00067 
38    28    0.00084 
38    29    -0.00018 
38    30    0.56958 
38    31    -0.00099 
38    32    0.00192 
38    33    -0.00187 
38    34    0.00103 
38    35    -0.00000 
38    36    0.00002 
38    37    -0.00001 
38    38    -0.01025 
38    39    -0.00004 
38    40    -0.00923 
38    41    0.00921 
38    42    -0.00000 
38    43    0.00002 
38    44    0.00002 
38    45    -0.00003 
38    46    0.00002 
38    47    0.00000 
38    48    -0.00000 
38    49    0.00002 
38    50    -0.00010 
38    51    -0.01483 
38    52    -0.00000 
38    53    -0.00000 
38    54    -0.00004 
38    55    -0.00011 
38    56    0.01478 
MO:39   0.10010
39    1    -0.00037 
39    2    0.00205 
39    3    0.00041 
39    4    0.00003 
39    5    -0.47130 
39    6    -0.00046 
39    7    0.00227 
39    8    0.00267 
39    9    -0.00108 
39    10    0.12305 
39    11    0.00031 
39    12    -0.00203 
39    13    0.00139 
39    14    -0.00525 
39    15    0.29913 
39    16    -0.00195 
39    17    0.01535 
39    18    0.01209 
39    19    -0.00001 
39    20    -0.54278 
39    21    0.00030 
39    22    -0.00198 
39    23    0.00142 
39    24    0.00523 
39    25    0.29914 
39    26    -0.00045 
39    27    0.00224 
39    28    0.00267 
39    29    0.00109 
39    30    0.12307 
39    31    -0.00233 
39    32    -0.00220 
39    33    -0.00222 
39    34    -0.00232 
39    35    -0.01408 
39    36    0.08387 
39    37    0.05303 
39    38    -0.00011 
39    39    0.24628 
39    40    -0.05312 
39    41    -0.05301 
39    42    0.00000 
39    43    -0.00006 
39    44    0.00030 
39    45    0.00006 
39    46    0.54934 
39    47    -0.00002 
39    48    0.00011 
39    49    0.00014 
39    50    0.00005 
39    51    -0.41001 
39    52    -0.00002 
39    53    0.00012 
39    54    0.00017 
39    55    -0.00012 
39    56    -0.40999 
MO:40   0.21099
40    1    -0.00384 
40    2    0.02077 
40    3    -0.01371 
40    4    -0.00001 
40    5    0.56222 
40    6    -0.00023 
40    7    0.00166 
40    8    -0.00431 
40    9    -0.00725 
40    10    -0.51164 
40    11    -0.00114 
40    12    0.00561 
40    13    0.00020 
40    14    -0.01231 
40    15    0.48345 
40    16    -0.00346 
40    17    0.02459 
40    18    0.01012 
40    19    -0.00001 
40    20    -0.49358 
40    21    -0.00115 
40    22    0.00568 
40    23    0.00024 
40    24    0.01232 
40    25    0.48346 
40    26    -0.00023 
40    27    0.00167 
40    28    -0.00436 
40    29    0.00733 
40    30    -0.51165 
40    31    -0.01220 
40    32    -0.00991 
40    33    -0.00998 
40    34    -0.01225 
40    35    -0.01728 
40    36    0.11286 
40    37    0.07637 
40    38    -0.00011 
40    39    0.14693 
40    40    -0.08738 
40    41    -0.08723 
40    42    0.00357 
40    43    -0.02220 
40    44    -0.01404 
40    45    -0.00003 
40    46    -0.22597 
40    47    -0.00054 
40    48    0.00321 
40    49    0.00816 
40    50    -0.00344 
40    51    0.11382 
40    52    -0.00054 
40    53    0.00320 
40    54    0.00814 
40    55    0.00345 
40    56    0.11382 
MO:41   0.23679
41    1    0.12008 
41    2    -0.66063 
41    3    0.67185 
41    4    0.00000 
41    5    0.01583 
41    6    0.00343 
41    7    -0.03233 
41    8    0.13324 
41    9    0.21668 
41    10    -0.01670 
41    11    0.04112 
41    12    -0.23614 
41    13    0.09422 
41    14    0.13647 
41    15    0.01764 
41    16    0.02071 
41    17    -0.12441 
41    18    -0.00646 
41    19    0.00001 
41    20    -0.02505 
41    21    0.04113 
41    22    -0.23617 
41    23    0.09424 
41    24    -0.13648 
41    25    0.01768 
41    26    0.00343 
41    27    -0.03230 
41    28    0.13321 
41    29    -0.21670 
41    30    -0.01678 
41    31    0.35192 
41    32    0.23338 
41    33    0.23341 
41    34    0.35191 
41    35    -0.00030 
41    36    -0.00063 
41    37    -0.08274 
41    38    -0.00001 
41    39    0.01632 
41    40    0.03184 
41    41    0.03185 
41    42    -0.13629 
41    43    0.85679 
41    44    0.50610 
41    45    -0.00004 
41    46    -0.00704 
41    47    0.02064 
41    48    -0.12567 
41    49    -0.28053 
41    50    0.14730 
41    51    0.00327 
41    52    0.02065 
41    53    -0.12571 
41    54    -0.28058 
41    55    -0.14735 
41    56    0.00331 
MO:42   0.28352
42    1    -0.01435 
42    2    0.07368 
42    3    -0.12827 
42    4    0.00003 
42    5    -0.01667 
42    6    0.04451 
42    7    -0.26144 
42    8    -0.10969 
42    9    0.08759 
42    10    0.01962 
42    11    -0.00476 
42    12    0.01644 
42    13    -0.18424 
42    14    0.14732 
42    15    -0.02896 
42    16    0.07965 
42    17    -0.44728 
42    18    -0.50665 
42    19    0.00005 
42    20    0.04508 
42    21    -0.00475 
42    22    0.01641 
42    23    -0.18432 
42    24    -0.14732 
42    25    -0.02890 
42    26    0.04451 
42    27    -0.26148 
42    28    -0.10972 
42    29    -0.08753 
42    30    0.01959 
42    31    0.17004 
42    32    0.28425 
42    33    0.28430 
42    34    0.17000 
42    35    -0.18388 
42    36    1.23318 
42    37    -0.05612 
42    38    0.00013 
42    39    -0.23560 
42    40    -0.66168 
42    41    -0.66177 
42    42    0.02118 
42    43    -0.13454 
42    44    -0.07718 
42    45    0.00002 
42    46    0.00530 
42    47    -0.00183 
42    48    0.01302 
42    49    0.02783 
42    50    -0.03069 
42    51    -0.00224 
42    52    -0.00183 
42    53    0.01304 
42    54    0.02785 
42    55    0.03071 
42    56    -0.00224 
MO:43   0.30776
43    1    0.00003 
43    2    -0.00015 
43    3    0.00003 
43    4    0.26456 
43    5    -0.00001 
43    6    0.02957 
43    7    -0.17736 
43    8    0.00237 
43    9    0.36877 
43    10    -0.00350 
43    11    -0.01557 
43    12    0.08953 
43    13    -0.01697 
43    14    0.48555 
43    15    0.00807 
43    16    0.00002 
43    17    -0.00010 
43    18    0.00019 
43    19    0.46846 
43    20    -0.00002 
43    21    0.01551 
43    22    -0.08918 
43    23    0.01734 
43    24    0.48562 
43    25    -0.00809 
43    26    -0.02961 
43    27    0.17764 
43    28    -0.00233 
43    29    0.36872 
43    30    0.00358 
43    31    0.44799 
43    32    0.37756 
43    33    -0.37798 
43    34    -0.44809 
43    35    -0.00002 
43    36    0.00011 
43    37    0.00021 
43    38    0.49265 
43    39    0.00018 
43    40    0.46068 
43    41    -0.46099 
43    42    -0.00001 
43    43    0.00010 
43    44    0.00006 
43    45    0.07962 
43    46    -0.00001 
43    47    0.00424 
43    48    -0.03130 
43    49    -0.04120 
43    50    0.06097 
43    51    -0.00003 
43    52    -0.00424 
43    53    0.03127 
43    54    0.04114 
43    55    0.06095 
43    56    0.00003 
MO:44   0.32783
44    1    0.04175 
44    2    -0.23923 
44    3    0.25651 
44    4    -0.00015 
44    5    -0.01549 
44    6    -0.03611 
44    7    0.22393 
44    8    -0.03849 
44    9    -0.05609 
44    10    0.01868 
44    11    -0.07226 
44    12    0.43534 
44    13    0.37516 
44    14    -0.19642 
44    15    -0.03757 
44    16    0.01838 
44    17    -0.09331 
44    18    0.31168 
44    19    -0.00017 
44    20    0.08310 
44    21    -0.07226 
44    22    0.43531 
44    23    0.37522 
44    24    0.19613 
44    25    -0.03760 
44    26    -0.03610 
44    27    0.22391 
44    28    -0.03842 
44    29    0.05570 
44    30    0.01870 
44    31    -0.16815 
44    32    -0.55132 
44    33    -0.55104 
44    34    -0.16775 
44    35    -0.06379 
44    36    0.45225 
44    37    0.57192 
44    38    -0.00010 
44    39    -0.16138 
44    40    -0.50833 
44    41    -0.50804 
44    42    -0.04927 
44    43    0.31856 
44    44    0.13296 
44    45    -0.00008 
44    46    0.00389 
44    47    0.00818 
44    48    -0.05311 
44    49    -0.07398 
44    50    0.08109 
44    51    -0.00154 
44    52    0.00819 
44    53    -0.05318 
44    54    -0.07407 
44    55    -0.08119 
44    56    -0.00153 
MO:45   0.37192
45    1    -0.00050 
45    2    0.00300 
45    3    0.00059 
45    4    -0.33821 
45    5    0.00000 
45    6    0.04657 
45    7    -0.28065 
45    8    -0.18084 
45    9    -0.30604 
45    10    -0.00321 
45    11    -0.10765 
45    12    0.67266 
45    13    0.07362 
45    14    -0.12992 
45    15    0.00970 
45    16    -0.00003 
45    17    0.00023 
45    18    0.00060 
45    19    0.29609 
45    20    -0.00006 
45    21    0.10743 
45    22    -0.67142 
45    23    -0.07340 
45    24    -0.12922 
45    25    -0.00960 
45    26    -0.04570 
45    27    0.27537 
45    28    0.18356 
45    29    -0.30610 
45    30    0.00312 
45    31    -0.18131 
45    32    -0.50258 
45    33    0.50109 
45    34    0.18540 
45    35    0.00006 
45    36    -0.00041 
45    37    0.00044 
45    38    0.62838 
45    39    0.00029 
45    40    0.56850 
45    41    -0.56845 
45    42    0.00012 
45    43    -0.00079 
45    44    -0.00038 
45    45    -0.17741 
45    46    0.00003 
45    47    -0.01249 
45    48    0.08447 
45    49    0.10430 
45    50    -0.09398 
45    51    -0.00009 
45    52    0.01246 
45    53    -0.08425 
45    54    -0.10394 
45    55    -0.09359 
45    56    0.00010 
MO:46   0.37238
46    1    -0.13962 
46    2    0.83503 
46    3    0.12313 
46    4    0.00092 
46    5    0.00079 
46    6    0.13420 
46    7    -0.81337 
46    8    0.38408 
46    9    0.07183 
46    10    -0.00237 
46    11    -0.06288 
46    12    0.37012 
46    13    0.09728 
46    14    -0.04294 
46    15    0.00297 
46    16    0.04140 
46    17    -0.24615 
46    18    0.21364 
46    19    -0.00092 
46    20    -0.00285 
46    21    -0.06352 
46    22    0.37413 
46    23    0.09786 
46    24    0.04374 
46    25    0.00302 
46    26    0.13444 
46    27    -0.81479 
46    28    0.38295 
46    29    -0.06998 
46    30    -0.00243 
46    31    0.66769 
46    32    -0.29888 
46    33    -0.30196 
46    34    0.66645 
46    35    0.01432 
46    36    -0.10213 
46    37    0.00577 
46    38    -0.00200 
46    39    0.01965 
46    40    0.05258 
46    41    0.05616 
46    42    0.04036 
46    43    -0.26196 
46    44    -0.10687 
46    45    0.00053 
46    46    -0.00006 
46    47    -0.00556 
46    48    0.03816 
46    49    0.05325 
46    50    -0.07479 
46    51    0.00003 
46    52    -0.00563 
46    53    0.03865 
46    54    0.05385 
46    55    0.07537 
46    56    0.00003 
MO:47   0.39250
47    1    -0.07849 
47    2    0.49627 
47    3    0.25670 
47    4    0.00021 
47    5    -0.00892 
47    6    0.02011 
47    7    -0.13505 
47    8    0.28412 
47    9    -0.20521 
47    10    0.01066 
47    11    0.11408 
47    12    -0.70776 
47    13    -0.20478 
47    14    -0.27880 
47    15    -0.02787 
47    16    -0.20538 
47    17    1.27224 
47    18    -0.00687 
47    19    -0.00018 
47    20    0.06404 
47    21    0.11394 
47    22    -0.70691 
47    23    -0.20456 
47    24    0.27903 
47    25    -0.02783 
47    26    0.02014 
47    27    -0.13520 
47    28    0.28386 
47    29    0.20577 
47    30    0.01067 
47    31    0.02069 
47    32    0.23316 
47    33    0.23240 
47    34    0.02019 
47    35    0.01290 
47    36    -0.06041 
47    37    0.65630 
47    38    -0.00048 
47    39    -0.07573 
47    40    -0.27153 
47    41    -0.27064 
47    42    0.00014 
47    43    0.00042 
47    44    -0.00920 
47    45    0.00014 
47    46    0.00207 
47    47    -0.00069 
47    48    0.00276 
47    49    0.01113 
47    50    0.00699 
47    51    -0.00075 
47    52    -0.00071 
47    53    0.00289 
47    54    0.01128 
47    55    -0.00683 
47    56    -0.00075 
MO:48   0.41845
48    1    0.00001 
48    2    -0.00008 
48    3    -0.00005 
48    4    -0.46026 
48    5    -0.00004 
48    6    0.13792 
48    7    -0.88041 
48    8    0.04569 
48    9    0.18413 
48    10    0.00178 
48    11    -0.07322 
48    12    0.45320 
48    13    -0.24847 
48    14    -0.06397 
48    15    -0.00223 
48    16    0.00002 
48    17    -0.00015 
48    18    -0.00013 
48    19    0.16618 
48    20    0.00003 
48    21    0.07320 
48    22    -0.45309 
48    23    0.24845 
48    24    -0.06401 
48    25    0.00219 
48    26    -0.13795 
48    27    0.88060 
48    28    -0.04589 
48    29    0.18419 
48    30    -0.00173 
48    31    0.56889 
48    32    -0.14942 
48    33    0.14942 
48    34    -0.56914 
48    35    -0.00001 
48    36    0.00007 
48    37    -0.00016 
48    38    -0.47632 
48    39    -0.00015 
48    40    -0.35523 
48    41    0.35532 
48    42    -0.00002 
48    43    0.00013 
48    44    -0.00014 
48    45    -0.30958 
48    46    0.00005 
48    47    -0.02381 
48    48    0.15804 
48    49    0.18106 
48    50    -0.13196 
48    51    -0.00006 
48    52    0.02383 
48    53    -0.15818 
48    54    -0.18109 
48    55    -0.13219 
48    56    0.00008 
MO:49   0.45816
49    1    -0.05219 
49    2    0.33630 
49    3    0.03578 
49    4    -0.00016 
49    5    0.00105 
49    6    0.03284 
49    7    -0.21242 
49    8    -0.09301 
49    9    -0.12314 
49    10    -0.00144 
49    11    -0.01672 
49    12    0.10751 
49    13    -0.12883 
49    14    -0.14126 
49    15    0.00565 
49    16    -0.00480 
49    17    0.04023 
49    18    -0.24035 
49    19    -0.00034 
49    20    -0.01607 
49    21    -0.01690 
49    22    0.10867 
49    23    -0.12857 
49    24    0.14177 
49    25    0.00565 
49    26    0.03289 
49    27    -0.21267 
49    28    -0.09336 
49    29    0.12264 
49    30    -0.00142 
49    31    -0.04087 
49    32    -0.10056 
49    33    -0.10152 
49    34    -0.04051 
49    35    -0.00491 
49    36    0.03021 
49    37    -0.18799 
49    38    0.00028 
49    39    0.01779 
49    40    0.07782 
49    41    0.07746 
49    42    -0.12835 
49    43    0.86271 
49    44    -0.80957 
49    45    -0.00061 
49    46    0.00025 
49    47    0.06786 
49    48    -0.46020 
49    49    -0.13418 
49    50    0.67739 
49    51    0.00001 
49    52    0.06793 
49    53    -0.46070 
49    54    -0.13471 
49    55    -0.67794 
49    56    0.00014 
MO:50   0.47536
50    1    -0.00003 
50    2    0.00020 
50    3    -0.00002 
50    4    0.40408 
50    5    0.00004 
50    6    -0.01459 
50    7    0.11060 
50    8    -0.16845 
50    9    0.36530 
50    10    0.00032 
50    11    -0.07685 
50    12    0.50811 
50    13    0.25486 
50    14    -0.28115 
50    15    0.00016 
50    16    -0.00000 
50    17    0.00003 
50    18    -0.00006 
50    19    0.36436 
50    20    0.00000 
50    21    0.07680 
50    22    -0.50780 
50    23    -0.25501 
50    24    -0.28094 
50    25    -0.00014 
50    26    0.01464 
50    27    -0.11092 
50    28    0.16831 
50    29    0.36535 
50    30    -0.00031 
50    31    0.15759 
50    32    -0.49933 
50    33    0.49906 
50    34    -0.15759 
50    35    0.00000 
50    36    -0.00002 
50    37    -0.00006 
50    38    -0.23169 
50    39    -0.00004 
50    40    -0.14277 
50    41    0.14287 
50    42    -0.00012 
50    43    0.00083 
50    44    -0.00074 
50    45    0.69621 
50    46    -0.00008 
50    47    0.04412 
50    48    -0.30806 
50    49    -0.30811 
50    50    0.32335 
50    51    0.00010 
50    52    -0.04399 
50    53    0.30718 
50    54    0.30783 
50    55    0.32211 
50    56    -0.00015 
MO:51   0.50759
51    1    0.04433 
51    2    -0.31192 
51    3    -0.68547 
51    4    0.00000 
51    5    -0.00100 
51    6    -0.03461 
51    7    0.22975 
51    8    0.11845 
51    9    0.38815 
51    10    0.00357 
51    11    0.01018 
51    12    -0.06690 
51    13    0.04515 
51    14    0.42339 
51    15    -0.01171 
51    16    0.00265 
51    17    -0.04404 
51    18    0.82426 
51    19    0.00008 
51    20    0.04049 
51    21    0.01018 
51    22    -0.06691 
51    23    0.04498 
51    24    -0.42338 
51    25    -0.01169 
51    26    -0.03459 
51    27    0.22961 
51    28    0.11837 
51    29    -0.38827 
51    30    0.00353 
51    31    0.20193 
51    32    0.30200 
51    33    0.30207 
51    34    0.20204 
51    35    0.03493 
51    36    -0.24077 
51    37    0.55526 
51    38    -0.00005 
51    39    -0.02481 
51    40    -0.14999 
51    41    -0.14991 
51    42    -0.00543 
51    43    0.03354 
51    44    -0.44480 
51    45    -0.00029 
51    46    0.00082 
51    47    0.01979 
51    48    -0.13573 
51    49    -0.00215 
51    50    0.19176 
51    51    -0.00020 
51    52    0.01982 
51    53    -0.13597 
51    54    -0.00239 
51    55    -0.19201 
51    56    -0.00016 
MO:52   0.53891
52    1    -0.00014 
52    2    0.00095 
52    3    0.00009 
52    4    0.12390 
52    5    0.00001 
52    6    0.00963 
52    7    -0.06846 
52    8    -0.59735 
52    9    -0.34528 
52    10    0.00260 
52    11    -0.07303 
52    12    0.50910 
52    13    -0.29738 
52    14    0.49553 
52    15    -0.00003 
52    16    0.00014 
52    17    -0.00095 
52    18    -0.00027 
52    19    0.56765 
52    20    0.00002 
52    21    0.07321 
52    22    -0.51038 
52    23    0.29915 
52    24    0.49433 
52    25    0.00000 
52    26    -0.00979 
52    27    0.06955 
52    28    0.59911 
52    29    -0.34389 
52    30    -0.00266 
52    31    -0.42062 
52    32    0.25845 
52    33    -0.25783 
52    34    0.41996 
52    35    -0.00006 
52    36    0.00041 
52    37    -0.00038 
52    38    -0.44347 
52    39    -0.00014 
52    40    -0.29168 
52    41    0.29160 
52    42    0.00000 
52    43    -0.00000 
52    44    -0.00031 
52    45    0.11741 
52    46    -0.00001 
52    47    0.00796 
52    48    -0.05545 
52    49    -0.04898 
52    50    0.04517 
52    51    0.00002 
52    52    -0.00795 
52    53    0.05533 
52    54    0.04905 
52    55    0.04489 
52    56    -0.00003 
MO:53   0.54922
53    1    0.08820 
53    2    -0.61722 
53    3    -0.08393 
53    4    0.00022 
53    5    -0.00083 
53    6    0.05226 
53    7    -0.36779 
53    8    -0.58435 
53    9    0.47076 
53    10    0.00318 
53    11    -0.05591 
53    12    0.39226 
53    13    -0.59871 
53    14    -0.38413 
53    15    -0.00044 
53    16    -0.08968 
53    17    0.61727 
53    18    0.11585 
53    19    0.00091 
53    20    0.00916 
53    21    -0.05568 
53    22    0.39063 
53    23    -0.59779 
53    24    0.38572 
53    25    -0.00042 
53    26    0.05223 
53    27    -0.36756 
53    28    -0.58251 
53    29    -0.47176 
53    30    0.00315 
53    31    0.22218 
53    32    -0.17602 
53    33    -0.17685 
53    34    0.22347 
53    35    0.03392 
53    36    -0.24137 
53    37    0.20819 
53    38    -0.00071 
53    39    0.01679 
53    40    0.03363 
53    41    0.03455 
53    42    -0.00468 
53    43    0.03264 
53    44    0.15400 
53    45    0.00007 
53    46    0.00002 
53    47    -0.00208 
53    48    0.02000 
53    49    -0.02831 
53    50    -0.05977 
53    51    -0.00000 
53    52    -0.00209 
53    53    0.02007 
53    54    -0.02825 
53    55    0.05981 
53    56    -0.00001 
MO:54   0.58438
54    1    0.00003 
54    2    -0.00020 
54    3    -0.00017 
54    4    -0.59580 
54    5    0.00000 
54    6    0.07946 
54    7    -0.56734 
54    8    -0.07240 
54    9    -0.18518 
54    10    0.00064 
54    11    0.01970 
54    12    -0.14275 
54    13    -0.53875 
54    14    -0.09141 
54    15    0.00117 
54    16    0.00000 
54    17    -0.00001 
54    18    0.00014 
54    19    -0.61528 
54    20    -0.00001 
54    21    -0.01971 
54    22    0.14280 
54    23    0.53865 
54    24    -0.09156 
54    25    -0.00118 
54    26    -0.07948 
54    27    0.56746 
54    28    0.07227 
54    29    -0.18546 
54    30    -0.00068 
54    31    0.05796 
54    32    0.16692 
54    33    -0.16675 
54    34    -0.05789 
54    35    0.00001 
54    36    -0.00004 
54    37    0.00009 
54    38    0.27314 
54    39    0.00006 
54    40    0.16955 
54    41    -0.16960 
54    42    -0.00002 
54    43    0.00015 
54    44    -0.00016 
54    45    0.80548 
54    46    -0.00007 
54    47    0.04627 
54    48    -0.33236 
54    49    -0.28552 
54    50    0.33517 
54    51    0.00007 
54    52    -0.04625 
54    53    0.33217 
54    54    0.28545 
54    55    0.33495 
54    56    -0.00013 
MO:55   0.69721
55    1    0.00004 
55    2    -0.00027 
55    3    -0.00041 
55    4    0.83620 
55    5    0.00003 
55    6    -0.00637 
55    7    0.04418 
55    8    -0.64116 
55    9    0.39780 
55    10    0.00229 
55    11    -0.00982 
55    12    0.07965 
55    13    -0.56900 
55    14    -0.34934 
55    15    0.00149 
55    16    -0.00002 
55    17    0.00017 
55    18    -0.00043 
55    19    -0.63424 
55    20    -0.00002 
55    21    0.00990 
55    22    -0.08023 
55    23    0.56952 
55    24    -0.34871 
55    25    -0.00151 
55    26    0.00629 
55    27    -0.04359 
55    28    0.64169 
55    29    0.39707 
55    30    -0.00229 
55    31    -0.00093 
55    32    -0.04298 
55    33    0.04269 
55    34    0.00127 
55    35    -0.00002 
55    36    0.00014 
55    37    -0.00016 
55    38    0.21421 
55    39    0.00004 
55    40    0.12702 
55    41    -0.12700 
55    42    0.00002 
55    43    -0.00012 
55    44    -0.00008 
55    45    -0.38398 
55    46    0.00002 
55    47    -0.02094 
55    48    0.15226 
55    49    0.11988 
55    50    -0.14188 
55    51    -0.00002 
55    52    0.02094 
55    53    -0.15224 
55    54    -0.11984 
55    55    -0.14186 
55    56    0.00005 
MO:56   0.72466
56    1    -0.06646 
56    2    0.49490 
56    3    0.62001 
56    4    0.00057 
56    5    -0.00167 
56    6    0.06850 
56    7    -0.50471 
56    8    -0.37768 
56    9    -0.55931 
56    10    0.00196 
56    11    -0.06421 
56    12    0.47269 
56    13    -0.39104 
56    14    0.54582 
56    15    -0.00017 
56    16    0.04620 
56    17    -0.34657 
56    18    0.69364 
56    19    -0.00039 
56    20    0.01358 
56    21    -0.06419 
56    22    0.47257 
56    23    -0.39027 
56    24    -0.54620 
56    25    -0.00016 
56    26    0.06850 
56    27    -0.50475 
56    28    -0.37680 
56    29    0.55988 
56    30    0.00202 
56    31    -0.25431 
56    32    0.26211 
56    33    0.26210 
56    34    -0.25434 
56    35    0.02603 
56    36    -0.20018 
56    37    0.24634 
56    38    0.00012 
56    39    0.00571 
56    40    -0.02530 
56    41    -0.02543 
56    42    -0.01517 
56    43    0.11241 
56    44    0.15608 
56    45    -0.00021 
56    46    -0.00007 
56    47    -0.00228 
56    48    0.01674 
56    49    -0.01474 
56    50    -0.01901 
56    51    0.00000 
56    52    -0.00226 
56    53    0.01658 
56    54    -0.01486 
56    55    0.01885 
56    56    -0.00000 
