#  MO coefficient (i_MO, j_AO, M_ij)    
MO:1   -0.18515571E+02
1    1    0.29028830E-05 
1    2    0.28474041E-03 
1    3    0.18646373E-04 
1    4    0.40257330E-04 
1    5    0.22526153E-06 
1    6    0.53124779E-05 
1    7    0.27716451E-04 
1    8    -0.14999390E-03 
1    9    -0.12018376E-03 
1    10    0.27738640E-06 
1    11    0.42012874E-05 
1    12    -0.60095541E-04 
1    13    -0.42740234E-04 
1    14    0.74773411E-05 
1    15    0.27782273E-06 
1    16    -0.17706867E-06 
1    17    0.10978740E-05 
1    18    0.76805297E-05 
1    19    -0.46113807E-06 
1    20    -0.51390652E-07 
1    21    0.49783422E-05 
1    22    -0.69645360E-04 
1    23    -0.50007275E-04 
1    24    -0.99720964E-05 
1    25    0.33175423E-06 
1    26    0.36944225E-05 
1    27    0.43585418E-04 
1    28    -0.16606025E-03 
1    29    0.15494411E-03 
1    30    0.24384076E-06 
1    31    -0.27040796E-03 
1    32    0.80423551E-05 
1    33    0.10147617E-04 
1    34    -0.34697256E-03 
1    35    -0.93938672E-07 
1    36    0.19666691E-05 
1    37    0.57644921E-06 
1    38    -0.15563600E-07 
1    39    0.24620168E-06 
1    40    -0.82367769E-06 
1    41    -0.95415228E-06 
1    42    0.81576066E-03 
1    43    -0.11181962E-01 
1    44    -0.48402976E-02 
1    45    -0.10776228E-02 
1    46    0.17623623E-05 
1    47    0.78728617E+00 
1    48    0.22937733E-01 
1    49    -0.21500812E-02 
1    50    -0.43409309E-02 
1    51    0.60111803E-06 
1    52    0.60598743E+00 
1    53    0.17747550E-01 
1    54    -0.15714255E-02 
1    55    0.34600508E-02 
1    56    0.10840429E-05 
MO:2   -0.18515503E+02
2    1    0.37470171E-06 
2    2    0.37000702E-04 
2    3    0.24012618E-05 
2    4    -0.30977472E-03 
2    5    0.91502295E-08 
2    6    -0.56464017E-05 
2    7    0.65698230E-04 
2    8    -0.82212383E-04 
2    9    -0.15166202E-03 
2    10    0.12637458E-06 
2    11    0.35812836E-05 
2    12    -0.45136405E-04 
2    13    -0.33958504E-04 
2    14    0.10718823E-04 
2    15    0.20273303E-06 
2    16    -0.23099439E-07 
2    17    0.14362271E-06 
2    18    0.99968513E-06 
2    19    0.35436131E-05 
2    20    -0.60336115E-08 
2    21    -0.23873301E-05 
2    22    0.28259318E-04 
2    23    0.21894069E-04 
2    24    0.84500832E-05 
2    25    -0.12992658E-06 
2    26    0.68120139E-05 
2    27    -0.56363447E-04 
2    28    0.41140019E-04 
2    29    -0.11584631E-03 
2    30    -0.18359104E-07 
2    31    -0.33474843E-03 
2    32    0.92682918E-05 
2    33    -0.69024655E-05 
2    34    0.25433903E-03 
2    35    -0.12212788E-07 
2    36    0.25580443E-06 
2    37    0.75025197E-07 
2    38    0.12190833E-06 
2    39    0.32118422E-07 
2    40    -0.61566004E-06 
2    41    0.38448843E-06 
2    42    0.10614091E-03 
2    43    -0.14543737E-02 
2    44    -0.62962919E-03 
2    45    0.82797541E-02 
2    46    0.10301510E-05 
2    47    -0.60601848E+00 
2    48    -0.17295185E-01 
2    49    0.19806287E-02 
2    50    0.28759520E-02 
2    51    -0.62525667E-06 
2    52    0.78731017E+00 
2    53    0.22588546E-01 
2    54    -0.24645762E-02 
2    55    0.38905939E-02 
2    56    0.15036691E-05 
MO:3   -0.14087380E+02
3    1    0.62380956E-03 
3    2    -0.63413476E-02 
3    3    -0.57117594E-02 
3    4    0.11813107E-06 
3    5    0.70116249E-05 
3    6    -0.12205517E-04 
3    7    0.29273325E-03 
3    8    0.39098511E-03 
3    9    -0.10166253E-03 
3    10    -0.47862587E-06 
3    11    0.58769076E-05 
3    12    0.85322325E-06 
3    13    -0.67392774E-05 
3    14    -0.71665914E-04 
3    15    -0.17981061E-08 
3    16    0.25961250E-05 
3    17    0.13172560E-04 
3    18    -0.40863683E-04 
3    19    0.33221601E-08 
3    20    -0.10260805E-06 
3    21    0.58776437E-05 
3    22    0.85130091E-06 
3    23    -0.67383968E-05 
3    24    0.71681122E-04 
3    25    -0.90804976E-08 
3    26    -0.12208503E-04 
3    27    0.29271938E-03 
3    28    0.39103739E-03 
3    29    0.10170640E-03 
3    30    -0.47646490E-06 
3    31    -0.20731780E-03 
3    32    -0.18632073E-04 
3    33    -0.18634591E-04 
3    34    -0.20730457E-03 
3    35    -0.63226817E-05 
3    36    -0.16230280E-04 
3    37    -0.11347365E-04 
3    38    -0.77825709E-09 
3    39    -0.10085200E-05 
3    40    0.37563875E-06 
3    41    0.37571644E-06 
3    42    0.99227762E+00 
3    43    0.36790646E-01 
3    44    0.12080058E-02 
3    45    0.65136643E-06 
3    46    0.36735812E-05 
3    47    0.82936403E-03 
3    48    -0.75166034E-02 
3    49    0.20739342E-02 
3    50    0.42519096E-02 
3    51    -0.76926291E-06 
3    52    0.82938313E-03 
3    53    -0.75158691E-02 
3    54    0.20737873E-02 
3    55    -0.42517836E-02 
3    56    -0.15781393E-05 
MO:4   -0.13885126E+02
4    1    0.35688736E-05 
4    2    0.45213762E-05 
4    3    0.48836038E-04 
4    4    -0.26572215E-08 
4    5    0.25961798E-06 
4    6    0.39949698E-05 
4    7    0.34424159E-04 
4    8    -0.14703712E-04 
4    9    -0.71397538E-04 
4    10    -0.57111632E-05 
4    11    -0.18883258E-04 
4    12    0.35973795E-03 
4    13    -0.53035604E-03 
4    14    -0.12661083E-04 
4    15    0.18699658E-04 
4    16    0.62067047E-03 
4    17    -0.77198733E-02 
4    18    0.64482636E-02 
4    19    0.24565543E-07 
4    20    0.16104449E-03 
4    21    -0.18885151E-04 
4    22    0.35973028E-03 
4    23    -0.53044187E-03 
4    24    0.12653045E-04 
4    25    0.18613540E-04 
4    26    0.39915248E-05 
4    27    0.34464400E-04 
4    28    -0.14733429E-04 
4    29    0.71376096E-04 
4    30    -0.56952992E-05 
4    31    -0.23320905E-04 
4    32    0.26708861E-04 
4    33    0.26794539E-04 
4    34    -0.23320502E-04 
4    35    0.99202981E+00 
4    36    0.39346075E-01 
4    37    0.70454404E-03 
4    38    0.77819090E-06 
4    39    0.24821686E-02 
4    40    -0.88086426E-02 
4    41    -0.88084881E-02 
4    42    0.93346289E-05 
4    43    -0.14113874E-04 
4    44    0.11119420E-04 
4    45    -0.29372214E-09 
4    46    0.81303857E-07 
4    47    -0.66596162E-07 
4    48    0.35229088E-06 
4    49    -0.74277623E-06 
4    50    0.27346077E-06 
4    51    0.15137266E-08 
4    52    -0.66568942E-07 
4    53    0.35214607E-06 
4    54    -0.74261654E-06 
4    55    -0.27350393E-06 
4    56    0.16572687E-08 
MO:5   -0.98121918E+01
5    1    -0.63443188E-03 
5    2    -0.20864492E-03 
5    3    0.23129760E-03 
5    4    -0.20955831E-07 
5    5    0.22552793E-05 
5    6    -0.15640153E-03 
5    7    0.41551703E-03 
5    8    -0.14396050E-03 
5    9    0.14269340E-03 
5    10    0.45471924E-06 
5    11    -0.68380340E-02 
5    12    -0.98686462E-02 
5    13    0.33986664E-02 
5    14    -0.56323261E-02 
5    15    0.45301577E-04 
5    16    0.99026036E+00 
5    17    0.45240092E-01 
5    18    0.57004024E-03 
5    19    0.19384629E-06 
5    20    -0.23022601E-03 
5    21    -0.68369800E-02 
5    22    -0.98689765E-02 
5    23    0.33987582E-02 
5    24    0.56323999E-02 
5    25    0.45156187E-04 
5    26    -0.15616938E-03 
5    27    0.41553325E-03 
5    28    -0.14394787E-03 
5    29    -0.14277675E-03 
5    30    0.46915767E-06 
5    31    -0.78853117E-04 
5    32    0.21448788E-03 
5    33    0.21448546E-03 
5    34    -0.78836166E-04 
5    35    0.80251571E-03 
5    36    -0.80473628E-02 
5    37    -0.55909685E-02 
5    38    -0.11933697E-06 
5    39    -0.15188394E-03 
5    40    -0.46375592E-03 
5    41    -0.46365931E-03 
5    42    0.55175778E-05 
5    43    -0.39195444E-04 
5    44    0.32288998E-04 
5    45    -0.10070141E-08 
5    46    -0.43671098E-06 
5    47    -0.30877549E-06 
5    48    0.15090162E-05 
5    49    -0.28083509E-05 
5    50    0.13546390E-05 
5    51    0.34425598E-07 
5    52    -0.30884396E-06 
5    53    0.15091349E-05 
5    54    -0.28085966E-05 
5    55    -0.13553223E-05 
5    56    0.34691452E-07 
MO:6   -0.97697650E+01
6    1    0.98900064E+00 
6    2    0.45473120E-01 
6    3    -0.19444612E-02 
6    4    0.42237274E-06 
6    5    0.13193141E-04 
6    6    -0.34518881E-01 
6    7    -0.11499520E-01 
6    8    -0.32250941E-02 
6    9    -0.59116218E-02 
6    10    0.61850179E-05 
6    11    -0.19266662E-03 
6    12    0.71630949E-03 
6    13    0.35182207E-03 
6    14    0.72977843E-04 
6    15    -0.20287012E-05 
6    16    0.67918058E-03 
6    17    -0.13290042E-03 
6    18    -0.25999674E-03 
6    19    0.40070415E-07 
6    20    -0.15340559E-05 
6    21    -0.19324636E-03 
6    22    0.71622309E-03 
6    23    0.35179902E-03 
6    24    -0.72761749E-04 
6    25    -0.20418496E-05 
6    26    -0.34517198E-01 
6    27    -0.11500244E-01 
6    28    -0.32253054E-02 
6    29    0.59117588E-02 
6    30    0.58013148E-05 
6    31    0.43899850E-03 
6    32    -0.10687925E-03 
6    33    -0.10693977E-03 
6    34    0.43903175E-03 
6    35    0.76901761E-05 
6    36    -0.67373505E-04 
6    37    -0.46374940E-04 
6    38    -0.58485690E-08 
6    39    -0.45461432E-05 
6    40    0.44622655E-05 
6    41    0.44653695E-05 
6    42    0.92567035E-03 
6    43    -0.73604875E-02 
6    44    0.50875754E-02 
6    45    -0.21232327E-06 
6    46    -0.77163644E-05 
6    47    0.19389689E-04 
6    48    0.99510997E-04 
6    49    -0.40374132E-04 
6    50    -0.12062126E-03 
6    51    0.19631819E-07 
6    52    0.19380413E-04 
6    53    0.99489693E-04 
6    54    -0.40419603E-04 
6    55    0.12055540E-03 
6    56    0.63863675E-07 
MO:7   -0.97565235E+01
7    1    0.64381655E-03 
7    2    -0.14977028E-03 
7    3    0.60141949E-04 
7    4    -0.81297727E-02 
7    5    0.10261245E-06 
7    6    -0.69053173E+00 
7    7    -0.32241992E-01 
7    8    0.97575946E-03 
7    9    -0.93654296E-03 
7    10    -0.13642249E-04 
7    11    0.31301055E-01 
7    12    0.85099969E-02 
7    13    0.46934891E-02 
7    14    0.18519118E-05 
7    15    -0.19481139E-04 
7    16    -0.44839970E-05 
7    17    0.15849439E-04 
7    18    0.51950639E-05 
7    19    0.48797891E-03 
7    20    -0.35674449E-08 
7    21    -0.32219195E-01 
7    22    -0.87388255E-02 
7    23    -0.48181092E-02 
7    24    0.96397244E-05 
7    25    0.20208431E-04 
7    26    0.70821863E+00 
7    27    0.33070814E-01 
7    28    -0.10058774E-02 
7    29    -0.95904671E-03 
7    30    0.14023599E-04 
7    31    0.64962926E-02 
7    32    -0.48160898E-03 
7    33    0.49265845E-03 
7    34    -0.66659584E-02 
7    35    0.23246418E-06 
7    36    -0.16793603E-05 
7    37    -0.13687389E-05 
7    38    -0.75868109E-04 
7    39    -0.49553691E-07 
7    40    0.15970588E-04 
7    41    -0.16603865E-04 
7    42    0.28761379E-06 
7    43    0.16676007E-05 
7    44    -0.74687313E-07 
7    45    0.12472085E-03 
7    46    -0.10152643E-07 
7    47    -0.55038121E-05 
7    48    0.57575811E-04 
7    49    -0.79060296E-05 
7    50    0.33631247E-04 
7    51    -0.14642947E-06 
7    52    0.57850276E-05 
7    53    -0.58462123E-04 
7    54    0.10010384E-04 
7    55    0.32798243E-04 
7    56    0.13078978E-06 
MO:8   -0.97564666E+01
8    1    0.50934606E-01 
8    2    -0.11773573E-01 
8    3    0.47475824E-02 
8    4    0.10277322E-03 
8    5    -0.13521454E-04 
8    6    0.70713019E+00 
8    7    0.33128926E-01 
8    8    -0.12271485E-02 
8    9    0.88480550E-03 
8    10    0.15332705E-04 
8    11    -0.37464353E-01 
8    12    -0.91983000E-02 
8    13    -0.49857393E-02 
8    14    -0.32142540E-03 
8    15    0.21884606E-04 
8    16    -0.35588240E-03 
8    17    0.12673837E-02 
8    18    0.40750012E-03 
8    19    -0.63355501E-05 
8    20    -0.46159746E-06 
8    21    -0.36639836E-01 
8    22    -0.89785946E-02 
8    23    -0.48652767E-02 
8    24    0.32104455E-03 
8    25    0.21538140E-04 
8    26    0.68941746E+00 
8    27    0.32302005E-01 
8    28    -0.12015310E-02 
8    29    -0.86121817E-03 
8    30    0.14969670E-04 
8    31    -0.67742558E-02 
8    32    0.45034429E-03 
8    33    0.43777194E-03 
8    34    -0.66077442E-02 
8    35    0.18694534E-04 
8    36    -0.13621469E-03 
8    37    -0.11022499E-03 
8    38    0.96934144E-06 
8    39    -0.36265297E-05 
8    40    -0.24861388E-04 
8    41    -0.24458754E-04 
8    42    0.23200266E-04 
8    43    0.12879305E-03 
8    44    -0.40872599E-05 
8    45    -0.15634619E-05 
8    46    0.52905540E-08 
8    47    0.10970606E-04 
8    48    -0.34707815E-04 
8    49    0.82341688E-04 
8    50    0.33140987E-04 
8    51    -0.14895631E-06 
8    52    0.10818655E-04 
8    53    -0.33189398E-04 
8    54    0.82073010E-04 
8    55    -0.34003450E-04 
8    56    -0.15424565E-06 
MO:9   -0.97479653E+01
9    1    0.12793880E-03 
9    2    -0.40470654E-05 
9    3    0.57453708E-05 
9    4    0.23996755E-03 
9    5    -0.69100253E-07 
9    6    0.34367711E-01 
9    7    -0.58823145E-02 
9    8    0.48749771E-02 
9    9    0.73208819E-04 
9    10    -0.17287792E-04 
9    11    0.72832823E+00 
9    12    0.33272950E-01 
9    13    0.60561420E-03 
9    14    0.82506648E-03 
9    15    -0.25931321E-04 
9    16    0.50275324E-03 
9    17    -0.55450308E-03 
9    18    -0.20406005E-03 
9    19    0.79799587E-02 
9    20    -0.63490775E-06 
9    21    -0.66937069E+00 
9    22    -0.30552692E-01 
9    23    -0.56029199E-03 
9    24    0.75266625E-03 
9    25    0.23414031E-04 
9    26    -0.31134168E-01 
9    27    0.54109053E-02 
9    28    -0.44672782E-02 
9    29    0.91668652E-04 
9    30    0.15934673E-04 
9    31    -0.12664699E-03 
9    32    -0.68969866E-02 
9    33    0.63264264E-02 
9    34    0.10336135E-03 
9    35    -0.12825062E-05 
9    36    0.24133172E-04 
9    37    0.60070689E-05 
9    38    -0.26974297E-03 
9    39    0.20519545E-05 
9    40    -0.99548511E-04 
9    41    0.82353853E-04 
9    42    0.88193488E-06 
9    43    -0.47433401E-05 
9    44    0.38247712E-05 
9    45    0.64687793E-04 
9    46    0.63550210E-08 
9    47    -0.26245123E-05 
9    48    0.21300525E-05 
9    49    -0.16787274E-04 
9    50    0.17971392E-04 
9    51    0.98829595E-08 
9    52    0.30483593E-05 
9    53    -0.38968762E-05 
9    54    0.18853448E-04 
9    55    0.18592923E-04 
9    56    -0.12912832E-07 
MO:10   -0.97479093E+01
10    1    0.30234215E-02 
10    2    -0.91781291E-04 
10    3    0.13543676E-03 
10    4    -0.10003144E-04 
10    5    -0.16754026E-05 
10    6    0.36704063E-01 
10    7    -0.53544349E-02 
10    8    0.46338956E-02 
10    9    -0.22733842E-03 
10    10    -0.17313546E-04 
10    11    0.66909544E+00 
10    12    0.30884109E-01 
10    13    0.51418229E-03 
10    14    0.82375931E-03 
10    15    -0.27734081E-04 
10    16    0.11895632E-01 
10    17    -0.13145435E-01 
10    18    -0.48356299E-02 
10    19    -0.33674156E-03 
10    20    -0.12761720E-04 
10    21    0.72807724E+00 
10    22    0.33577297E-01 
10    23    0.56357326E-03 
10    24    -0.89030643E-03 
10    25    -0.29711552E-04 
10    26    0.39447838E-01 
10    27    -0.58315438E-02 
10    28    0.50280432E-02 
10    29    0.22070808E-03 
10    30    -0.18897657E-04 
10    31    -0.26907373E-03 
10    32    -0.64789864E-02 
10    33    -0.70367296E-02 
10    34    -0.27856648E-03 
10    35    -0.30492725E-04 
10    36    0.57261355E-03 
10    37    0.14195348E-03 
10    38    0.11416517E-04 
10    39    0.48322505E-04 
10    40    -0.20074612E-03 
10    41    -0.20854215E-03 
10    42    0.20926577E-04 
10    43    -0.11272959E-03 
10    44    0.90789415E-04 
10    45    -0.27343772E-05 
10    46    0.26706093E-06 
10    47    0.51498892E-05 
10    48    -0.21079714E-04 
10    49    0.25250671E-04 
10    50    -0.81947613E-05 
10    51    -0.48350122E-07 
10    52    0.49093293E-05 
10    53    -0.20819848E-04 
10    54    0.23741590E-04 
10    55    0.66460172E-05 
10    56    -0.51564898E-07 
MO:11   -0.10624100E+01
11    1    -0.25674196E-01 
11    2    0.49876417E-01 
11    3    0.32091151E-01 
11    4    -0.76606400E-06 
11    5    -0.13408829E-04 
11    6    -0.42881722E-02 
11    7    0.10098749E-01 
11    8    0.48268119E-02 
11    9    0.46909754E-02 
11    10    -0.23721948E-05 
11    11    -0.43879782E-03 
11    12    0.11424655E-02 
11    13    0.76534236E-03 
11    14    0.70972699E-04 
11    15    -0.22993598E-05 
11    16    -0.18999306E-03 
11    17    0.46058867E-03 
11    18    0.23337098E-03 
11    19    0.16457972E-07 
11    20    0.21889476E-05 
11    21    -0.43883932E-03 
11    22    0.11424860E-02 
11    23    0.76535101E-03 
11    24    -0.70919522E-04 
11    25    -0.23379490E-05 
11    26    -0.42887382E-02 
11    27    0.10100536E-01 
11    28    0.48275036E-02 
11    29    -0.46917180E-02 
11    30    -0.19445696E-05 
11    31    0.25096066E-02 
11    32    0.72897926E-04 
11    33    0.72899126E-04 
11    34    0.25096250E-02 
11    35    -0.25490439E-04 
11    36    0.84793153E-04 
11    37    0.42072180E-04 
11    38    0.97206262E-09 
11    39    0.67536714E-05 
11    40    0.12744163E-04 
11    41    0.12745498E-04 
11    42    -0.18278232E+00 
11    43    0.54360427E+00 
11    44    0.10371168E+00 
11    45    0.40028478E-04 
11    46    0.74608456E-04 
11    47    -0.11267901E+00 
11    48    0.34794667E+00 
11    49    -0.72219798E-01 
11    50    -0.13500018E+00 
11    51    0.48853203E-04 
11    52    -0.11264901E+00 
11    53    0.34785563E+00 
11    54    -0.72196999E-01 
11    55    0.13496490E+00 
11    56    0.74828296E-04 
MO:12   -0.87331967E+00
12    1    -0.32769338E-05 
12    2    0.82114450E-05 
12    3    0.40094662E-05 
12    4    -0.18605392E-01 
12    5    -0.11082965E-05 
12    6    -0.52684917E-02 
12    7    0.11797461E-01 
12    8    0.68741501E-02 
12    9    0.11568892E-02 
12    10    -0.32619617E-07 
12    11    -0.69768067E-03 
12    12    0.20423057E-02 
12    13    0.12864088E-02 
12    14    -0.12434443E-04 
12    15    -0.33910308E-05 
12    16    -0.22664910E-06 
12    17    0.51661814E-06 
12    18    0.97436981E-07 
12    19    -0.38338736E-03 
12    20    0.43265136E-08 
12    21    0.69711909E-03 
12    22    -0.20408860E-02 
12    23    -0.12858201E-02 
12    24    -0.12802305E-04 
12    25    0.34579038E-05 
12    26    0.52665789E-02 
12    27    -0.11792791E-01 
12    28    -0.68725591E-02 
12    29    0.11552410E-02 
12    30    -0.74039466E-06 
12    31    0.65532843E-02 
12    32    0.17468604E-03 
12    33    -0.17450605E-03 
12    34    -0.65508079E-02 
12    35    -0.13175163E-06 
12    36    0.41903629E-06 
12    37    0.75816493E-07 
12    38    -0.24604907E-04 
12    39    0.44888056E-07 
12    40    0.13175513E-04 
12    41    -0.13038189E-04 
12    42    -0.16117614E-04 
12    43    0.58295722E-04 
12    44    0.60087272E-05 
12    45    -0.38508726E+00 
12    46    -0.36238756E-04 
12    47    0.15129086E+00 
12    48    -0.51062534E+00 
12    49    0.93815936E-01 
12    50    0.12896565E+00 
12    51    -0.70716240E-04 
12    52    -0.15131434E+00 
12    53    0.51070621E+00 
12    54    -0.93822338E-01 
12    55    0.12898869E+00 
12    56    0.95817224E-04 
MO:13   -0.81493772E+00
13    1    -0.11838682E-01 
13    2    0.28422232E-01 
13    3    -0.87801457E-02 
13    4    0.39968806E-06 
13    5    0.50538943E-04 
13    6    -0.15430933E-01 
13    7    0.37601169E-01 
13    8    -0.12623241E-01 
13    9    0.70350875E-02 
13    10    0.87332249E-04 
13    11    -0.40170614E-01 
13    12    0.97494159E-01 
13    13    -0.21740240E-01 
13    14    0.33675727E-01 
13    15    0.22236568E-03 
13    16    -0.11775238E+00 
13    17    0.27719579E+00 
13    18    -0.90461948E-01 
13    19    0.99387483E-06 
13    20    -0.41717195E-03 
13    21    -0.40170843E-01 
13    22    0.97494591E-01 
13    23    -0.21741376E-01 
13    24    -0.33677130E-01 
13    25    0.22228937E-03 
13    26    -0.15430397E-01 
13    27    0.37600027E-01 
13    28    -0.12621722E-01 
13    29    -0.70358732E-02 
13    30    0.88048376E-04 
13    31    0.48960721E-02 
13    32    0.17814166E-01 
13    33    0.17812075E-01 
13    34    0.48962332E-02 
13    35    -0.20233342E+00 
13    36    0.65398363E+00 
13    37    0.41613403E-01 
13    38    0.21204146E-04 
13    39    0.70604588E-01 
13    40    0.12897558E+00 
13    41    0.12897118E+00 
13    42    -0.19097388E-03 
13    43    0.10954035E-02 
13    44    -0.80429618E-02 
13    45    0.58135680E-06 
13    46    0.11570702E-04 
13    47    0.15489154E-02 
13    48    -0.53455711E-02 
13    49    -0.84481007E-04 
13    50    0.18479160E-02 
13    51    0.12610199E-05 
13    52    0.15493276E-02 
13    53    -0.53470116E-02 
13    54    -0.84150598E-04 
13    55    -0.18480893E-02 
13    56    0.92568671E-06 
MO:14   -0.72677046E+00
14    1    -0.13294621E+00 
14    2    0.33622749E+00 
14    3    -0.40950064E-01 
14    4    0.69314651E-05 
14    5    0.43894734E-03 
14    6    -0.10926266E+00 
14    7    0.27426296E+00 
14    8    -0.15755524E-01 
14    9    0.64557695E-01 
14    10    0.42569624E-03 
14    11    -0.83178804E-01 
14    12    0.20669895E+00 
14    13    0.48945739E-01 
14    14    0.37052941E-01 
14    15    0.12693966E-04 
14    16    -0.49603598E-01 
14    17    0.13161379E+00 
14    18    0.98213619E-01 
14    19    0.13586950E-05 
14    20    0.66660933E-03 
14    21    -0.83178442E-01 
14    22    0.20669811E+00 
14    23    0.48945263E-01 
14    24    -0.37050445E-01 
14    25    0.11256978E-04 
14    26    -0.10926721E+00 
14    27    0.27427346E+00 
14    28    -0.15747968E-01 
14    29    -0.64565101E-01 
14    30    0.42995819E-03 
14    31    0.48311308E-01 
14    32    0.35239925E-01 
14    33    0.35238573E-01 
14    34    0.48315933E-01 
14    35    0.63600061E-01 
14    36    -0.21347218E+00 
14    37    0.35853802E-01 
14    38    -0.78049039E-05 
14    39    -0.26718224E-01 
14    40    -0.56915651E-01 
14    41    -0.56912992E-01 
14    42    -0.16668785E-01 
14    43    0.63765855E-01 
14    44    -0.15028727E+00 
14    45    0.18200475E-05 
14    46    0.22173985E-03 
14    47    0.24532055E-01 
14    48    -0.89048388E-01 
14    49    -0.99036201E-02 
14    50    0.27108622E-01 
14    51    0.28310474E-04 
14    52    0.24532288E-01 
14    53    -0.89049150E-01 
14    54    -0.99010397E-02 
14    55    -0.27105929E-01 
14    56    0.23470784E-04 
MO:15   -0.64584259E+00
15    1    -0.12686024E+00 
15    2    0.33987383E+00 
15    3    0.90139324E-01 
15    4    0.35235586E-04 
15    5    0.10183952E-03 
15    6    -0.15852944E-01 
15    7    0.44931991E-01 
15    8    0.10419492E+00 
15    9    0.43397459E-01 
15    10    -0.26898712E-03 
15    11    0.88406008E-01 
15    12    -0.23191028E+00 
15    13    0.29967507E-01 
15    14    -0.54499951E-01 
15    15    -0.57794852E-04 
15    16    0.10579466E+00 
15    17    -0.29146333E+00 
15    18    -0.93868782E-01 
15    19    0.32821617E-04 
15    20    0.11572140E-03 
15    21    0.88340029E-01 
15    22    -0.23173688E+00 
15    23    0.30000952E-01 
15    24    0.54508944E-01 
15    25    -0.58044647E-04 
15    26    -0.15923522E-01 
15    27    0.45117028E-01 
15    28    0.10415967E+00 
15    29    -0.43394824E-01 
15    30    -0.26801476E-03 
15    31    0.15829702E-01 
15    32    -0.54293154E-01 
15    33    -0.54242715E-01 
15    34    0.15873946E-01 
15    35    -0.60910877E-01 
15    36    0.21475729E+00 
15    37    -0.11078556E+00 
15    38    0.19593021E-04 
15    39    0.33266017E-01 
15    40    0.81715177E-01 
15    41    0.81719604E-01 
15    42    -0.50974215E-01 
15    43    0.19447935E+00 
15    44    -0.29319100E+00 
15    45    -0.98680256E-06 
15    46    0.40653688E-03 
15    47    0.44825229E-01 
15    48    -0.17109826E+00 
15    49    -0.33603666E-01 
15    50    0.40107009E-01 
15    51    0.56094530E-04 
15    52    0.44819940E-01 
15    53    -0.17107756E+00 
15    54    -0.33597816E-01 
15    55    -0.40097049E-01 
15    56    0.48734577E-04 
MO:16   -0.63389177E+00
16    1    0.31194131E-04 
16    2    -0.85980526E-04 
16    3    -0.34939502E-04 
16    4    0.12874432E+00 
16    5    -0.45814032E-05 
16    6    0.12565351E+00 
16    7    -0.33529592E+00 
16    8    0.68113304E-01 
16    9    0.13215968E-01 
16    10    -0.68125596E-03 
16    11    0.12987556E+00 
16    12    -0.34471780E+00 
16    13    -0.59197628E-01 
16    14    0.13619709E-01 
16    15    -0.25157895E-03 
16    16    -0.28461736E-04 
16    17    0.79782813E-04 
16    18    0.23580217E-04 
16    19    0.14681283E+00 
16    20    -0.42963955E-05 
16    21    -0.12991594E+00 
16    22    0.34482564E+00 
16    23    0.59177662E-01 
16    24    0.13595818E-01 
16    25    0.24735274E-03 
16    26    -0.12564563E+00 
16    27    0.33527288E+00 
16    28    -0.68159329E-01 
16    29    0.13231711E-01 
16    30    0.68107703E-03 
16    31    -0.86033527E-01 
16    32    -0.95277613E-01 
16    33    0.95300887E-01 
16    34    0.86030456E-01 
16    35    0.15396592E-04 
16    36    -0.54366759E-04 
16    37    0.30056563E-04 
16    38    0.48550220E-01 
16    39    -0.17333691E-04 
16    40    -0.21785359E-01 
16    41    0.21743912E-01 
16    42    0.16471492E-04 
16    43    -0.62546802E-04 
16    44    0.89831349E-04 
16    45    -0.92958049E-02 
16    46    -0.51762511E-05 
16    47    0.81940258E-02 
16    48    -0.31559546E-01 
16    49    -0.13941282E-02 
16    50    0.84944092E-02 
16    51    0.67996185E-05 
16    52    -0.82223772E-02 
16    53    0.31668658E-01 
16    54    0.14158143E-02 
16    55    0.85174321E-02 
16    56    -0.76051696E-05 
MO:17   -0.55367202E+00
17    1    -0.11069278E-01 
17    2    0.34158830E-01 
17    3    0.21578434E+00 
17    4    -0.17476196E-04 
17    5    -0.60849119E-03 
17    6    0.88002619E-01 
17    7    -0.24600169E+00 
17    8    0.36811804E-01 
17    9    0.27767723E-02 
17    10    -0.66563051E-03 
17    11    -0.25964999E-02 
17    12    0.11745529E-01 
17    13    -0.14254221E+00 
17    14    0.73456341E-01 
17    15    -0.83956628E-03 
17    16    -0.12230130E+00 
17    17    0.35767288E+00 
17    18    -0.21025793E-01 
17    19    0.18527596E-04 
17    20    -0.47603026E-02 
17    21    -0.26133431E-02 
17    22    0.11790523E-01 
17    23    -0.14254839E+00 
17    24    -0.73467066E-01 
17    25    -0.83495905E-03 
17    26    0.88008940E-01 
17    27    -0.24601778E+00 
17    28    0.36793773E-01 
17    29    -0.27711005E-02 
17    30    -0.66496622E-03 
17    31    -0.74571971E-01 
17    32    0.27669832E-02 
17    33    0.27744270E-02 
17    34    -0.74584651E-01 
17    35    0.41104727E-01 
17    36    -0.15526599E+00 
17    37    0.23444958E+00 
17    38    0.36348604E-05 
17    39    -0.39400275E-01 
17    40    -0.11390252E+00 
17    41    -0.11388104E+00 
17    42    -0.73937125E-01 
17    43    0.29401798E+00 
17    44    -0.29643002E+00 
17    45    0.60179489E-06 
17    46    0.29832673E-03 
17    47    0.49313807E-01 
17    48    -0.20017274E+00 
17    49    -0.53264148E-01 
17    50    0.18615228E-01 
17    51    0.31972421E-04 
17    52    0.49313487E-01 
17    53    -0.20017056E+00 
17    54    -0.53258097E-01 
17    55    -0.18611788E-01 
17    56    0.27475952E-04 
MO:18   -0.51686001E+00
18    1    0.13909065E-05 
18    2    -0.24564765E-05 
18    3    -0.10066772E-04 
18    4    -0.20338355E+00 
18    5    0.99170618E-05 
18    6    -0.97366326E-01 
18    7    0.28064128E+00 
18    8    0.93473018E-01 
18    9    -0.59852177E-02 
18    10    0.38195469E-04 
18    11    0.75948966E-01 
18    12    -0.21746416E+00 
18    13    0.15139581E+00 
18    14    -0.84345839E-02 
18    15    -0.69350143E-03 
18    16    0.65816956E-05 
18    17    -0.20606866E-04 
18    18    0.14633835E-04 
18    19    0.25810493E+00 
18    20    -0.16115047E-04 
18    21    -0.75949039E-01 
18    22    0.21746223E+00 
18    23    -0.15135711E+00 
18    24    -0.84484246E-02 
18    25    0.69375982E-03 
18    26    0.97356748E-01 
18    27    -0.28061222E+00 
18    28    -0.93487543E-01 
18    29    -0.59946592E-02 
18    30    -0.31169769E-04 
18    31    0.12214788E+00 
18    32    -0.11662074E+00 
18    33    0.11659382E+00 
18    34    -0.12214760E+00 
18    35    -0.18775090E-05 
18    36    0.83619210E-05 
18    37    -0.27022908E-04 
18    38    0.25792173E+00 
18    39    -0.63286337E-04 
18    40    -0.14101805E+00 
18    41    0.14104464E+00 
18    42    0.15902867E-05 
18    43    -0.69176811E-05 
18    44    0.87028591E-05 
18    45    -0.25507689E-02 
18    46    0.16139723E-04 
18    47    -0.13191366E-01 
18    48    0.54452376E-01 
18    49    0.11193980E-01 
18    50    -0.12019900E-01 
18    51    -0.14423317E-04 
18    52    0.13190344E-01 
18    53    -0.54448074E-01 
18    54    -0.11189382E-01 
18    55    -0.12016996E-01 
18    56    0.22863633E-04 
MO:19   -0.46842293E+00
19    1    0.78847203E-01 
19    2    -0.23009933E+00 
19    3    0.22820882E+00 
19    4    -0.17807527E-04 
19    5    -0.24256561E-03 
19    6    0.36295609E-02 
19    7    -0.85274229E-02 
19    8    -0.10650012E+00 
19    9    -0.19512303E+00 
19    10    0.10576271E-02 
19    11    -0.78497651E-01 
19    12    0.24112010E+00 
19    13    0.16560928E-01 
19    14    -0.17284678E+00 
19    15    0.27122538E-02 
19    16    0.64003293E-01 
19    17    -0.19655094E+00 
19    18    0.64337648E-01 
19    19    0.42179654E-05 
19    20    0.87550198E-02 
19    21    -0.78504267E-01 
19    22    0.24114229E+00 
19    23    0.16567840E-01 
19    24    0.17286010E+00 
19    25    0.27103742E-02 
19    26    0.36287205E-02 
19    27    -0.85207697E-02 
19    28    -0.10652097E+00 
19    29    0.19514826E+00 
19    30    0.10478151E-02 
19    31    0.58758299E-01 
19    32    0.17766802E+00 
19    33    0.17768287E+00 
19    34    0.58774733E-01 
19    35    -0.35927113E-03 
19    36    -0.67551938E-04 
19    37    -0.19474471E+00 
19    38    -0.30725309E-05 
19    39    0.21877503E-01 
19    40    0.76157903E-01 
19    41    0.76145260E-01 
19    42    -0.62314453E-01 
19    43    0.25860599E+00 
19    44    -0.18168497E+00 
19    45    -0.14864616E-05 
19    46    0.33901947E-03 
19    47    0.40491118E-01 
19    48    -0.17299666E+00 
19    49    -0.56591234E-01 
19    50    -0.83117628E-02 
19    51    0.79987785E-04 
19    52    0.40491316E-01 
19    53    -0.17299670E+00 
19    54    -0.56586917E-01 
19    55    0.83131512E-02 
19    56    0.81716627E-04 
MO:20   -0.44321756E+00
20    1    0.26036071E-05 
20    2    -0.85397712E-05 
20    3    0.12549314E-04 
20    4    0.17935960E+00 
20    5    -0.18103616E-04 
20    6    0.36418059E-01 
20    7    -0.11408934E+00 
20    8    -0.15259429E+00 
20    9    -0.22567054E-01 
20    10    0.46423329E-03 
20    11    -0.62293997E-01 
20    12    0.19565098E+00 
20    13    0.22499564E-01 
20    14    -0.52144548E-01 
20    15    0.34392660E-03 
20    16    0.25382334E-06 
20    17    0.12650266E-05 
20    18    -0.95207878E-04 
20    19    0.30910760E-01 
20    20    -0.61202017E-04 
20    21    0.62304352E-01 
20    22    -0.19568013E+00 
20    23    -0.22518570E-01 
20    24    -0.52044359E-01 
20    25    -0.37833132E-03 
20    26    -0.36445677E-01 
20    27    0.11417724E+00 
20    28    0.15264966E+00 
20    29    -0.22465303E-01 
20    30    -0.48458882E-03 
20    31    -0.78029145E-01 
20    32    0.90869782E-01 
20    33    -0.90826196E-01 
20    34    0.78128851E-01 
20    35    -0.35447109E-05 
20    36    0.13195805E-04 
20    37    0.10342240E-03 
20    38    0.51370536E+00 
20    39    -0.20538239E-03 
20    40    -0.32350704E+00 
20    41    0.32343642E+00 
20    42    0.77226488E-05 
20    43    -0.32943525E-04 
20    44    0.31430957E-05 
20    45    0.18081388E-01 
20    46    -0.37410348E-04 
20    47    0.12987631E-01 
20    48    -0.56255731E-01 
20    49    -0.18194509E-01 
20    50    0.61781701E-02 
20    51    0.59071034E-05 
20    52    -0.13000080E-01 
20    53    0.56310593E-01 
20    54    0.18196590E-01 
20    55    0.61565900E-02 
20    56    -0.33194458E-04 
MO:21   -0.43274288E+00
21    1    0.73014168E-02 
21    2    -0.19929608E-01 
21    3    0.15522789E-01 
21    4    -0.70249633E-04 
21    5    -0.17818963E-02 
21    6    -0.51775345E-01 
21    7    0.17173194E+00 
21    8    0.10818021E+00 
21    9    -0.16140358E+00 
21    10    -0.23412345E-02 
21    11    0.28355018E-01 
21    12    -0.81052391E-01 
21    13    -0.21516868E-01 
21    14    -0.15577646E+00 
21    15    -0.69672616E-02 
21    16    -0.14333728E-01 
21    17    0.56559671E-01 
21    18    -0.35380757E+00 
21    19    -0.12947521E-04 
21    20    -0.25751206E-01 
21    21    0.28318631E-01 
21    22    -0.80936905E-01 
21    23    -0.21509068E-01 
21    24    0.15581871E+00 
21    25    -0.69700605E-02 
21    26    -0.51746329E-01 
21    27    0.17163935E+00 
21    28    0.10806493E+00 
21    29    0.16143488E+00 
21    30    -0.23587264E-02 
21    31    0.18681743E+00 
21    32    0.53682570E-01 
21    33    0.53748907E-01 
21    34    0.18676834E+00 
21    35    -0.53672525E-02 
21    36    0.16436390E-01 
21    37    0.41149940E+00 
21    38    -0.14281840E-03 
21    39    -0.50372282E-01 
21    40    -0.14943997E+00 
21    41    -0.14959414E+00 
21    42    0.32080052E-01 
21    43    -0.13838890E+00 
21    44    0.26046089E-01 
21    45    -0.64918453E-05 
21    46    -0.17022820E-02 
21    47    -0.24336318E-01 
21    48    0.10832545E+00 
21    49    0.12740133E-01 
21    50    0.39330473E-01 
21    51    -0.58879148E-03 
21    52    -0.24324948E-01 
21    53    0.10827507E+00 
21    54    0.12723201E-01 
21    55    -0.39332887E-01 
21    56    -0.59236417E-03 
MO:22   -0.39008885E+00
22    1    -0.81629238E-04 
22    2    0.30871935E-03 
22    3    0.64276409E-03 
22    4    -0.23639181E-05 
22    5    0.19258355E+00 
22    6    -0.83863985E-04 
22    7    0.37081353E-03 
22    8    0.15709499E-02 
22    9    -0.87495254E-03 
22    10    0.62734581E-01 
22    11    0.20351697E-03 
22    12    -0.57354403E-03 
22    13    -0.96398064E-03 
22    14    -0.40126420E-03 
22    15    0.23408158E-01 
22    16    -0.43845433E-03 
22    17    0.15275763E-02 
22    18    -0.16260738E-02 
22    19    -0.19690390E-04 
22    20    0.19052842E-01 
22    21    0.21417098E-03 
22    22    -0.60992942E-03 
22    23    -0.91669220E-03 
22    24    0.40215364E-03 
22    25    0.23408563E-01 
22    26    -0.98531364E-04 
22    27    0.41952165E-03 
22    28    0.15563654E-02 
22    29    0.89267910E-03 
22    30    0.62738431E-01 
22    31    0.12204589E-02 
22    32    0.26167036E-03 
22    33    0.23216811E-03 
22    34    0.12347783E-02 
22    35    0.47652250E-03 
22    36    -0.18847967E-02 
22    37    0.21601990E-02 
22    38    0.41496054E-04 
22    39    0.69275111E-02 
22    40    -0.66007400E-03 
22    41    -0.60448909E-03 
22    42    0.57529977E-03 
22    43    -0.24835100E-02 
22    44    0.16965750E-03 
22    45    -0.67179982E-04 
22    46    0.73631857E+00 
22    47    -0.49781458E-03 
22    48    0.22572528E-02 
22    49    0.47485788E-03 
22    50    0.98829204E-03 
22    51    0.30082502E+00 
22    52    -0.50001973E-03 
22    53    0.22672217E-02 
22    54    0.47928798E-03 
22    55    -0.10456192E-02 
22    56    0.30077669E+00 
MO:23   -0.35911021E+00
23    1    -0.40991503E-01 
23    2    0.13920132E+00 
23    3    0.76570198E-01 
23    4    0.46945642E-04 
23    5    0.82313621E-03 
23    6    0.31301859E-01 
23    7    -0.10152137E+00 
23    8    0.93172462E-01 
23    9    0.24813752E-01 
23    10    0.23607392E-02 
23    11    -0.18595113E-01 
23    12    0.68531483E-01 
23    13    -0.14134867E+00 
23    14    -0.35931593E-01 
23    15    0.80454815E-02 
23    16    0.60178529E-04 
23    17    -0.43745738E-02 
23    18    0.10780192E+00 
23    19    0.62805269E-04 
23    20    0.20512190E-01 
23    21    -0.18607835E-01 
23    22    0.68571157E-01 
23    23    -0.14135674E+00 
23    24    0.35815238E-01 
23    25    0.80555374E-02 
23    26    0.31301833E-01 
23    27    -0.10152543E+00 
23    28    0.93170386E-01 
23    29    -0.24921798E-01 
23    30    0.23677833E-02 
23    31    -0.59008145E-02 
23    32    0.11438201E+00 
23    33    0.11431221E+00 
23    34    -0.59884606E-02 
23    35    0.15416930E-01 
23    36    -0.67156570E-01 
23    37    -0.15002259E+00 
23    38    -0.15870985E-04 
23    39    0.21231383E-01 
23    40    0.51956394E-01 
23    41    0.51916576E-01 
23    42    0.90030782E-01 
23    43    -0.39612522E+00 
23    44    -0.29258879E+00 
23    45    0.38789784E-04 
23    46    -0.45501477E-02 
23    47    -0.11539067E+00 
23    48    0.53075261E+00 
23    49    0.30671341E-01 
23    50    0.29480655E+00 
23    51    -0.20219254E-02 
23    52    -0.11540315E+00 
23    53    0.53080681E+00 
23    54    0.30706807E-01 
23    55    -0.29480797E+00 
23    56    -0.20767087E-02 
MO:24   -0.35095257E+00
24    1    -0.77035226E-01 
24    2    0.25975646E+00 
24    3    -0.16915912E+00 
24    4    -0.25528306E-03 
24    5    -0.66904503E-03 
24    6    0.29847834E-01 
24    7    -0.10714695E+00 
24    8    -0.35668018E-01 
24    9    0.23128934E+00 
24    10    -0.23918618E-02 
24    11    -0.26970377E-01 
24    12    0.99120976E-01 
24    13    -0.91362003E-01 
24    14    -0.23997096E+00 
24    15    -0.52573393E-02 
24    16    0.58569553E-01 
24    17    -0.20233967E+00 
24    18    -0.20407022E+00 
24    19    -0.23636722E-03 
24    20    -0.16681966E-01 
24    21    -0.26967099E-01 
24    22    0.99097675E-01 
24    23    -0.90758194E-01 
24    24    0.24005740E+00 
24    25    -0.52378144E-02 
24    26    0.29822389E-01 
24    27    -0.10707248E+00 
24    28    -0.36236660E-01 
24    29    -0.23117885E+00 
24    30    -0.23508573E-02 
24    31    -0.22954176E+00 
24    32    0.25740130E+00 
24    33    0.25721333E+00 
24    34    -0.22965437E+00 
24    35    -0.32602691E-02 
24    36    0.89335184E-02 
24    37    0.11047089E+00 
24    38    0.18442001E-03 
24    39    -0.21163062E-01 
24    40    -0.31455890E-01 
24    41    -0.31145611E-01 
24    42    0.70462238E-04 
24    43    -0.11120685E-03 
24    44    0.13703493E+00 
24    45    -0.11903438E-03 
24    46    0.24705009E-02 
24    47    0.14310346E-01 
24    48    -0.68519020E-01 
24    49    0.40297811E-01 
24    50    -0.77033423E-01 
24    51    0.11340324E-02 
24    52    0.14379457E-01 
24    53    -0.68837322E-01 
24    54    0.40138603E-01 
24    55    0.77096581E-01 
24    56    0.11426030E-02 
MO:25   -0.34826035E+00
25    1    -0.54658621E-04 
25    2    0.18067091E-03 
25    3    -0.13914510E-03 
25    4    0.32674721E+00 
25    5    0.15944356E-04 
25    6    -0.44907314E-02 
25    7    0.16944734E-01 
25    8    -0.19045139E+00 
25    9    -0.21967095E+00 
25    10    0.89839627E-03 
25    11    0.16617930E-01 
25    12    -0.59519553E-01 
25    13    0.21463528E+00 
25    14    -0.18009185E+00 
25    15    -0.28043373E-03 
25    16    0.45317426E-04 
25    17    -0.15758070E-03 
25    18    -0.20452868E-03 
25    19    0.30853025E+00 
25    20    0.60593750E-04 
25    21    -0.16659357E-01 
25    22    0.59667768E-01 
25    23    -0.21473749E+00 
25    24    -0.17968814E+00 
25    25    0.34798977E-03 
25    26    0.45243023E-02 
25    27    -0.17074116E-01 
25    28    0.19038173E+00 
25    29    -0.22000248E+00 
25    30    -0.84771713E-03 
25    31    0.88662849E-01 
25    32    0.24002955E-01 
25    33    -0.23622065E-01 
25    34    -0.89018963E-01 
25    35    0.39153618E-06 
25    36    -0.48974912E-05 
25    37    0.13615436E-03 
25    38    -0.19096587E+00 
25    39    0.13729527E-03 
25    40    0.15858614E+00 
25    41    -0.15866611E+00 
25    42    -0.14232178E-04 
25    43    0.62611249E-04 
25    44    0.16278863E-03 
25    45    0.14103556E+00 
25    46    0.45915265E-04 
25    47    0.38753533E-01 
25    48    -0.18020417E+00 
25    49    -0.83450514E-01 
25    50    -0.53600425E-01 
25    51    0.42828305E-04 
25    52    -0.38690760E-01 
25    53    0.17990833E+00 
25    54    0.83491796E-01 
25    55    -0.53372621E-01 
25    56    -0.20974669E-04 
MO:26   -0.33340290E+00
26    1    0.43278053E-04 
26    2    -0.15186140E-03 
26    3    0.61811871E-04 
26    4    0.77428668E-02 
26    5    -0.10489107E-04 
26    6    0.24684808E-01 
26    7    -0.75715585E-01 
26    8    0.25592332E+00 
26    9    -0.20571540E+00 
26    10    -0.11469199E-02 
26    11    0.20717674E-01 
26    12    -0.60310621E-01 
26    13    -0.25546980E+00 
26    14    -0.22504145E+00 
26    15    0.10146043E-02 
26    16    -0.32079579E-04 
26    17    0.11121513E-03 
26    18    0.12791497E-03 
26    19    0.34687287E-01 
26    20    -0.40161829E-04 
26    21    -0.20687261E-01 
26    22    0.60199889E-01 
26    23    0.25551901E+00 
26    24    -0.22529193E+00 
26    25    -0.10645133E-02 
26    26    -0.24721664E-01 
26    27    0.75856768E-01 
26    28    -0.25582138E+00 
26    29    -0.20545412E+00 
26    30    0.11511945E-02 
26    31    0.21944694E+00 
26    32    0.24984299E+00 
26    33    -0.25010725E+00 
26    34    -0.21914787E+00 
26    35    0.12718961E-05 
26    36    -0.29011912E-05 
26    37    -0.82620458E-04 
26    38    0.70249220E-01 
26    39    -0.55250075E-04 
26    40    -0.44499064E-01 
26    41    0.44542740E-01 
26    42    -0.11459059E-04 
26    43    0.50749354E-04 
26    44    0.21810695E-06 
26    45    -0.18741984E-01 
26    46    -0.21656921E-04 
26    47    -0.91329129E-02 
26    48    0.41066633E-01 
26    49    0.27810410E-01 
26    50    -0.83651847E-02 
26    51    -0.31141043E-04 
26    52    0.91566963E-02 
26    53    -0.41174255E-01 
26    54    -0.27858076E-01 
26    55    -0.83359081E-02 
26    56    0.14334434E-04 
MO:27   -0.30244391E+00
27    1    -0.31450696E-01 
27    2    0.10341703E+00 
27    3    -0.88606221E-01 
27    4    -0.45703391E-04 
27    5    0.36455859E-01 
27    6    0.32450669E-02 
27    7    0.43986839E-03 
27    8    0.31330321E+00 
27    9    -0.44026222E-01 
27    10    0.47969540E-01 
27    11    0.10182878E-01 
27    12    -0.26121504E-01 
27    13    -0.29662831E+00 
27    14    0.12155146E-01 
27    15    0.78992944E-01 
27    16    -0.33366544E-01 
27    17    0.11300291E+00 
27    18    0.17994508E+00 
27    19    0.14550723E-03 
27    20    0.14315063E+00 
27    21    0.10192388E-01 
27    22    -0.26162371E-01 
27    23    -0.29678117E+00 
27    24    -0.12313961E-01 
27    25    0.79001723E-01 
27    26    0.32411632E-02 
27    27    0.45785654E-03 
27    28    0.31345648E+00 
27    29    0.44183992E-01 
27    30    0.47942745E-01 
27    31    0.16340081E+00 
27    32    0.11636517E+00 
27    33    0.11626769E+00 
27    34    0.16361482E+00 
27    35    0.33865604E-01 
27    36    -0.15183946E+00 
27    37    -0.21047469E+00 
27    38    0.97226810E-05 
27    39    0.11316515E+00 
27    40    0.73675865E-01 
27    41    0.73614428E-01 
27    42    0.88180732E-03 
27    43    -0.95152725E-02 
27    44    0.28259188E+00 
27    45    -0.28354879E-03 
27    46    -0.28700468E-01 
27    47    0.37276290E-01 
27    48    -0.17592599E+00 
27    49    0.37466859E-01 
27    50    -0.15091357E+00 
27    51    -0.16243315E-01 
27    52    0.37396032E-01 
27    53    -0.17649728E+00 
27    54    0.37143761E-01 
27    55    0.15123801E+00 
27    56    -0.16204131E-01 
MO:28   -0.29719344E+00
28    1    0.17402068E-04 
28    2    -0.56084161E-04 
28    3    0.58089295E-04 
28    4    0.17087572E-02 
28    5    -0.36737799E-04 
28    6    0.97370297E-02 
28    7    -0.39280732E-01 
28    8    -0.92874541E-01 
28    9    0.12672971E-01 
28    10    0.57051227E-03 
28    11    -0.73845477E-03 
28    12    0.42584559E-02 
28    13    0.90162082E-01 
28    14    -0.13789864E+00 
28    15    0.28102885E-03 
28    16    0.23434304E-04 
28    17    -0.81311810E-04 
28    18    -0.13613838E-03 
28    19    0.19661566E+00 
28    20    -0.37723369E-04 
28    21    0.72204185E-03 
28    22    -0.42152344E-02 
28    23    -0.89769589E-01 
28    24    -0.13786039E+00 
28    25    -0.34263647E-03 
28    26    -0.97404950E-02 
28    27    0.39276705E-01 
28    28    0.92452609E-01 
28    29    0.12607920E-01 
28    30    -0.63955353E-03 
28    31    -0.89762336E-01 
28    32    0.82747695E-01 
28    33    -0.82891668E-01 
28    34    0.89525908E-01 
28    35    -0.18813612E-04 
28    36    0.85674628E-04 
28    37    0.15469525E-03 
28    38    -0.58275269E-01 
28    39    0.22995981E-04 
28    40    0.62853175E-01 
28    41    -0.62956102E-01 
28    42    -0.24696505E-05 
28    43    0.18198312E-04 
28    44    -0.18869856E-03 
28    45    -0.45319727E+00 
28    46    -0.85952796E-05 
28    47    -0.95660015E-01 
28    48    0.45840767E+00 
28    49    0.25597461E+00 
28    50    0.27629219E+00 
28    51    0.28135677E-04 
28    52    0.95610017E-01 
28    53    -0.45816557E+00 
28    54    -0.25599352E+00 
28    55    0.27608522E+00 
28    56    0.61816017E-04 
MO:29   -0.28781157E+00
29    1    0.75683274E-02 
29    2    -0.24906218E-01 
29    3    0.16957125E-01 
29    4    -0.18129206E-04 
29    5    0.17725563E+00 
29    6    -0.29005316E-02 
29    7    0.71691449E-02 
29    8    -0.88933204E-01 
29    9    0.14054630E-01 
29    10    0.21973447E+00 
29    11    -0.64363293E-03 
29    12    0.29043875E-03 
29    13    0.86265654E-01 
29    14    -0.13289773E-01 
29    15    0.29520161E+00 
29    16    0.43008709E-02 
29    17    -0.12804351E-01 
29    18    -0.96577086E-01 
29    19    -0.58965754E-04 
29    20    0.45270257E+00 
29    21    -0.62932751E-03 
29    22    0.23507459E-03 
29    23    0.86423985E-01 
29    24    0.13339548E-01 
29    25    0.29519496E+00 
29    26    -0.29126526E-02 
29    27    0.72107593E-02 
29    28    -0.89044323E-01 
29    29    -0.14051481E-01 
29    30    0.21974019E+00 
29    31    -0.47877896E-01 
29    32    -0.33462334E-01 
29    33    -0.33492561E-01 
29    34    -0.47927953E-01 
29    35    0.71781623E-02 
29    36    -0.27380114E-01 
29    37    0.11766028E+00 
29    38    0.18891215E-03 
29    39    0.32067215E+00 
29    40    -0.25357496E-01 
29    41    -0.25204674E-01 
29    42    -0.17947374E-02 
29    43    0.96724139E-02 
29    44    -0.65542319E-01 
29    45    0.22168285E-04 
29    46    -0.11379092E+00 
29    47    -0.74777031E-02 
29    48    0.35439547E-01 
29    49    -0.99546948E-02 
29    50    0.32728138E-01 
29    51    -0.69233795E-01 
29    52    -0.74810783E-02 
29    53    0.35455813E-01 
29    54    -0.99438368E-02 
29    55    -0.32728867E-01 
29    56    -0.69230357E-01 
MO:30   -0.25513797E+00
30    1    -0.23583840E-06 
30    2    -0.47538213E-05 
30    3    0.10203004E-04 
30    4    0.33318356E+00 
30    5    0.29254540E-04 
30    6    0.76671585E-02 
30    7    -0.15921800E-01 
30    8    -0.32229038E-01 
30    9    -0.29433943E+00 
30    10    -0.75262765E-03 
30    11    -0.62273841E-02 
30    12    0.13195357E-01 
30    13    -0.16621851E-01 
30    14    0.25295963E+00 
30    15    -0.15779180E-02 
30    16    -0.69580677E-05 
30    17    0.27757051E-04 
30    18    0.43034801E-04 
30    19    -0.31481786E+00 
30    20    -0.35696021E-04 
30    21    0.62282833E-02 
30    22    -0.13193037E-01 
30    23    0.16554697E-01 
30    24    0.25293812E+00 
30    25    0.16157341E-02 
30    26    -0.76637544E-02 
30    27    0.15907742E-01 
30    28    0.32321970E-01 
30    29    -0.29430476E+00 
30    30    0.86558405E-03 
30    31    0.24954509E+00 
30    32    -0.24571714E+00 
30    33    0.24573644E+00 
30    34    -0.24949163E+00 
30    35    -0.66253445E-06 
30    36    0.10616554E-05 
30    37    -0.46406001E-04 
30    38    0.40898352E-01 
30    39    -0.12224012E-03 
30    40    -0.70033947E-01 
30    41    0.70056737E-01 
30    42    -0.36905944E-06 
30    43    0.27762275E-05 
30    44    0.20982070E-04 
30    45    -0.15271550E+00 
30    46    -0.23857369E-04 
30    47    -0.29734781E-01 
30    48    0.14407007E+00 
30    49    0.10276123E+00 
30    50    0.11200367E+00 
30    51    0.36835024E-04 
30    52    0.29741437E-01 
30    53    -0.14409962E+00 
30    54    -0.10275721E+00 
30    55    0.11202282E+00 
30    56    -0.21889599E-04 
MO:31   -0.21353475E+00
31    1    0.55416631E-03 
31    2    -0.18486293E-02 
31    3    -0.14174258E-02 
31    4    0.25069639E-04 
31    5    -0.42812667E+00 
31    6    -0.15539244E-02 
31    7    0.54963049E-02 
31    8    -0.14971174E-01 
31    9    0.16315506E-02 
31    10    -0.33785580E+00 
31    11    0.10733351E-02 
31    12    -0.42911472E-02 
31    13    0.12523412E-01 
31    14    -0.59415103E-02 
31    15    -0.56836370E-01 
31    16    -0.43887362E-02 
31    17    0.16001410E-01 
31    18    -0.40320168E-01 
31    19    -0.73741129E-04 
31    20    0.30509057E+00 
31    21    0.10892683E-02 
31    22    -0.43525230E-02 
31    23    0.12598532E-01 
31    24    0.60660112E-02 
31    25    -0.56846753E-01 
31    26    -0.15627864E-02 
31    27    0.55263558E-02 
31    28    -0.15025270E-01 
31    29    -0.17471798E-02 
31    30    -0.33788964E+00 
31    31    -0.71390494E-02 
31    32    -0.66589584E-02 
31    33    -0.65867245E-02 
31    34    -0.72371471E-02 
31    35    0.22380731E-01 
31    36    -0.10046080E+00 
31    37    0.64440249E-01 
31    38    0.20567083E-03 
31    39    0.51171615E+00 
31    40    0.98625225E-02 
31    41    0.99551296E-02 
31    42    -0.56072902E-03 
31    43    0.28832902E-02 
31    44    -0.56312526E-02 
31    45    -0.63832388E-05 
31    46    0.12501778E+00 
31    47    -0.37534252E-03 
31    48    0.18042740E-02 
31    49    -0.13685799E-02 
31    50    0.22787086E-02 
31    51    0.12120222E+00 
31    52    -0.37542643E-03 
31    53    0.18056017E-02 
31    54    -0.13789507E-02 
31    55    -0.23302674E-02 
31    56    0.12117708E+00 
MO:32   -0.16887904E+00
32    1    -0.33918575E-05 
32    2    0.13838843E-04 
32    3    -0.20419417E-05 
32    4    0.95413582E-03 
32    5    -0.21781306E-04 
32    6    0.29048563E-03 
32    7    -0.95200283E-03 
32    8    0.22967581E-02 
32    9    -0.67142025E-03 
32    10    0.46120674E+00 
32    11    -0.33144565E-03 
32    12    0.18804078E-02 
32    13    0.25004988E-03 
32    14    0.18264477E-02 
32    15    0.45668549E+00 
32    16    0.32828182E-05 
32    17    -0.13267095E-04 
32    18    -0.74295954E-05 
32    19    -0.25470872E-04 
32    20    -0.11657427E-04 
32    21    0.32714466E-03 
32    22    -0.18603866E-02 
32    23    -0.27466230E-03 
32    24    0.18381195E-02 
32    25    -0.45663778E+00 
32    26    -0.28640397E-03 
32    27    0.93496232E-03 
32    28    -0.23216531E-02 
32    29    -0.72183461E-03 
32    30    -0.46118672E+00 
32    31    0.99134223E-03 
32    32    -0.16149911E-02 
32    33    0.16229936E-02 
32    34    -0.10053143E-02 
32    35    -0.45337550E-06 
32    36    0.33085787E-06 
32    37    -0.11495349E-05 
32    38    0.35582433E-02 
32    39    -0.42000565E-04 
32    40    0.28994337E-02 
32    41    -0.28947206E-02 
32    42    0.66356148E-07 
32    43    0.14293511E-06 
32    44    -0.38416141E-05 
32    45    -0.61262132E-04 
32    46    0.49349811E-05 
32    47    -0.23390466E-04 
32    48    0.10702008E-03 
32    49    0.23082577E-03 
32    50    -0.74956248E-04 
32    51    -0.25152660E-01 
32    52    0.21767046E-04 
32    53    -0.99721545E-04 
32    54    -0.21192097E-03 
32    55    -0.80882468E-04 
32    56    0.25163212E-01 
MO:33   -0.10913845E+00
33    1    0.33206637E-03 
33    2    -0.12996407E-02 
33    3    -0.47598754E-03 
33    4    0.28790227E-04 
33    5    0.43495942E+00 
33    6    -0.46949793E-03 
33    7    0.19642756E-02 
33    8    -0.25048497E-02 
33    9    0.14883932E-03 
33    10    0.89656983E-01 
33    11    0.64283156E-03 
33    12    -0.30066263E-02 
33    13    0.79160889E-03 
33    14    -0.84100999E-03 
33    15    -0.35884099E+00 
33    16    -0.37716982E-02 
33    17    0.10077084E-01 
33    18    -0.14009517E-01 
33    19    -0.20198748E-04 
33    20    -0.25265161E+00 
33    21    0.65846170E-03 
33    22    -0.30731689E-02 
33    23    0.82346489E-03 
33    24    0.92146459E-03 
33    25    -0.35890247E+00 
33    26    -0.47344764E-03 
33    27    0.19793551E-02 
33    28    -0.25265147E-02 
33    29    -0.15480938E-03 
33    30    0.89637318E-01 
33    31    -0.90627225E-03 
33    32    -0.14858139E-02 
33    33    -0.14656315E-02 
33    34    -0.94142077E-03 
33    35    0.29374598E-01 
33    36    -0.14474335E+00 
33    37    0.65733366E-01 
33    38    0.21831716E-03 
33    39    0.65861569E+00 
33    40    0.42283931E-01 
33    41    0.42254431E-01 
33    42    -0.12892637E-03 
33    43    0.66498437E-03 
33    44    -0.74262886E-03 
33    45    -0.20168074E-05 
33    46    -0.22993460E-01 
33    47    -0.19873313E-04 
33    48    0.10292801E-03 
33    49    -0.21237150E-02 
33    50    0.72853161E-03 
33    51    -0.12979650E+00 
33    52    -0.19003281E-04 
33    53    0.98786268E-04 
33    54    -0.21080073E-02 
33    55    -0.65483229E-03 
33    56    -0.12945510E+00 
MO:34   -0.10480906E+00
34    1    0.19824744E-05 
34    2    -0.98291879E-05 
34    3    -0.99495232E-05 
34    4    -0.71886396E-05 
34    5    -0.10114757E-03 
34    6    -0.41760585E-06 
34    7    0.15248357E-06 
34    8    -0.10005125E-03 
34    9    -0.51603275E-06 
34    10    -0.73187871E-02 
34    11    0.20503842E-04 
34    12    -0.12483245E-03 
34    13    -0.74679763E-05 
34    14    -0.91433829E-04 
34    15    -0.27426767E-01 
34    16    0.16175344E-05 
34    17    -0.55732172E-05 
34    18    0.15272508E-05 
34    19    -0.62792498E-04 
34    20    0.64544516E-04 
34    21    -0.21052563E-04 
34    22    0.12736874E-03 
34    23    0.11086450E-04 
34    24    -0.91446967E-04 
34    25    0.27589755E-01 
34    26    0.20465450E-05 
34    27    -0.76980156E-05 
34    28    0.97912722E-04 
34    29    -0.14897196E-04 
34    30    0.72611385E-02 
34    31    -0.42621439E-04 
34    32    0.74278968E-04 
34    33    -0.69688494E-04 
34    34    0.46332666E-04 
34    35    -0.71238199E-05 
34    36    0.35412095E-04 
34    37    -0.13472751E-04 
34    38    -0.26113280E-03 
34    39    -0.15113453E-03 
34    40    -0.23821981E-03 
34    41    0.21669702E-03 
34    42    -0.53091298E-06 
34    43    0.27189233E-05 
34    44    -0.16825847E-05 
34    45    -0.31905614E-04 
34    46    0.38913920E-04 
34    47    -0.21763588E-04 
34    48    0.90168995E-04 
34    49    -0.35746713E-03 
34    50    0.19660234E-03 
34    51    -0.71048444E+00 
34    52    0.22124274E-04 
34    53    -0.91543834E-04 
34    54    0.32215474E-03 
34    55    0.53770606E-04 
34    56    0.71057914E+00 
MO:35   -0.90813533E-01
35    1    -0.55292727E-01 
35    2    0.25531155E+00 
35    3    0.34088685E+00 
35    4    -0.46472181E-05 
35    5    0.47654910E-03 
35    6    0.66764980E-02 
35    7    -0.26923292E-01 
35    8    -0.37685639E-01 
35    9    -0.80015273E-01 
35    10    0.26710450E-03 
35    11    -0.85931972E-02 
35    12    0.35293343E-01 
35    13    0.53661173E-01 
35    14    -0.26359820E-03 
35    15    -0.14182222E-02 
35    16    -0.51144823E-02 
35    17    0.24330183E-01 
35    18    0.12871196E-01 
35    19    -0.29174927E-05 
35    20    -0.41556349E-03 
35    21    -0.85922867E-02 
35    22    0.35288514E-01 
35    23    0.53661541E-01 
35    24    0.26189508E-03 
35    25    -0.14077744E-02 
35    26    0.66715489E-02 
35    27    -0.26898238E-01 
35    28    -0.37685017E-01 
35    29    0.79997961E-01 
35    30    0.27577163E-03 
35    31    -0.45733814E-01 
35    32    -0.42377781E-01 
35    33    -0.42375920E-01 
35    34    -0.45738363E-01 
35    35    -0.14550763E-02 
35    36    0.81469004E-02 
35    37    0.10138559E-03 
35    38    0.20408075E-05 
35    39    0.36594664E-02 
35    40    -0.32933104E-02 
35    41    -0.32931050E-02 
35    42    0.46355837E-02 
35    43    -0.19760552E-01 
35    44    -0.19657025E-01 
35    45    0.67874863E-05 
35    46    -0.48340637E-04 
35    47    -0.32108285E-02 
35    48    0.11384848E-01 
35    49    0.64523118E+00 
35    50    -0.12859360E+00 
35    51    -0.91185578E-03 
35    52    -0.32134124E-02 
35    53    0.11397758E-01 
35    54    0.64510972E+00 
35    55    0.12843850E+00 
35    56    -0.84637589E-03 
MO:36   -0.61948186E-01
36    1    -0.53007498E-05 
36    2    0.27199150E-04 
36    3    0.37887609E-04 
36    4    -0.25578167E-03 
36    5    -0.15830438E-04 
36    6    -0.13651639E-01 
36    7    0.63652613E-01 
36    8    0.36741611E-01 
36    9    0.10343098E-04 
36    10    0.50158108E-04 
36    11    0.63837695E-02 
36    12    -0.28392960E-01 
36    13    -0.30116669E-01 
36    14    -0.30847929E-02 
36    15    0.29449826E-03 
36    16    -0.90190334E-06 
36    17    0.45387928E-05 
36    18    0.24472588E-05 
36    19    -0.12032402E-01 
36    20    0.20561205E-04 
36    21    -0.63847964E-02 
36    22    0.28397656E-01 
36    23    0.30126120E-01 
36    24    -0.30845445E-02 
36    25    -0.28135577E-03 
36    26    0.13650439E-01 
36    27    -0.63644969E-01 
36    28    -0.36739804E-01 
36    29    0.34915271E-04 
36    30    -0.81671724E-04 
36    31    -0.51520120E-02 
36    32    0.83916214E-02 
36    33    -0.84017695E-02 
36    34    0.51363811E-02 
36    35    -0.83386633E-06 
36    36    0.44267620E-05 
36    37    -0.26218051E-05 
36    38    0.18768582E-02 
36    39    -0.17274173E-04 
36    40    -0.42922419E-02 
36    41    0.42887995E-02 
36    42    0.13255186E-05 
36    43    -0.33839395E-05 
36    44    0.12812047E-04 
36    45    0.10241236E-01 
36    46    0.56686302E-06 
36    47    0.17063133E-03 
36    48    -0.44321086E-02 
36    49    -0.50862672E+00 
36    50    0.50864113E+00 
36    51    0.37321664E-03 
36    52    -0.16923251E-03 
36    53    0.44232211E-02 
36    54    0.50879880E+00 
36    55    0.50870335E+00 
36    56    -0.26727820E-03 
MO:37   0.32181356E-01
37    1    0.19864469E-03 
37    2    -0.11261024E-02 
37    3    0.52507615E-04 
37    4    -0.89760967E-05 
37    5    -0.37662347E+00 
37    6    0.29574232E-03 
37    7    -0.13132720E-02 
37    8    0.26644278E-02 
37    9    0.56490515E-03 
37    10    0.32957524E+00 
37    11    -0.15436295E-03 
37    12    0.93171576E-03 
37    13    0.28186584E-03 
37    14    0.30145806E-02 
37    15    0.90518727E-01 
37    16    0.56694892E-03 
37    17    -0.75204958E-02 
37    18    0.71473841E-02 
37    19    0.12067687E-04 
37    20    -0.43990505E+00 
37    21    -0.14788780E-03 
37    22    0.89883746E-03 
37    23    0.31011214E-03 
37    24    -0.29844866E-02 
37    25    0.90465563E-01 
37    26    0.29564030E-03 
37    27    -0.13126996E-02 
37    28    0.26639577E-02 
37    29    -0.50602474E-03 
37    30    0.32966634E+00 
37    31    0.12332065E-02 
37    32    0.11407389E-02 
37    33    0.11322830E-02 
37    34    0.12162690E-02 
37    35    0.13397188E-01 
37    36    -0.74975675E-01 
37    37    0.40832095E-01 
37    38    0.10203581E-03 
37    39    0.27241376E+00 
37    40    0.38944412E-01 
37    41    0.38863096E-01 
37    42    -0.20132279E-04 
37    43    0.10612090E-03 
37    44    -0.26447710E-03 
37    45    0.38704887E-04 
37    46    -0.41925838E+00 
37    47    0.29015804E-04 
37    48    -0.12835196E-03 
37    49    0.59951373E-03 
37    50    -0.23250474E-03 
37    51    0.47253276E+00 
37    52    0.29585283E-04 
37    53    -0.13161657E-03 
37    54    0.62010980E-03 
37    55    0.14331084E-03 
37    56    0.47252931E+00 
MO:38   0.58378874E-01
38    1    -0.42518156E-05 
38    2    0.20878918E-04 
38    3    0.85991087E-05 
38    4    0.60086508E-03 
38    5    0.89568638E-05 
38    6    0.11840056E-03 
38    7    -0.64684363E-03 
38    8    -0.81142959E-03 
38    9    0.10924606E-03 
38    10    -0.56964626E+00 
38    11    -0.86111122E-03 
38    12    0.50661888E-02 
38    13    0.33914205E-04 
38    14    0.27508471E-02 
38    15    0.57247961E+00 
38    16    -0.28199942E-05 
38    17    0.14861751E-04 
38    18    -0.85037182E-05 
38    19    0.43785522E-02 
38    20    0.41585748E-04 
38    21    0.85571058E-03 
38    22    -0.50358951E-02 
38    23    -0.68659647E-04 
38    24    0.27705395E-02 
38    25    -0.57246487E+00 
38    26    -0.12215902E-03 
38    27    0.66665903E-03 
38    28    0.84311664E-03 
38    29    0.17549507E-03 
38    30    0.56957750E+00 
38    31    0.98707116E-03 
38    32    -0.19157345E-02 
38    33    0.18688338E-02 
38    34    -0.10256878E-02 
38    35    0.36032447E-05 
38    36    -0.23255180E-04 
38    37    -0.98739731E-05 
38    38    0.10245733E-01 
38    39    -0.37692336E-04 
38    40    0.92341396E-02 
38    41    -0.92124141E-02 
38    42    0.34755643E-05 
38    43    -0.20644171E-04 
38    44    0.16926022E-04 
38    45    0.26189473E-04 
38    46    0.24599016E-04 
38    47    -0.99154482E-06 
38    48    0.24833766E-06 
38    49    0.21267271E-04 
38    50    0.10472690E-03 
38    51    -0.14827016E-01 
38    52    0.84447746E-06 
38    53    0.14937710E-05 
38    54    -0.37938869E-04 
38    55    0.10978400E-03 
38    56    0.14781267E-01 
MO:39   0.10009529E+00
39    1    0.36531436E-03 
39    2    -0.20486132E-02 
39    3    0.40607456E-03 
39    4    -0.26055869E-04 
39    5    -0.47130218E+00 
39    6    0.45933330E-03 
39    7    -0.22705557E-02 
39    8    0.26661953E-02 
39    9    0.10807227E-02 
39    10    0.12304658E+00 
39    11    -0.31273737E-03 
39    12    0.20278517E-02 
39    13    0.13878106E-02 
39    14    0.52483203E-02 
39    15    0.29912694E+00 
39    16    0.19520116E-02 
39    17    -0.15345362E-01 
39    18    0.12094350E-01 
39    19    0.91811275E-05 
39    20    -0.54277641E+00 
39    21    -0.30286963E-03 
39    22    0.19751432E-02 
39    23    0.14198930E-02 
39    24    -0.52274719E-02 
39    25    0.29914421E+00 
39    26    0.45306784E-03 
39    27    -0.22389754E-02 
39    28    0.26712136E-02 
39    29    -0.10912786E-02 
39    30    0.12307445E+00 
39    31    0.23295138E-02 
39    32    0.21997105E-02 
39    33    0.22203107E-02 
39    34    0.23245907E-02 
39    35    0.14084507E-01 
39    36    -0.83874224E-01 
39    37    0.53028656E-01 
39    38    0.10819292E-03 
39    39    0.24627674E+00 
39    40    0.53120097E-01 
39    41    0.53008743E-01 
39    42    -0.41478384E-05 
39    43    0.56159674E-04 
39    44    0.29778975E-03 
39    45    -0.57198557E-04 
39    46    0.54933841E+00 
39    47    0.20841565E-04 
39    48    -0.11251096E-03 
39    49    0.13878772E-03 
39    50    -0.52182643E-04 
39    51    -0.41000524E+00 
39    52    0.22084774E-04 
39    53    -0.12014381E-03 
39    54    0.16645228E-03 
39    55    0.12411447E-03 
39    56    -0.40999200E+00 
MO:40   0.21098504E+00
40    1    0.38350261E-02 
40    2    -0.20766112E-01 
40    3    -0.13712241E-01 
40    4    0.93511464E-05 
40    5    0.56221762E+00 
40    6    0.22865666E-03 
40    7    -0.16642217E-02 
40    8    -0.43119958E-02 
40    9    0.72538892E-02 
40    10    -0.51164082E+00 
40    11    0.11400550E-02 
40    12    -0.56079826E-02 
40    13    0.19605325E-03 
40    14    0.12308707E-01 
40    15    0.48344592E+00 
40    16    0.34569625E-02 
40    17    -0.24585036E-01 
40    18    0.10115214E-01 
40    19    0.53471776E-05 
40    20    -0.49358146E+00 
40    21    0.11526981E-02 
40    22    -0.56818572E-02 
40    23    0.24305263E-03 
40    24    -0.12320653E-01 
40    25    0.48345543E+00 
40    26    0.22997670E-03 
40    27    -0.16732395E-02 
40    28    -0.43570599E-02 
40    29    -0.73311812E-02 
40    30    -0.51165195E+00 
40    31    0.12203533E-01 
40    32    0.99111288E-02 
40    33    0.99790107E-02 
40    34    0.12247578E-01 
40    35    0.17282688E-01 
40    36    -0.11286039E+00 
40    37    0.76373625E-01 
40    38    0.10559198E-03 
40    39    0.14693320E+00 
40    40    0.87376286E-01 
40    41    0.87229936E-01 
40    42    -0.35669712E-02 
40    43    0.22196983E-01 
40    44    -0.14038897E-01 
40    45    0.30536184E-04 
40    46    -0.22597135E+00 
40    47    0.53693535E-03 
40    48    -0.32127593E-02 
40    49    0.81595118E-02 
40    50    0.34427989E-02 
40    51    0.11382119E+00 
40    52    0.53528508E-03 
40    53    -0.32019770E-02 
40    54    0.81407130E-02 
40    55    -0.34519993E-02 
40    56    0.11381580E+00 
MO:41   0.23678902E+00
41    1    0.12008255E+00 
41    2    -0.66062763E+00 
41    3    -0.67184810E+00 
41    4    0.32786321E-05 
41    5    -0.15831720E-01 
41    6    0.34316393E-02 
41    7    -0.32326780E-01 
41    8    -0.13323624E+00 
41    9    0.21667525E+00 
41    10    0.16704662E-01 
41    11    0.41124692E-01 
41    12    -0.23614109E+00 
41    13    -0.94222083E-01 
41    14    0.13647289E+00 
41    15    -0.17638445E-01 
41    16    0.20713050E-01 
41    17    -0.12440503E+00 
41    18    0.64601837E-02 
41    19    0.13409970E-04 
41    20    0.25051520E-01 
41    21    0.41130558E-01 
41    22    -0.23616662E+00 
41    23    -0.94237503E-01 
41    24    -0.13648322E+00 
41    25    -0.17681674E-01 
41    26    0.34257014E-02 
41    27    -0.32302813E-01 
41    28    -0.13320478E+00 
41    29    -0.21670433E+00 
41    30    0.16781042E-01 
41    31    0.35191446E+00 
41    32    0.23338234E+00 
41    33    0.23340485E+00 
41    34    0.35190688E+00 
41    35    -0.30331506E-03 
41    36    -0.62726777E-03 
41    37    0.82741559E-01 
41    38    -0.14874479E-04 
41    39    -0.16316224E-01 
41    40    0.31838331E-01 
41    41    0.31851285E-01 
41    42    -0.13628795E+00 
41    43    0.85679020E+00 
41    44    -0.50610065E+00 
41    45    -0.38340419E-04 
41    46    0.70432650E-02 
41    47    0.20644389E-01 
41    48    -0.12566976E+00 
41    49    0.28052802E+00 
41    50    0.14730511E+00 
41    51    -0.32746123E-02 
41    52    0.20650208E-01 
41    53    -0.12570513E+00 
41    54    0.28058414E+00 
41    55    -0.14735296E+00 
41    56    -0.33080058E-02 
MO:42   0.28352326E+00
42    1    -0.14353431E-01 
42    2    0.73680574E-01 
42    3    0.12826772E+00 
42    4    0.28938444E-04 
42    5    0.16667552E-01 
42    6    0.44507415E-01 
42    7    -0.26143917E+00 
42    8    0.10968648E+00 
42    9    0.87586053E-01 
42    10    -0.19621713E-01 
42    11    -0.47559633E-02 
42    12    0.16439181E-01 
42    13    0.18423445E+00 
42    14    0.14732497E+00 
42    15    0.28963082E-01 
42    16    0.79645885E-01 
42    17    -0.44728521E+00 
42    18    0.50664621E+00 
42    19    0.45550703E-04 
42    20    -0.45083716E-01 
42    21    -0.47507569E-02 
42    22    0.16406590E-01 
42    23    0.18432026E+00 
42    24    -0.14732035E+00 
42    25    0.28904516E-01 
42    26    0.44514598E-01 
42    27    -0.26148295E+00 
42    28    0.10972456E+00 
42    29    -0.87528499E-01 
42    30    -0.19586441E-01 
42    31    0.17004232E+00 
42    32    0.28425311E+00 
42    33    0.28429767E+00 
42    34    0.16999885E+00 
42    35    -0.18388446E+00 
42    36    0.12331784E+01 
42    37    0.56115658E-01 
42    38    0.13333888E-03 
42    39    0.23559906E+00 
42    40    -0.66167903E+00 
42    41    -0.66177151E+00 
42    42    0.21181659E-01 
42    43    -0.13453603E+00 
42    44    0.77183583E-01 
42    45    0.16962048E-04 
42    46    -0.52998288E-02 
42    47    -0.18307303E-02 
42    48    0.13024036E-01 
42    49    -0.27825736E-01 
42    50    -0.30693025E-01 
42    51    0.22406982E-02 
42    52    -0.18328763E-02 
42    53    0.13038363E-01 
42    54    -0.27845371E-01 
42    55    0.30714920E-01 
42    56    0.22433275E-02 
MO:43   0.30776327E+00
43    1    0.26881051E-04 
43    2    -0.15161371E-03 
43    3    -0.33878015E-04 
43    4    0.26456219E+00 
43    5    0.52461459E-05 
43    6    0.29569639E-01 
43    7    -0.17736464E+00 
43    8    -0.23684266E-02 
43    9    0.36876926E+00 
43    10    0.35034095E-02 
43    11    -0.15569201E-01 
43    12    0.89527157E-01 
43    13    0.16973180E-01 
43    14    0.48554988E+00 
43    15    -0.80746446E-02 
43    16    0.18043439E-04 
43    17    -0.96927032E-04 
43    18    -0.19376059E-03 
43    19    0.46846305E+00 
43    20    0.22586012E-04 
43    21    0.15508643E-01 
43    22    -0.89175982E-01 
43    23    -0.17339812E-01 
43    24    0.48562323E+00 
43    25    0.80889213E-02 
43    26    -0.29614742E-01 
43    27    0.17763677E+00 
43    28    0.23348383E-02 
43    29    0.36872000E+00 
43    30    -0.35780829E-02 
43    31    0.44799489E+00 
43    32    0.37756136E+00 
43    33    -0.37798100E+00 
43    34    -0.44808636E+00 
43    35    -0.15465151E-04 
43    36    0.10760626E-03 
43    37    -0.21149327E-03 
43    38    0.49265132E+00 
43    39    -0.17693231E-03 
43    40    0.46067723E+00 
43    41    -0.46099192E+00 
43    42    -0.14877612E-04 
43    43    0.96860114E-04 
43    44    -0.59073532E-04 
43    45    0.79624588E-01 
43    46    0.13619514E-04 
43    47    0.42412009E-02 
43    48    -0.31303318E-01 
43    49    0.41198199E-01 
43    50    0.60974612E-01 
43    51    0.27025305E-04 
43    52    -0.42365508E-02 
43    53    0.31273446E-01 
43    54    -0.41137254E-01 
43    55    0.60948182E-01 
43    56    -0.27202571E-04 
MO:44   0.32782514E+00
44    1    -0.41754277E-01 
44    2    0.23922990E+00 
44    3    0.25651073E+00 
44    4    0.15194384E-03 
44    5    -0.15485299E-01 
44    6    0.36106219E-01 
44    7    -0.22393346E+00 
44    8    -0.38495401E-01 
44    9    0.56092391E-01 
44    10    0.18680344E-01 
44    11    0.72262787E-01 
44    12    -0.43534439E+00 
44    13    0.37516311E+00 
44    14    0.19641892E+00 
44    15    -0.37571220E-01 
44    16    -0.18379968E-01 
44    17    0.93310684E-01 
44    18    0.31167771E+00 
44    19    0.17488737E-03 
44    20    0.83104361E-01 
44    21    0.72258897E-01 
44    22    -0.43531280E+00 
44    23    0.37521592E+00 
44    24    -0.19613094E+00 
44    25    -0.37602499E-01 
44    26    0.36102152E-01 
44    27    -0.22390700E+00 
44    28    -0.38420495E-01 
44    29    -0.55698855E-01 
44    30    0.18697671E-01 
44    31    0.16815506E+00 
44    32    0.55131533E+00 
44    33    0.55103537E+00 
44    34    0.16775250E+00 
44    35    0.63788871E-01 
44    36    -0.45225263E+00 
44    37    0.57191819E+00 
44    38    0.10408197E-03 
44    39    -0.16137832E+00 
44    40    0.50832996E+00 
44    41    0.50803661E+00 
44    42    0.49266309E-01 
44    43    -0.31855834E+00 
44    44    0.13295694E+00 
44    45    0.82747854E-04 
44    46    0.38907590E-02 
44    47    -0.81753178E-02 
44    48    0.53108841E-01 
44    49    -0.73979533E-01 
44    50    -0.81088388E-01 
44    51    -0.15435532E-02 
44    52    -0.81855588E-02 
44    53    0.53178946E-01 
44    54    -0.74069635E-01 
44    55    0.81193395E-01 
44    56    -0.15298584E-02 
MO:45   0.37191536E+00
45    1    -0.49931074E-03 
45    2    0.29972434E-02 
45    3    -0.59276572E-03 
45    4    -0.33820817E+00 
45    5    -0.17722174E-05 
45    6    0.46571472E-01 
45    7    -0.28065697E+00 
45    8    0.18084101E+00 
45    9    -0.30604377E+00 
45    10    0.32098932E-02 
45    11    -0.10764837E+00 
45    12    0.67265771E+00 
45    13    -0.73622019E-01 
45    14    -0.12991566E+00 
45    15    -0.97041744E-02 
45    16    -0.32550814E-04 
45    17    0.22547451E-03 
45    18    -0.60335358E-03 
45    19    0.29609410E+00 
45    20    0.62105070E-04 
45    21    0.10743252E+00 
45    22    -0.67142380E+00 
45    23    0.73394736E-01 
45    24    -0.12922211E+00 
45    25    0.96004248E-02 
45    26    -0.45701728E-01 
45    27    0.27536872E+00 
45    28    -0.18356492E+00 
45    29    -0.30610298E+00 
45    30    -0.31164551E-02 
45    31    -0.18130856E+00 
45    32    -0.50257680E+00 
45    33    0.50109207E+00 
45    34    0.18539490E+00 
45    35    0.59714724E-04 
45    36    -0.40628893E-03 
45    37    -0.44339539E-03 
45    38    0.62837570E+00 
45    39    -0.29144074E-03 
45    40    0.56849588E+00 
45    41    -0.56845261E+00 
45    42    0.12173190E-03 
45    43    -0.79194380E-03 
45    44    0.37728780E-03 
45    45    -0.17740779E+00 
45    46    -0.26064695E-04 
45    47    -0.12489947E-01 
45    48    0.84472854E-01 
45    49    -0.10429543E+00 
45    50    -0.93982603E-01 
45    51    0.88869604E-04 
45    52    0.12457956E-01 
45    53    -0.84253844E-01 
45    54    0.10393912E+00 
45    55    -0.93587299E-01 
45    56    -0.98626064E-04 
MO:46   0.37237908E+00
46    1    -0.13962123E+00 
46    2    0.83502438E+00 
46    3    -0.12313404E+00 
46    4    0.92435071E-03 
46    5    -0.78804814E-03 
46    6    0.13420072E+00 
46    7    -0.81336640E+00 
46    8    -0.38408345E+00 
46    9    0.71833688E-01 
46    10    0.23705112E-02 
46    11    -0.62878521E-01 
46    12    0.37011846E+00 
46    13    -0.97277583E-01 
46    14    -0.42939479E-01 
46    15    -0.29713342E-02 
46    16    0.41398819E-01 
46    17    -0.24615601E+00 
46    18    -0.21363894E+00 
46    19    -0.91668645E-03 
46    20    0.28503166E-02 
46    21    -0.63520242E-01 
46    22    0.37413595E+00 
46    23    -0.97857806E-01 
46    24    0.43744013E-01 
46    25    -0.30167214E-02 
46    26    0.13443751E+00 
46    27    -0.81479352E+00 
46    28    -0.38294751E+00 
46    29    -0.69984523E-01 
46    30    0.24253985E-02 
46    31    0.66768753E+00 
46    32    -0.29888343E+00 
46    33    -0.30195887E+00 
46    34    0.66644475E+00 
46    35    0.14324486E-01 
46    36    -0.10213513E+00 
46    37    -0.57699133E-02 
46    38    -0.19991352E-02 
46    39    -0.19652557E-01 
46    40    0.52577705E-01 
46    41    0.56164615E-01 
46    42    0.40355465E-01 
46    43    -0.26196203E+00 
46    44    0.10686591E+00 
46    45    0.53337006E-03 
46    46    0.56795420E-04 
46    47    -0.55565313E-02 
46    48    0.38156791E-01 
46    49    -0.53249208E-01 
46    50    -0.74791404E-01 
46    51    -0.34737287E-04 
46    52    -0.56293566E-02 
46    53    0.38651285E-01 
46    54    -0.53853184E-01 
46    55    0.75365779E-01 
46    56    -0.25319275E-04 
MO:47   0.39249656E+00
47    1    -0.78491312E-01 
47    2    0.49626668E+00 
47    3    -0.25669982E+00 
47    4    0.21345049E-03 
47    5    0.89199084E-02 
47    6    0.20111125E-01 
47    7    -0.13505071E+00 
47    8    -0.28411935E+00 
47    9    -0.20520796E+00 
47    10    -0.10665018E-01 
47    11    0.11407683E+00 
47    12    -0.70775775E+00 
47    13    0.20477971E+00 
47    14    -0.27880305E+00 
47    15    0.27865464E-01 
47    16    -0.20538059E+00 
47    17    0.12722377E+01 
47    18    0.68696909E-02 
47    19    -0.18300783E-03 
47    20    -0.64035473E-01 
47    21    0.11394272E+00 
47    22    -0.70690485E+00 
47    23    0.20455967E+00 
47    24    0.27902853E+00 
47    25    0.27831489E-01 
47    26    0.20136175E-01 
47    27    -0.13520040E+00 
47    28    -0.28386295E+00 
47    29    0.20577190E+00 
47    30    -0.10668247E-01 
47    31    0.20687922E-01 
47    32    0.23316276E+00 
47    33    0.23239437E+00 
47    34    0.20190402E-01 
47    35    0.12903971E-01 
47    36    -0.60406237E-01 
47    37    -0.65630563E+00 
47    38    -0.47772731E-03 
47    39    0.75729983E-01 
47    40    -0.27153387E+00 
47    41    -0.27063922E+00 
47    42    0.14277994E-03 
47    43    0.42192110E-03 
47    44    0.92006476E-02 
47    45    0.14340974E-03 
47    46    -0.20716169E-02 
47    47    -0.69337368E-03 
47    48    0.27576266E-02 
47    49    -0.11129628E-01 
47    50    0.69898299E-02 
47    51    0.74529864E-03 
47    52    -0.71189320E-03 
47    53    0.28857196E-02 
47    54    -0.11278494E-01 
47    55    -0.68340064E-02 
47    56    0.74665062E-03 
MO:48   0.41844649E+00
48    1    0.12169860E-04 
48    2    -0.77734735E-04 
48    3    0.49958887E-04 
48    4    -0.46026260E+00 
48    5    0.38006782E-04 
48    6    0.13792330E+00 
48    7    -0.88041327E+00 
48    8    -0.45693048E-01 
48    9    0.18413010E+00 
48    10    -0.17829430E-02 
48    11    -0.73215151E-01 
48    12    0.45319854E+00 
48    13    0.24847318E+00 
48    14    -0.63966160E-01 
48    15    0.22262038E-02 
48    16    0.24474885E-04 
48    17    -0.15387023E-03 
48    18    0.13350824E-03 
48    19    0.16618005E+00 
48    20    -0.31191665E-04 
48    21    0.73198946E-01 
48    22    -0.45308816E+00 
48    23    -0.24845410E+00 
48    24    -0.64012203E-01 
48    25    -0.21860232E-02 
48    26    -0.13795222E+00 
48    27    0.88060247E+00 
48    28    0.45888552E-01 
48    29    0.18419504E+00 
48    30    0.17301051E-02 
48    31    0.56888637E+00 
48    32    -0.14941944E+00 
48    33    0.14941767E+00 
48    34    -0.56913986E+00 
48    35    -0.10833368E-04 
48    36    0.71982093E-04 
48    37    0.16331391E-03 
48    38    -0.47632195E+00 
48    39    0.14588445E-03 
48    40    -0.35523512E+00 
48    41    0.35531812E+00 
48    42    -0.20561629E-04 
48    43    0.13056902E-03 
48    44    0.13503673E-03 
48    45    -0.30957905E+00 
48    46    -0.47058753E-04 
48    47    -0.23810581E-01 
48    48    0.15803618E+00 
48    49    -0.18105795E+00 
48    50    -0.13195964E+00 
48    51    0.63471890E-04 
48    52    0.23832042E-01 
48    53    -0.15817520E+00 
48    54    0.18109362E+00 
48    55    -0.13218992E+00 
48    56    -0.84441947E-04 
MO:49   0.45816241E+00
49    1    -0.52194124E-01 
49    2    0.33630161E+00 
49    3    -0.35776093E-01 
49    4    -0.16266493E-03 
49    5    -0.10450391E-02 
49    6    0.32842529E-01 
49    7    -0.21241494E+00 
49    8    0.93005961E-01 
49    9    -0.12314349E+00 
49    10    0.14404647E-02 
49    11    -0.16724852E-01 
49    12    0.10751219E+00 
49    13    0.12883158E+00 
49    14    -0.14126040E+00 
49    15    -0.56491599E-02 
49    16    -0.48039547E-02 
49    17    0.40226023E-01 
49    18    0.24035052E+00 
49    19    -0.34430141E-03 
49    20    0.16068908E-01 
49    21    -0.16902998E-01 
49    22    0.10866812E+00 
49    23    0.12857097E+00 
49    24    0.14177042E+00 
49    25    -0.56472522E-02 
49    26    0.32886027E-01 
49    27    -0.21267439E+00 
49    28    0.93355832E-01 
49    29    0.12264117E+00 
49    30    0.14206460E-02 
49    31    -0.40873152E-01 
49    32    -0.10055659E+00 
49    33    -0.10151469E+00 
49    34    -0.40513813E-01 
49    35    -0.49059067E-02 
49    36    0.30207977E-01 
49    37    0.18799109E+00 
49    38    0.27519203E-03 
49    39    -0.17792821E-01 
49    40    0.77824800E-01 
49    41    0.77462481E-01 
49    42    -0.12834824E+00 
49    43    0.86271090E+00 
49    44    0.80956989E+00 
49    45    -0.61168694E-03 
49    46    -0.24694850E-03 
49    47    0.67859615E-01 
49    48    -0.46020192E+00 
49    49    0.13418265E+00 
49    50    0.67738511E+00 
49    51    -0.14381809E-04 
49    52    0.67932459E-01 
49    53    -0.46069823E+00 
49    54    0.13470911E+00 
49    55    -0.67793698E+00 
49    56    -0.14285192E-03 
MO:50   0.47536142E+00
50    1    -0.29747957E-04 
50    2    0.20174460E-03 
50    3    0.23006616E-04 
50    4    0.40408328E+00 
50    5    -0.37098190E-04 
50    6    -0.14591410E-01 
50    7    0.11060310E+00 
50    8    0.16845122E+00 
50    9    0.36529798E+00 
50    10    -0.32249278E-03 
50    11    -0.76847598E-01 
50    12    0.50811086E+00 
50    13    -0.25485959E+00 
50    14    -0.28114928E+00 
50    15    -0.16123179E-03 
50    16    -0.39316168E-05 
50    17    0.32631012E-04 
50    18    0.55996056E-04 
50    19    0.36436355E+00 
50    20    -0.15216590E-05 
50    21    0.76799878E-01 
50    22    -0.50779459E+00 
50    23    0.25500729E+00 
50    24    -0.28093669E+00 
50    25    0.13911864E-03 
50    26    0.14639763E-01 
50    27    -0.11092055E+00 
50    28    -0.16830871E+00 
50    29    0.36535127E+00 
50    30    0.31277898E-03 
50    31    0.15759430E+00 
50    32    -0.49932764E+00 
50    33    0.49905900E+00 
50    34    -0.15758858E+00 
50    35    0.32178305E-05 
50    36    -0.24853021E-04 
50    37    0.61241724E-04 
50    38    -0.23168623E+00 
50    39    0.41905367E-04 
50    40    -0.14277059E+00 
50    41    0.14286735E+00 
50    42    -0.12176359E-03 
50    43    0.83389468E-03 
50    44    0.74032426E-03 
50    45    0.69621369E+00 
50    46    0.80043824E-04 
50    47    0.44117774E-01 
50    48    -0.30806222E+00 
50    49    0.30811118E+00 
50    50    0.32335407E+00 
50    51    -0.99474943E-04 
50    52    -0.43989004E-01 
50    53    0.30717556E+00 
50    54    -0.30782909E+00 
50    55    0.32211132E+00 
50    56    0.14967664E-03 
MO:51   0.50758978E+00
51    1    -0.44333867E-01 
51    2    0.31191592E+00 
51    3    -0.68546855E+00 
51    4    -0.24600179E-05 
51    5    -0.10035421E-02 
51    6    0.34611766E-01 
51    7    -0.22974440E+00 
51    8    0.11845407E+00 
51    9    -0.38815454E+00 
51    10    0.35743189E-02 
51    11    -0.10178305E-01 
51    12    0.66903954E-01 
51    13    0.45151315E-01 
51    14    -0.42339077E+00 
51    15    -0.11707115E-01 
51    16    -0.26485737E-02 
51    17    0.44041354E-01 
51    18    0.82426208E+00 
51    19    -0.77791165E-04 
51    20    0.40490185E-01 
51    21    -0.10180871E-01 
51    22    0.66910649E-01 
51    23    0.44981149E-01 
51    24    0.42338307E+00 
51    25    -0.11693326E-01 
51    26    0.34591406E-01 
51    27    -0.22961238E+00 
51    28    0.11837449E+00 
51    29    0.38827249E+00 
51    30    0.35261799E-02 
51    31    -0.20192814E+00 
51    32    -0.30199887E+00 
51    33    -0.30206521E+00 
51    34    -0.20203696E+00 
51    35    -0.34931804E-01 
51    36    0.24077035E+00 
51    37    0.55526144E+00 
51    38    0.46115829E-04 
51    39    -0.24813996E-01 
51    40    0.14999284E+00 
51    41    0.14991357E+00 
51    42    0.54329252E-02 
51    43    -0.33536649E-01 
51    44    -0.44480341E+00 
51    45    0.29145593E-03 
51    46    0.82454975E-03 
51    47    -0.19786296E-01 
51    48    0.13573126E+00 
51    49    -0.21523436E-02 
51    50    -0.19175923E+00 
51    51    -0.20297619E-03 
51    52    -0.19820791E-01 
51    53    0.13596998E+00 
51    54    -0.23889188E-02 
51    55    0.19200810E+00 
51    56    -0.16378481E-03 
MO:52   0.53890584E+00
52    1    0.13734108E-03 
52    2    -0.95139142E-03 
52    3    0.86003812E-04 
52    4    -0.12389617E+00 
52    5    0.12243938E-04 
52    6    -0.96348003E-02 
52    7    0.68459702E-01 
52    8    -0.59735298E+00 
52    9    0.34528420E+00 
52    10    0.26010695E-02 
52    11    0.73029445E-01 
52    12    -0.50909880E+00 
52    13    -0.29737571E+00 
52    14    -0.49553177E+00 
52    15    -0.31084556E-04 
52    16    -0.13859752E-03 
52    17    0.94601409E-03 
52    18    -0.26891060E-03 
52    19    -0.56765247E+00 
52    20    0.15026741E-04 
52    21    -0.73212674E-01 
52    22    0.51037501E+00 
52    23    0.29914505E+00 
52    24    -0.49433382E+00 
52    25    0.16234838E-05 
52    26    0.97929557E-02 
52    27    -0.69549049E-01 
52    28    0.59911091E+00 
52    29    0.34388964E+00 
52    30    -0.26593615E-02 
52    31    0.42062439E+00 
52    32    -0.25845135E+00 
52    33    0.25783213E+00 
52    34    -0.41996172E+00 
52    35    0.58068241E-04 
52    36    -0.41301880E-03 
52    37    -0.37899049E-03 
52    38    0.44346609E+00 
52    39    -0.14124047E-03 
52    40    0.29168423E+00 
52    41    -0.29159653E+00 
52    42    -0.79065129E-06 
52    43    0.38982428E-05 
52    44    -0.30849312E-03 
52    45    -0.11740885E+00 
52    46    -0.11619205E-04 
52    47    -0.79619240E-02 
52    48    0.55451190E-01 
52    49    -0.48976108E-01 
52    50    -0.45166239E-01 
52    51    0.21538443E-04 
52    52    0.79465560E-02 
52    53    -0.55324871E-01 
52    54    0.49052066E-01 
52    55    -0.44889270E-01 
52    56    -0.32708177E-04 
MO:53   0.54921618E+00
53    1    0.88198477E-01 
53    2    -0.61721491E+00 
53    3    0.83925242E-01 
53    4    0.22111149E-03 
53    5    0.83295556E-03 
53    6    0.52262819E-01 
53    7    -0.36778514E+00 
53    8    0.58434972E+00 
53    9    0.47075464E+00 
53    10    -0.31782236E-02 
53    11    -0.55913679E-01 
53    12    0.39225865E+00 
53    13    0.59870582E+00 
53    14    -0.38413207E+00 
53    15    0.43971267E-03 
53    16    -0.89684347E-01 
53    17    0.61727098E+00 
53    18    -0.11584686E+00 
53    19    0.90919079E-03 
53    20    -0.91567526E-02 
53    21    -0.55683894E-01 
53    22    0.39063221E+00 
53    23    0.59779280E+00 
53    24    0.38571585E+00 
53    25    0.41706623E-03 
53    26    0.52232553E-01 
53    27    -0.36755668E+00 
53    28    0.58250518E+00 
53    29    -0.47175922E+00 
53    30    -0.31530692E-02 
53    31    0.22218455E+00 
53    32    -0.17602385E+00 
53    33    -0.17685140E+00 
53    34    0.22347166E+00 
53    35    0.33922392E-01 
53    36    -0.24136729E+00 
53    37    -0.20818735E+00 
53    38    -0.70639306E-03 
53    39    -0.16785654E-01 
53    40    0.33626889E-01 
53    41    0.34548626E-01 
53    42    -0.46800497E-02 
53    43    0.32638075E-01 
53    44    -0.15399602E+00 
53    45    0.73763401E-04 
53    46    -0.22847786E-04 
53    47    -0.20772208E-02 
53    48    0.19995984E-01 
53    49    0.28309480E-01 
53    50    -0.59766554E-01 
53    51    0.38972988E-05 
53    52    -0.20881326E-02 
53    53    0.20070103E-01 
53    54    0.28246136E-01 
53    55    0.59810421E-01 
53    56    0.90305875E-05 
MO:54   0.58437673E+00
54    1    0.27762750E-04 
54    2    -0.20179775E-03 
54    3    0.16499710E-03 
54    4    -0.59579943E+00 
54    5    -0.23639071E-05 
54    6    0.79463689E-01 
54    7    -0.56734288E+00 
54    8    0.72400315E-01 
54    9    -0.18517626E+00 
54    10    -0.64107173E-03 
54    11    0.19703094E-01 
54    12    -0.14275406E+00 
54    13    0.53875319E+00 
54    14    -0.91406135E-01 
54    15    -0.11662358E-02 
54    16    0.66420305E-06 
54    17    -0.13165748E-04 
54    18    -0.13730829E-03 
54    19    -0.61528361E+00 
54    20    0.98284744E-05 
54    21    -0.19707412E-01 
54    22    0.14279562E+00 
54    23    -0.53865309E+00 
54    24    -0.91563394E-01 
54    25    0.11768055E-02 
54    26    -0.79481392E-01 
54    27    0.56746016E+00 
54    28    -0.72274865E-01 
54    29    -0.18545678E+00 
54    30    0.67731231E-03 
54    31    0.57961397E-01 
54    32    0.16691841E+00 
54    33    -0.16675483E+00 
54    34    -0.57885305E-01 
54    35    0.54581778E-05 
54    36    -0.39836888E-04 
54    37    -0.87328631E-04 
54    38    0.27313755E+00 
54    39    -0.60007974E-04 
54    40    0.16954960E+00 
54    41    -0.16960183E+00 
54    42    -0.19956697E-04 
54    43    0.15017331E-03 
54    44    0.16097842E-03 
54    45    0.80547577E+00 
54    46    0.66871680E-04 
54    47    0.46272531E-01 
54    48    -0.33235754E+00 
54    49    0.28551596E+00 
54    50    0.33517201E+00 
54    51    -0.65817055E-04 
54    52    -0.46247238E-01 
54    53    0.33216846E+00 
54    54    -0.28545443E+00 
54    55    0.33495231E+00 
54    56    0.13368123E-03 
MO:55   0.69720931E+00
55    1    0.38236255E-04 
55    2    -0.26760606E-03 
55    3    0.40759627E-03 
55    4    0.83619861E+00 
55    5    -0.27340240E-04 
55    6    -0.63728368E-02 
55    7    0.44181843E-01 
55    8    0.64115918E+00 
55    9    0.39780146E+00 
55    10    -0.22918912E-02 
55    11    -0.98210497E-02 
55    12    0.79651520E-01 
55    13    0.56899996E+00 
55    14    -0.34933485E+00 
55    15    -0.14907482E-02 
55    16    -0.23224523E-04 
55    17    0.16796675E-03 
55    18    0.42855482E-03 
55    19    -0.63424216E+00 
55    20    0.17589994E-04 
55    21    0.99022869E-02 
55    22    -0.80226747E-01 
55    23    -0.56952139E+00 
55    24    -0.34870845E+00 
55    25    0.15131197E-02 
55    26    0.62878967E-02 
55    27    -0.43585996E-01 
55    28    -0.64169375E+00 
55    29    0.39707454E+00 
55    30    0.22856117E-02 
55    31    -0.93125092E-03 
55    32    -0.42983726E-01 
55    33    0.42689033E-01 
55    34    0.12689073E-02 
55    35    -0.18448001E-04 
55    36    0.13931610E-03 
55    37    0.15881847E-03 
55    38    0.21421425E+00 
55    39    -0.39715769E-04 
55    40    0.12702115E+00 
55    41    -0.12700460E+00 
55    42    0.16120598E-04 
55    43    -0.12221843E-03 
55    44    0.77772123E-04 
55    45    -0.38397625E+00 
55    46    -0.23313740E-04 
55    47    -0.20943348E-01 
55    48    0.15225888E+00 
55    49    -0.11987922E+00 
55    50    -0.14187701E+00 
55    51    0.16603813E-04 
55    52    0.20940999E-01 
55    53    -0.15223576E+00 
55    54    0.11984253E+00 
55    55    -0.14185566E+00 
55    56    -0.51496795E-04 
MO:56   0.72465692E+00
56    1    0.66456155E-01 
56    2    -0.49489845E+00 
56    3    0.62001330E+00 
56    4    -0.56569224E-03 
56    5    -0.16662272E-02 
56    6    -0.68497830E-01 
56    7    0.50471021E+00 
56    8    -0.37768155E+00 
56    9    0.55930810E+00 
56    10    0.19640373E-02 
56    11    0.64207775E-01 
56    12    -0.47268493E+00 
56    13    -0.39103854E+00 
56    14    -0.54582230E+00 
56    15    -0.16842471E-03 
56    16    -0.46201702E-01 
56    17    0.34657118E+00 
56    18    0.69363886E+00 
56    19    0.38653155E-03 
56    20    0.13576906E-01 
56    21    0.64194039E-01 
56    22    -0.47257279E+00 
56    23    -0.39026874E+00 
56    24    0.54620027E+00 
56    25    -0.16086461E-03 
56    26    -0.68503562E-01 
56    27    0.50474524E+00 
56    28    -0.37680136E+00 
56    29    -0.55987696E+00 
56    30    0.20170382E-02 
56    31    0.25431108E+00 
56    32    -0.26211009E+00 
56    33    -0.26209995E+00 
56    34    0.25433929E+00 
56    35    -0.26025564E-01 
56    36    0.20018378E+00 
56    37    0.24634130E+00 
56    38    -0.11653665E-03 
56    39    0.57056772E-02 
56    40    0.25297329E-01 
56    41    0.25430277E-01 
56    42    0.15166696E-01 
56    43    -0.11241175E+00 
56    44    0.15608151E+00 
56    45    0.21389622E-03 
56    46    -0.74298738E-04 
56    47    0.22811794E-02 
56    48    -0.16743854E-01 
56    49    -0.14735122E-01 
56    50    0.19010629E-01 
56    51    0.26477304E-05 
56    52    0.22581964E-02 
56    53    -0.16575054E-01 
56    54    -0.14862526E-01 
56    55    -0.18853284E-01 
56    56    -0.28246207E-05 
