   1    1   0.00000    0.60410    10.00 100.00     -0.00050  -0.02320   0.03420 
   2    2   0.00010    0.80340    10.00 100.00      0.03050  -0.02200   0.06400 
   3    3   0.22100    0.85590    10.00 100.00      0.05140  -0.60710   3.18870 
   4    4   0.31310    1.07150    10.00 100.00     -0.68820   3.32490   0.63060 
   5    5   0.00010    1.59820    10.00 100.00     -0.00380  -0.02430  -0.04800 
   6    6   0.00060    1.60660    10.00 100.00     -0.04450   0.10490   0.05320 
   7    7   0.00070    1.81280    10.00 100.00     -0.09920   0.07340   0.00080 
   8    8   0.00010    1.90400    10.00 100.00     -0.04670  -0.00550  -0.00100 
   9    9   0.00030    1.91480    10.00 100.00     -0.05800   0.04590  -0.00600 
  10   10   0.00000    1.98910    10.00 100.00      0.01800   0.00100   0.00460 
  11   11   0.00000    2.07270    10.00 100.00      0.02930  -0.00180   0.00540 
  12   12   0.00000    2.14560    10.00 100.00     -0.00400   0.00580   0.00480 
  13   13   0.00000    2.15000    10.00 100.00      0.00080   0.00140   0.00070 
  14   14   0.00000    2.15310    10.00 100.00      0.00070  -0.00220  -0.00690 
  15   15   0.00000    2.36550    10.00 100.00     -0.00130   0.00000  -0.00250 
  16   16   0.00000    2.36930    10.00 100.00      0.00180   0.00050  -0.00050 
  17   17   0.00000    2.45760    10.00 100.00     -0.00160  -0.00020   0.00050 
  18   18   0.00000    2.47000    10.00 100.00     -0.00620   0.01280   0.00170 
  19   19   0.00000    2.47160    10.00 100.00      0.00190  -0.00550   0.00780 
  20   20   0.00000    2.47360    10.00 100.00      0.00170   0.00010   0.00320 
  21   21   0.00000    2.49370    10.00 100.00      0.00340  -0.00180   0.02320 
  22   22   0.00000    2.49440    10.00 100.00     -0.00520  -0.00120   0.00580 
  23   23   0.00000    2.49670    10.00 100.00     -0.00020   0.00080  -0.00630 
  24   24   0.00000    2.49780    10.00 100.00      0.00040  -0.00020   0.00070 
  25   25   0.00060    2.57000    10.00 100.00     -0.09880  -0.02070  -0.00860 
  26   26   0.00020    2.58290    10.00 100.00      0.00220   0.00770  -0.05010 
  27   27   0.00010    2.58620    10.00 100.00     -0.00810   0.03560  -0.00140 
  28   28   0.00020    2.58950    10.00 100.00      0.05070   0.00750  -0.00370 
  29   29   0.00010    2.64020    10.00 100.00     -0.00350   0.00720   0.03440 
  30   30   0.00010    2.69320    10.00 100.00      0.01370  -0.03960  -0.01270 
  31   31   0.00090    2.69590    10.00 100.00      0.00590  -0.02130   0.11550 
  32   32   0.00020    2.69650    10.00 100.00      0.00320  -0.00990   0.04890 
  33   33   0.00010    2.69750    10.00 100.00      0.01850   0.00600  -0.02460 
  34   34   0.00010    2.70900    10.00 100.00      0.00880  -0.01820   0.04110 
  35   35   0.00000    2.71070    10.00 100.00     -0.00080  -0.00420  -0.00040 
  36   36   0.02830    2.84870    10.00 100.00     -0.04840   0.12780   0.62200 
  37   37   0.55340    2.86820    10.00 100.00      0.06500  -0.58980   2.74270 
  38   38   0.00220    2.92420    10.00 100.00     -0.05380   0.16310   0.04320 
  39   39   0.00020    2.95390    10.00 100.00      0.00110  -0.00180  -0.04660 
  40   40   0.00000    2.95490    10.00 100.00     -0.00070  -0.00130   0.02620 
  41   41   0.00020    2.95770    10.00 100.00      0.00660  -0.05070  -0.01290 
  42   42   0.00080    2.96180    10.00 100.00      0.01000  -0.09480  -0.04760 
  43   43   0.00000    2.96390    10.00 100.00      0.00070  -0.00730  -0.01690 
  44   44   0.00130    2.98140    10.00 100.00     -0.02230  -0.12760  -0.03660 
  45   45   0.01930    3.05300    10.00 100.00     -0.09490   0.48570   0.11660 
  46   46   0.02470    3.05430    10.00 100.00      0.14490  -0.54160  -0.12600 
  47   47   0.00020    3.05810    10.00 100.00      0.02680  -0.03760  -0.00010 
  48   48   0.00040    3.06050    10.00 100.00      0.05130  -0.04240  -0.02290 
  49   49   0.00160    3.06120    10.00 100.00      0.03460  -0.14040   0.03260 
  50   50   0.00060    3.07720    10.00 100.00      0.00310  -0.08680   0.00010 
state state   Osc.      E(eV)      dum   dum        TrDx      TrDy       TrDz 
