#  MO coefficient (i_MO, j_AO, M_ij)    
MO:1   -18.50346
1    1    0.00000 
1    2    0.00025 
1    3    0.00002 
1    4    0.00004 
1    5    -0.00000 
1    6    0.00001 
1    7    0.00003 
1    8    0.00014 
1    9    -0.00012 
1    10    -0.00000 
1    11    0.00000 
1    12    -0.00006 
1    13    0.00004 
1    14    0.00001 
1    15    -0.00000 
1    16    -0.00000 
1    17    0.00000 
1    18    -0.00001 
1    19    -0.00000 
1    20    0.00000 
1    21    0.00000 
1    22    -0.00007 
1    23    0.00005 
1    24    -0.00001 
1    25    -0.00000 
1    26    0.00000 
1    27    0.00004 
1    28    0.00016 
1    29    0.00016 
1    30    -0.00000 
1    31    -0.00027 
1    32    0.00001 
1    33    0.00001 
1    34    -0.00035 
1    35    -0.00000 
1    36    0.00000 
1    37    -0.00000 
1    38    -0.00000 
1    39    -0.00000 
1    40    -0.00000 
1    41    -0.00000 
1    42    0.00081 
1    43    -0.01032 
1    44    0.00476 
1    45    -0.00093 
1    46    -0.00000 
1    47    0.78125 
1    48    0.02231 
1    49    0.00205 
1    50    -0.00390 
1    51    -0.00000 
1    52    0.61385 
1    53    0.01761 
1    54    0.00155 
1    55    0.00317 
1    56    -0.00000 
MO:2   -18.50340
2    1    0.00000 
2    2    0.00003 
2    3    0.00000 
2    4    -0.00037 
2    5    -0.00000 
2    6    -0.00001 
2    7    0.00005 
2    8    0.00008 
2    9    -0.00016 
2    10    -0.00000 
2    11    0.00000 
2    12    -0.00004 
2    13    0.00003 
2    14    0.00001 
2    15    -0.00000 
2    16    -0.00000 
2    17    0.00000 
2    18    -0.00000 
2    19    0.00000 
2    20    0.00000 
2    21    -0.00000 
2    22    0.00003 
2    23    -0.00002 
2    24    0.00001 
2    25    0.00000 
2    26    0.00001 
2    27    -0.00004 
2    28    -0.00004 
2    29    -0.00013 
2    30    0.00000 
2    31    -0.00033 
2    32    0.00001 
2    33    -0.00001 
2    34    0.00026 
2    35    -0.00000 
2    36    0.00000 
2    37    -0.00000 
2    38    0.00000 
2    39    -0.00000 
2    40    -0.00000 
2    41    0.00000 
2    42    0.00010 
2    43    -0.00124 
2    44    0.00057 
2    45    0.00777 
2    46    -0.00000 
2    47    -0.61388 
2    48    -0.01718 
2    49    -0.00187 
2    50    0.00263 
2    51    0.00000 
2    52    0.78127 
2    53    0.02197 
2    54    0.00230 
2    55    0.00347 
2    56    -0.00000 
MO:3   -14.06696
3    1    0.00063 
3    2    -0.00668 
3    3    0.00590 
3    4    0.00000 
3    5    -0.00001 
3    6    -0.00001 
3    7    0.00032 
3    8    -0.00038 
3    9    -0.00009 
3    10    0.00000 
3    11    0.00001 
3    12    -0.00001 
3    13    0.00001 
3    14    -0.00007 
3    15    -0.00000 
3    16    0.00000 
3    17    0.00001 
3    18    0.00004 
3    19    0.00000 
3    20    0.00000 
3    21    0.00001 
3    22    -0.00001 
3    23    0.00001 
3    24    0.00007 
3    25    -0.00000 
3    26    -0.00001 
3    27    0.00032 
3    28    -0.00038 
3    29    0.00009 
3    30    0.00000 
3    31    -0.00021 
3    32    -0.00002 
3    33    -0.00002 
3    34    -0.00021 
3    35    -0.00001 
3    36    -0.00002 
3    37    0.00001 
3    38    -0.00000 
3    39    0.00000 
3    40    0.00000 
3    41    0.00000 
3    42    0.99230 
3    43    0.03639 
3    44    -0.00067 
3    45    0.00000 
3    46    -0.00000 
3    47    0.00085 
3    48    -0.00708 
3    49    -0.00219 
3    50    0.00411 
3    51    0.00000 
3    52    0.00085 
3    53    -0.00708 
3    54    -0.00219 
3    55    -0.00411 
3    56    0.00000 
MO:4   -13.88553
4    1    0.00000 
4    2    0.00000 
4    3    -0.00005 
4    4    -0.00000 
4    5    -0.00000 
4    6    0.00000 
4    7    0.00002 
4    8    0.00001 
4    9    -0.00007 
4    10    0.00001 
4    11    -0.00002 
4    12    0.00036 
4    13    0.00050 
4    14    -0.00001 
4    15    -0.00002 
4    16    0.00063 
4    17    -0.00776 
4    18    -0.00646 
4    19    0.00000 
4    20    -0.00018 
4    21    -0.00002 
4    22    0.00036 
4    23    0.00050 
4    24    0.00001 
4    25    -0.00002 
4    26    0.00000 
4    27    0.00002 
4    28    0.00001 
4    29    0.00007 
4    30    0.00001 
4    31    -0.00002 
4    32    0.00001 
4    33    0.00001 
4    34    -0.00002 
4    35    0.99216 
4    36    0.03781 
4    37    -0.00130 
4    38    0.00000 
4    39    -0.00225 
4    40    -0.00796 
4    41    -0.00796 
4    42    0.00001 
4    43    -0.00001 
4    44    -0.00001 
4    45    -0.00000 
4    46    -0.00000 
4    47    -0.00000 
4    48    0.00000 
4    49    0.00000 
4    50    0.00000 
4    51    0.00000 
4    52    -0.00000 
4    53    0.00000 
4    54    0.00000 
4    55    -0.00000 
4    56    0.00000 
MO:5   -9.81347
5    1    -0.00078 
5    2    -0.00021 
5    3    -0.00024 
5    4    -0.00000 
5    5    -0.00000 
5    6    -0.00016 
5    7    0.00042 
5    8    0.00014 
5    9    0.00013 
5    10    -0.00000 
5    11    -0.00679 
5    12    -0.00992 
5    13    -0.00337 
5    14    -0.00567 
5    15    -0.00005 
5    16    0.99025 
5    17    0.04532 
5    18    -0.00057 
5    19    0.00000 
5    20    0.00024 
5    21    -0.00678 
5    22    -0.00992 
5    23    -0.00337 
5    24    0.00567 
5    25    -0.00005 
5    26    -0.00016 
5    27    0.00042 
5    28    0.00014 
5    29    -0.00013 
5    30    -0.00000 
5    31    -0.00008 
5    32    0.00021 
5    33    0.00021 
5    34    -0.00008 
5    35    0.00081 
5    36    -0.00813 
5    37    0.00557 
5    38    -0.00000 
5    39    0.00017 
5    40    -0.00040 
5    41    -0.00040 
5    42    0.00001 
5    43    -0.00004 
5    44    -0.00003 
5    45    -0.00000 
5    46    0.00000 
5    47    -0.00000 
5    48    0.00000 
5    49    0.00000 
5    50    0.00000 
5    51    -0.00000 
5    52    -0.00000 
5    53    0.00000 
5    54    0.00000 
5    55    -0.00000 
5    56    -0.00000 
MO:6   -9.77767
6    1    0.98966 
6    2    0.04554 
6    3    0.00151 
6    4    0.00000 
6    5    -0.00001 
6    6    -0.02344 
6    7    -0.01099 
6    8    0.00323 
6    9    -0.00589 
6    10    -0.00001 
6    11    -0.00032 
6    12    0.00058 
6    13    -0.00027 
6    14    0.00005 
6    15    0.00000 
6    16    0.00083 
6    17    -0.00011 
6    18    0.00026 
6    19    0.00000 
6    20    0.00000 
6    21    -0.00032 
6    22    0.00058 
6    23    -0.00027 
6    24    -0.00005 
6    25    0.00000 
6    26    -0.02344 
6    27    -0.01099 
6    28    0.00323 
6    29    0.00589 
6    30    -0.00001 
6    31    0.00035 
6    32    -0.00011 
6    33    -0.00011 
6    34    0.00035 
6    35    0.00001 
6    36    -0.00007 
6    37    0.00005 
6    38    -0.00000 
6    39    0.00000 
6    40    0.00000 
6    41    0.00000 
6    42    0.00093 
6    43    -0.00768 
6    44    -0.00520 
6    45    -0.00000 
6    46    0.00001 
6    47    0.00002 
6    48    0.00009 
6    49    0.00004 
6    50    -0.00011 
6    51    -0.00000 
6    52    0.00002 
6    53    0.00009 
6    54    0.00004 
6    55    0.00011 
6    56    -0.00000 
MO:7   -9.75846
7    1    0.00075 
7    2    -0.00027 
7    3    -0.00010 
7    4    -0.00820 
7    5    0.00000 
7    6    -0.68439 
7    7    -0.03189 
7    8    -0.00080 
7    9    -0.00088 
7    10    0.00001 
7    11    0.03065 
7    12    0.00823 
7    13    -0.00460 
7    14    -0.00001 
7    15    0.00002 
7    16    -0.00001 
7    17    0.00003 
7    18    -0.00001 
7    19    0.00048 
7    20    0.00000 
7    21    -0.03217 
7    22    -0.00861 
7    23    0.00480 
7    24    0.00001 
7    25    -0.00002 
7    26    0.71419 
7    27    0.03329 
7    28    0.00084 
7    29    -0.00092 
7    30    -0.00001 
7    31    0.00653 
7    32    -0.00047 
7    33    0.00049 
7    34    -0.00682 
7    35    0.00000 
7    36    -0.00000 
7    37    0.00000 
7    38    -0.00008 
7    39    0.00000 
7    40    0.00002 
7    41    -0.00002 
7    42    0.00000 
7    43    0.00001 
7    44    0.00000 
7    45    0.00011 
7    46    0.00000 
7    47    -0.00001 
7    48    0.00006 
7    49    0.00000 
7    50    0.00003 
7    51    0.00000 
7    52    0.00001 
7    53    -0.00006 
7    54    -0.00001 
7    55    0.00003 
7    56    -0.00000 
MO:8   -9.75842
8    1    0.03528 
8    2    -0.01254 
8    3    -0.00469 
8    4    0.00017 
8    5    0.00001 
8    6    0.71360 
8    7    0.03350 
8    8    0.00103 
8    9    0.00094 
8    10    -0.00001 
8    11    -0.03675 
8    12    -0.00904 
8    13    0.00497 
8    14    -0.00030 
8    15    -0.00002 
8    16    -0.00033 
8    17    0.00124 
8    18    -0.00041 
8    19    -0.00001 
8    20    0.00000 
8    21    -0.03539 
8    22    -0.00868 
8    23    0.00477 
8    24    0.00030 
8    25    -0.00002 
8    26    0.68377 
8    27    0.03211 
8    28    0.00099 
8    29    -0.00091 
8    30    -0.00001 
8    31    -0.00692 
8    32    0.00045 
8    33    0.00043 
8    34    -0.00664 
8    35    0.00002 
8    36    -0.00013 
8    37    0.00011 
8    38    0.00000 
8    39    0.00000 
8    40    -0.00003 
8    41    -0.00003 
8    42    0.00001 
8    43    0.00025 
8    44    0.00009 
8    45    -0.00000 
8    46    -0.00000 
8    47    0.00001 
8    48    -0.00004 
8    49    -0.00008 
8    50    0.00003 
8    51    0.00000 
8    52    0.00001 
8    53    -0.00003 
8    54    -0.00008 
8    55    -0.00003 
8    56    0.00000 
MO:9   -9.74926
9    1    0.00010 
9    2    -0.00001 
9    3    -0.00001 
9    4    0.00025 
9    5    0.00000 
9    6    0.03402 
9    7    -0.00571 
9    8    -0.00483 
9    9    0.00007 
9    10    0.00002 
9    11    0.72871 
9    12    0.03322 
9    13    -0.00044 
9    14    0.00081 
9    15    0.00003 
9    16    0.00051 
9    17    -0.00057 
9    18    0.00020 
9    19    0.00805 
9    20    0.00000 
9    21    -0.66901 
9    22    -0.03047 
9    23    0.00041 
9    24    0.00074 
9    25    -0.00003 
9    26    -0.03083 
9    27    0.00525 
9    28    0.00443 
9    29    0.00008 
9    30    -0.00002 
9    31    -0.00013 
9    32    -0.00696 
9    33    0.00638 
9    34    0.00011 
9    35    -0.00000 
9    36    0.00002 
9    37    -0.00001 
9    38    -0.00023 
9    39    -0.00000 
9    40    -0.00008 
9    41    0.00007 
9    42    0.00000 
9    43    -0.00000 
9    44    -0.00000 
9    45    0.00007 
9    46    -0.00000 
9    47    -0.00000 
9    48    0.00000 
9    49    0.00002 
9    50    0.00002 
9    51    -0.00000 
9    52    0.00000 
9    53    -0.00000 
9    54    -0.00002 
9    55    0.00002 
9    56    0.00000 
MO:10   -9.74921
10    1    0.00233 
10    2    -0.00012 
10    3    -0.00013 
10    4    -0.00001 
10    5    0.00000 
10    6    0.03576 
10    7    -0.00521 
10    8    -0.00459 
10    9    -0.00022 
10    10    0.00002 
10    11    0.66877 
10    12    0.03081 
10    13    -0.00039 
10    14    0.00082 
10    15    0.00003 
10    16    0.01182 
10    17    -0.01323 
10    18    0.00477 
10    19    -0.00034 
10    20    0.00001 
10    21    0.72849 
10    22    0.03353 
10    23    -0.00042 
10    24    -0.00089 
10    25    0.00003 
10    26    0.03851 
10    27    -0.00568 
10    28    -0.00499 
10    29    0.00021 
10    30    0.00002 
10    31    -0.00027 
10    32    -0.00652 
10    33    -0.00709 
10    34    -0.00028 
10    35    -0.00003 
10    36    0.00055 
10    37    -0.00016 
10    38    0.00001 
10    39    -0.00004 
10    40    -0.00018 
10    41    -0.00019 
10    42    0.00002 
10    43    -0.00011 
10    44    -0.00009 
10    45    -0.00000 
10    46    -0.00000 
10    47    0.00001 
10    48    -0.00002 
10    49    -0.00003 
10    50    -0.00001 
10    51    0.00000 
10    52    0.00000 
10    53    -0.00002 
10    54    -0.00002 
10    55    0.00001 
10    56    0.00000 
MO:11   -1.03204
11    1    -0.03057 
11    2    0.06091 
11    3    -0.03816 
11    4    -0.00000 
11    5    0.00001 
11    6    -0.00545 
11    7    0.01282 
11    8    -0.00594 
11    9    0.00586 
11    10    0.00000 
11    11    -0.00062 
11    12    0.00159 
11    13    -0.00102 
11    14    0.00014 
11    15    0.00000 
11    16    -0.00029 
11    17    0.00069 
11    18    -0.00034 
11    19    0.00000 
11    20    -0.00000 
11    21    -0.00062 
11    22    0.00159 
11    23    -0.00102 
11    24    -0.00014 
11    25    0.00000 
11    26    -0.00546 
11    27    0.01282 
11    28    -0.00594 
11    29    -0.00587 
11    30    0.00000 
11    31    0.00322 
11    32    0.00011 
11    33    0.00011 
11    34    0.00322 
11    35    -0.00004 
11    36    0.00015 
11    37    -0.00007 
11    38    0.00000 
11    39    -0.00001 
11    40    0.00002 
11    41    0.00002 
11    42    -0.18190 
11    43    0.55311 
11    44    -0.09416 
11    45    0.00003 
11    46    -0.00009 
11    47    -0.11173 
11    48    0.35049 
11    49    0.07186 
11    50    -0.12720 
11    51    -0.00005 
11    52    -0.11171 
11    53    0.35042 
11    54    0.07184 
11    55    0.12717 
11    56    -0.00008 
MO:12   -0.84472
12    1    -0.00000 
12    2    0.00001 
12    3    -0.00000 
12    4    -0.02399 
12    5    0.00000 
12    6    -0.00661 
12    7    0.01473 
12    8    -0.00818 
12    9    0.00126 
12    10    -0.00000 
12    11    -0.00099 
12    12    0.00286 
12    13    -0.00169 
12    14    -0.00003 
12    15    0.00000 
12    16    -0.00000 
12    17    0.00000 
12    18    -0.00000 
12    19    -0.00058 
12    20    -0.00000 
12    21    0.00099 
12    22    -0.00285 
12    23    0.00169 
12    24    -0.00003 
12    25    -0.00000 
12    26    0.00661 
12    27    -0.01472 
12    28    0.00818 
12    29    0.00126 
12    30    0.00000 
12    31    0.00813 
12    32    0.00029 
12    33    -0.00029 
12    34    -0.00813 
12    35    -0.00000 
12    36    0.00000 
12    37    -0.00000 
12    38    -0.00004 
12    39    -0.00000 
12    40    0.00002 
12    41    -0.00002 
12    42    -0.00001 
12    43    0.00005 
12    44    -0.00000 
12    45    -0.37124 
12    46    0.00003 
12    47    0.15311 
12    48    -0.52650 
12    49    -0.09387 
12    50    0.11965 
12    51    0.00007 
12    52    -0.15313 
12    53    0.52657 
12    54    0.09388 
12    55    0.11966 
12    56    -0.00010 
MO:13   -0.80427
13    1    -0.01612 
13    2    0.03895 
13    3    0.01107 
13    4    0.00000 
13    5    -0.00007 
13    6    -0.01964 
13    7    0.04810 
13    8    0.01452 
13    9    0.00932 
13    10    -0.00010 
13    11    -0.04708 
13    12    0.11476 
13    13    0.02333 
13    14    0.03847 
13    15    -0.00017 
13    16    -0.12788 
13    17    0.30553 
13    18    0.08964 
13    19    0.00000 
13    20    0.00060 
13    21    -0.04708 
13    22    0.11476 
13    23    0.02333 
13    24    -0.03847 
13    25    -0.00017 
13    26    -0.01964 
13    27    0.04810 
13    28    0.01452 
13    29    -0.00932 
13    30    -0.00011 
13    31    0.00661 
13    32    0.02146 
13    33    0.02146 
13    34    0.00661 
13    35    -0.19493 
13    36    0.63725 
13    37    -0.06275 
13    38    0.00002 
13    39    -0.06427 
13    40    0.11482 
13    41    0.11482 
13    42    -0.00024 
13    43    0.00128 
13    44    0.01203 
13    45    0.00000 
13    46    -0.00002 
13    47    0.00254 
13    48    -0.00885 
13    49    -0.00010 
13    50    0.00277 
13    51    -0.00000 
13    52    0.00254 
13    53    -0.00886 
13    54    -0.00011 
13    55    -0.00277 
13    56    -0.00000 
MO:14   -0.72628
14    1    -0.13959 
14    2    0.35317 
14    3    0.03493 
14    4    0.00001 
14    5    -0.00045 
14    6    -0.10856 
14    7    0.27339 
14    8    0.00867 
14    9    0.06627 
14    10    -0.00040 
14    11    -0.07543 
14    12    0.18788 
14    13    -0.05057 
14    14    0.03179 
14    15    0.00002 
14    16    -0.03588 
14    17    0.09608 
14    18    -0.10226 
14    19    0.00000 
14    20    -0.00071 
14    21    -0.07543 
14    22    0.18788 
14    23    -0.05057 
14    24    -0.03179 
14    25    0.00002 
14    26    -0.10857 
14    27    0.27340 
14    28    0.00867 
14    29    -0.06628 
14    30    -0.00040 
14    31    0.04926 
14    32    0.03186 
14    33    0.03187 
14    34    0.04926 
14    35    0.07114 
14    36    -0.24092 
14    37    -0.01967 
14    38    -0.00001 
14    39    0.02725 
14    40    -0.05639 
14    41    -0.05639 
14    42    -0.01826 
14    43    0.06760 
14    44    0.16441 
14    45    0.00000 
14    46    -0.00024 
14    47    0.02976 
14    48    -0.10842 
14    49    0.00705 
14    50    0.02972 
14    51    -0.00002 
14    52    0.02976 
14    53    -0.10843 
14    54    0.00705 
14    55    -0.02972 
14    56    -0.00002 
MO:15   -0.64664
15    1    -0.12015 
15    2    0.32136 
15    3    -0.10348 
15    4    0.00002 
15    5    -0.00005 
15    6    -0.00685 
15    7    0.02099 
15    8    -0.10445 
15    9    0.03953 
15    10    0.00031 
15    11    0.09215 
15    12    -0.24200 
15    13    -0.02084 
15    14    -0.05353 
15    15    0.00004 
15    16    0.09823 
15    17    -0.27058 
15    18    0.11070 
15    19    0.00002 
15    20    0.00005 
15    21    0.09211 
15    22    -0.24188 
15    23    -0.02086 
15    24    0.05353 
15    25    0.00004 
15    26    -0.00689 
15    27    0.02111 
15    28    -0.10443 
15    29    -0.03953 
15    30    0.00031 
15    31    0.00991 
15    32    -0.05630 
15    33    -0.05627 
15    34    0.00994 
15    35    -0.07031 
15    36    0.25033 
15    37    0.09028 
15    38    0.00002 
15    39    -0.03383 
15    40    0.08159 
15    41    0.08160 
15    42    -0.05289 
15    43    0.19767 
15    44    0.28798 
15    45    -0.00000 
15    46    -0.00039 
15    47    0.04880 
15    48    -0.18662 
15    49    0.02640 
15    50    0.03838 
15    51    -0.00004 
15    52    0.04880 
15    53    -0.18660 
15    54    0.02640 
15    55    -0.03837 
15    56    -0.00004 
MO:16   -0.63391
16    1    0.00002 
16    2    -0.00005 
16    3    0.00003 
16    4    0.13256 
16    5    0.00000 
16    6    0.12555 
16    7    -0.33597 
16    8    -0.06382 
16    9    0.01351 
16    10    0.00066 
16    11    0.12908 
16    12    -0.34359 
16    13    0.05562 
16    14    0.01374 
16    15    0.00019 
16    16    -0.00002 
16    17    0.00005 
16    18    -0.00002 
16    19    0.14846 
16    20    0.00000 
16    21    -0.12911 
16    22    0.34366 
16    23    -0.05561 
16    24    0.01373 
16    25    -0.00019 
16    26    -0.12555 
16    27    0.33596 
16    28    0.06385 
16    29    0.01351 
16    30    -0.00066 
16    31    -0.08843 
16    32    -0.09662 
16    33    0.09664 
16    34    0.08843 
16    35    0.00001 
16    36    -0.00004 
16    37    -0.00001 
16    38    0.04378 
16    39    0.00001 
16    40    -0.01915 
16    41    0.01913 
16    42    0.00001 
16    43    -0.00005 
16    44    -0.00006 
16    45    -0.00993 
16    46    0.00001 
16    47    0.00978 
16    48    -0.03772 
16    49    0.00070 
16    50    0.00868 
16    51    -0.00001 
16    52    -0.00980 
16    53    0.03781 
16    54    -0.00071 
16    55    0.00870 
16    56    0.00001 
MO:17   -0.55205
17    1    -0.00437 
17    2    0.01418 
17    3    -0.22333 
17    4    -0.00001 
17    5    0.00064 
17    6    0.09075 
17    7    -0.25544 
17    8    -0.02475 
17    9    0.00046 
17    10    0.00062 
17    11    -0.01022 
17    12    0.03250 
17    13    0.14050 
17    14    0.07613 
17    15    0.00078 
17    16    -0.12096 
17    17    0.35408 
17    18    -0.00249 
17    19    0.00001 
17    20    0.00448 
17    21    -0.01023 
17    22    0.03254 
17    23    0.14050 
17    24    -0.07614 
17    25    0.00077 
17    26    0.09075 
17    27    -0.25545 
17    28    -0.02474 
17    29    -0.00045 
17    30    0.00062 
17    31    -0.08123 
17    32    0.00800 
17    33    0.00801 
17    34    -0.08123 
17    35    0.04964 
17    36    -0.19058 
17    37    -0.21158 
17    38    -0.00001 
17    39    0.03926 
17    40    -0.11419 
17    41    -0.11418 
17    42    -0.07641 
17    43    0.30039 
17    44    0.27835 
17    45    0.00000 
17    46    -0.00027 
17    47    0.05199 
17    48    -0.21134 
17    49    0.04436 
17    50    0.01379 
17    51    -0.00002 
17    52    0.05199 
17    53    -0.21134 
17    54    0.04436 
17    55    -0.01379 
17    56    -0.00001 
MO:18   -0.51746
18    1    0.00000 
18    2    -0.00001 
18    3    0.00000 
18    4    -0.21758 
18    5    -0.00001 
18    6    -0.10014 
18    7    0.28891 
18    8    -0.10460 
18    9    -0.00537 
18    10    -0.00001 
18    11    0.08329 
18    12    -0.23906 
18    13    -0.15010 
18    14    -0.00580 
18    15    0.00064 
18    16    0.00001 
18    17    -0.00002 
18    18    -0.00001 
18    19    0.26038 
18    20    0.00001 
18    21    -0.08329 
18    22    0.23906 
18    23    0.15008 
18    24    -0.00581 
18    25    -0.00064 
18    26    0.10013 
18    27    -0.28889 
18    28    0.10461 
18    29    -0.00537 
18    30    0.00000 
18    31    0.12855 
18    32    -0.12523 
18    33    0.12522 
18    34    -0.12855 
18    35    -0.00000 
18    36    0.00000 
18    37    0.00002 
18    38    0.19896 
18    39    0.00004 
18    40    -0.10647 
18    41    0.10649 
18    42    -0.00000 
18    43    0.00000 
18    44    -0.00000 
18    45    -0.00559 
18    46    -0.00002 
18    47    -0.01564 
18    48    0.06450 
18    49    -0.01120 
18    50    -0.01154 
18    51    0.00001 
18    52    0.01564 
18    53    -0.06450 
18    54    0.01120 
18    55    -0.01154 
18    56    -0.00002 
MO:19   -0.46892
19    1    0.07780 
19    2    -0.22802 
19    3    -0.22393 
19    4    -0.00001 
19    5    0.00028 
19    6    -0.00187 
19    7    0.00922 
19    8    0.09704 
19    9    -0.20400 
19    10    -0.00098 
19    11    -0.07586 
19    12    0.23423 
19    13    -0.01685 
19    14    -0.18660 
19    15    -0.00247 
19    16    0.06659 
19    17    -0.20426 
19    18    -0.03874 
19    19    -0.00001 
19    20    -0.00796 
19    21    -0.07586 
19    22    0.23423 
19    23    -0.01686 
19    24    0.18662 
19    25    -0.00247 
19    26    -0.00188 
19    27    0.00923 
19    28    0.09705 
19    29    0.20403 
19    30    -0.00097 
19    31    0.07311 
19    32    0.18362 
19    33    0.18364 
19    34    0.07312 
19    35    -0.00388 
19    36    0.01558 
19    37    0.17186 
19    38    -0.00001 
19    39    -0.02021 
19    40    0.07338 
19    41    0.07336 
19    42    -0.05992 
19    43    0.24632 
19    44    0.15697 
19    45    -0.00000 
19    46    -0.00027 
19    47    0.03976 
19    48    -0.16943 
19    49    0.04690 
19    50    -0.00997 
19    51    -0.00005 
19    52    0.03976 
19    53    -0.16943 
19    54    0.04690 
19    55    0.00997 
19    56    -0.00005 
MO:20   -0.43033
20    1    -0.00430 
20    2    0.01119 
20    3    0.01204 
20    4    -0.00010 
20    5    -0.00194 
20    6    0.04937 
20    7    -0.16447 
20    8    0.12116 
20    9    0.15435 
20    10    -0.00260 
20    11    -0.03282 
20    12    0.09580 
20    13    -0.03295 
20    14    0.13317 
20    15    -0.00761 
20    16    0.02506 
20    17    -0.09124 
20    18    -0.34585 
20    19    -0.00005 
20    20    -0.02774 
20    21    -0.03288 
20    22    0.09600 
20    23    -0.03303 
20    24    -0.13309 
20    25    -0.00762 
20    26    0.04940 
20    27    -0.16455 
20    28    0.12133 
20    29    -0.15432 
20    30    -0.00262 
20    31    -0.18756 
20    32    -0.03817 
20    33    -0.03808 
20    34    -0.18763 
20    35    -0.00108 
20    36    0.01375 
20    37    0.42239 
20    38    -0.00031 
20    39    -0.05370 
20    40    0.16692 
20    41    0.16650 
20    42    -0.03452 
20    43    0.14833 
20    44    0.02218 
20    45    -0.00002 
20    46    -0.00148 
20    47    0.02566 
20    48    -0.11371 
20    49    0.01266 
20    50    -0.04121 
20    51    -0.00047 
20    52    0.02567 
20    53    -0.11377 
20    54    0.01268 
20    55    0.04120 
20    56    -0.00047 
MO:21   -0.42884
21    1    -0.00000 
21    2    0.00000 
21    3    -0.00000 
21    4    0.18031 
21    5    0.00002 
21    6    0.02584 
21    7    -0.08206 
21    8    0.16010 
21    9    -0.03373 
21    10    -0.00055 
21    11    -0.05289 
21    12    0.16950 
21    13    -0.06063 
21    14    -0.06727 
21    15    -0.00020 
21    16    0.00002 
21    17    -0.00007 
21    18    -0.00021 
21    19    0.08955 
21    20    0.00004 
21    21    0.05284 
21    22    -0.16937 
21    23    0.06059 
21    24    -0.06743 
21    25    0.00022 
21    26    -0.02578 
21    27    0.08185 
21    28    -0.15995 
21    29    -0.03390 
21    30    0.00057 
21    31    -0.06385 
21    32    0.07947 
21    33    -0.07951 
21    34    0.06362 
21    35    -0.00000 
21    36    0.00001 
21    37    0.00026 
21    38    0.51359 
21    39    0.00015 
21    40    -0.32781 
21    41    0.32802 
21    42    -0.00002 
21    43    0.00010 
21    44    0.00002 
21    45    0.02724 
21    46    0.00003 
21    47    0.01460 
21    48    -0.06363 
21    49    0.02014 
21    50    0.00242 
21    51    -0.00001 
21    52    -0.01456 
21    53    0.06348 
21    54    -0.02012 
21    55    0.00247 
21    56    0.00003 
MO:22   -0.37240
22    1    0.00023 
22    2    -0.00081 
22    3    0.00160 
22    4    0.00001 
22    5    0.23279 
22    6    -0.00003 
22    7    -0.00008 
22    8    0.00306 
22    9    0.00151 
22    10    0.08319 
22    11    -0.00024 
22    12    0.00067 
22    13    -0.00224 
22    14    -0.00005 
22    15    0.03481 
22    16    0.00084 
22    17    -0.00290 
22    18    -0.00082 
22    19    0.00002 
22    20    0.03093 
22    21    -0.00025 
22    22    0.00071 
22    23    -0.00218 
22    24    0.00005 
22    25    0.03481 
22    26    -0.00001 
22    27    -0.00013 
22    28    0.00304 
22    29    -0.00153 
22    30    0.08319 
22    31    -0.00220 
22    32    -0.00038 
22    33    -0.00034 
22    34    -0.00221 
22    35    -0.00094 
22    36    0.00380 
22    37    0.00148 
22    38    -0.00005 
22    39    0.01230 
22    40    0.00029 
22    41    0.00022 
22    42    -0.00117 
22    43    0.00514 
22    44    -0.00166 
22    45    0.00007 
22    46    0.72793 
22    47    0.00119 
22    48    -0.00540 
22    49    0.00069 
22    50    -0.00275 
22    51    0.28815 
22    52    0.00119 
22    53    -0.00541 
22    54    0.00069 
22    55    0.00280 
22    56    0.28811 
MO:23   -0.35807
23    1    -0.08074 
23    2    0.27246 
23    3    0.03577 
23    4    0.00002 
23    5    0.00059 
23    6    0.04281 
23    7    -0.14517 
23    8    -0.05599 
23    9    0.15774 
23    10    -0.00028 
23    11    -0.03084 
23    12    0.11292 
23    13    0.16894 
23    14    -0.17596 
23    15    -0.00349 
23    16    0.03529 
23    17    -0.12443 
23    18    0.04231 
23    19    0.00003 
23    20    -0.00700 
23    21    -0.03085 
23    22    0.11295 
23    23    0.16885 
23    24    0.17585 
23    25    -0.00351 
23    26    0.04281 
23    27    -0.14517 
23    28    -0.05589 
23    29    -0.15786 
23    30    -0.00031 
23    31    -0.14084 
23    32    0.24679 
23    33    0.24668 
23    34    -0.14097 
23    35    0.01052 
23    36    -0.04843 
23    37    0.04699 
23    38    0.00001 
23    39    -0.00435 
23    40    0.02192 
23    41    0.02193 
23    42    0.07252 
23    43    -0.31907 
23    44    0.15854 
23    45    0.00002 
23    46    0.00497 
23    47    -0.08211 
23    48    0.37400 
23    49    -0.05190 
23    50    0.18372 
23    51    0.00205 
23    52    -0.08212 
23    53    0.37401 
23    54    -0.05191 
23    55    -0.18373 
23    56    0.00208 
MO:24   -0.35209
24    1    0.03234 
24    2    -0.10828 
24    3    -0.19177 
24    4    0.00019 
24    5    0.00055 
24    6    -0.00295 
24    7    0.01713 
24    8    -0.09722 
24    9    -0.17087 
24    10    -0.00336 
24    11    0.00929 
24    12    -0.03403 
24    13    0.02670 
24    14    0.17085 
24    15    -0.01093 
24    16    -0.04680 
24    17    0.15804 
24    18    -0.24496 
24    19    0.00018 
24    20    -0.03068 
24    21    0.00927 
24    22    -0.03397 
24    23    0.02701 
24    24    -0.17102 
24    25    -0.01092 
24    26    -0.00294 
24    27    0.01710 
24    28    -0.09750 
24    29    0.17067 
24    30    -0.00333 
24    31    0.18054 
24    32    -0.12777 
24    33    -0.12775 
24    34    0.18049 
24    35    0.01269 
24    36    -0.04978 
24    37    0.20139 
24    38    -0.00014 
24    39    -0.03431 
24    40    0.07008 
24    41    0.06983 
24    42    0.05284 
24    43    -0.23422 
24    44    0.28417 
24    45    0.00010 
24    46    0.01091 
24    47    -0.07662 
24    48    0.35284 
24    49    0.00173 
24    50    0.22856 
24    51    0.00460 
24    52    -0.07666 
24    53    0.35306 
24    54    0.00163 
24    55    -0.22861 
24    56    0.00464 
MO:25   -0.34881
25    1    -0.00001 
25    2    0.00003 
25    3    0.00010 
25    4    0.32210 
25    5    -0.00002 
25    6    -0.00221 
25    7    0.01216 
25    8    0.13236 
25    9    -0.25569 
25    10    -0.00067 
25    11    0.02241 
25    12    -0.07680 
25    13    -0.15952 
25    14    -0.20373 
25    15    0.00002 
25    16    0.00002 
25    17    -0.00007 
25    18    0.00015 
25    19    0.29078 
25    20    -0.00006 
25    21    -0.02242 
25    22    0.07683 
25    23    0.15947 
25    24    -0.20354 
25    25    -0.00008 
25    26    0.00220 
25    27    -0.01214 
25    28    -0.13226 
25    29    -0.25583 
25    30    0.00061 
25    31    0.13671 
25    32    0.05727 
25    33    -0.05716 
25    34    -0.13688 
25    35    -0.00000 
25    36    0.00001 
25    37    -0.00013 
25    38    -0.21316 
25    39    -0.00013 
25    40    0.17689 
25    41    -0.17698 
25    42    -0.00004 
25    43    0.00017 
25    44    -0.00019 
25    45    0.13825 
25    46    -0.00006 
25    47    0.03551 
25    48    -0.16407 
25    49    0.07267 
25    50    -0.05218 
25    51    -0.00004 
25    52    -0.03540 
25    53    0.16357 
25    54    -0.07265 
25    55    -0.05187 
25    56    0.00001 
MO:26   -0.33352
26    1    -0.00002 
26    2    0.00009 
26    3    0.00004 
26    4    0.04493 
26    5    -0.00002 
26    6    -0.02642 
26    7    0.08447 
26    8    0.28015 
26    9    0.16309 
26    10    -0.00131 
26    11    -0.01697 
26    12    0.04876 
26    13    -0.28542 
26    14    0.19592 
26    15    0.00098 
26    16    0.00002 
26    17    -0.00006 
26    18    0.00010 
26    19    0.00676 
26    20    -0.00006 
26    21    0.01696 
26    22    -0.04871 
26    23    0.28542 
26    24    0.19607 
26    25    -0.00105 
26    26    0.02643 
26    27    -0.08454 
26    28    -0.28008 
26    29    0.16294 
26    30    0.00129 
26    31    -0.19421 
26    32    -0.24585 
26    33    0.24599 
26    34    0.19402 
26    35    -0.00000 
26    36    -0.00000 
26    37    -0.00008 
26    38    -0.11502 
26    39    -0.00009 
26    40    0.08143 
26    41    -0.08147 
26    42    0.00001 
26    43    -0.00002 
26    44    -0.00000 
26    45    0.05725 
26    46    -0.00003 
26    47    0.01817 
26    48    -0.08288 
26    49    0.04616 
26    50    -0.00879 
26    51    -0.00003 
26    52    -0.01818 
26    53    0.08292 
26    54    -0.04618 
26    55    -0.00879 
26    56    0.00002 
MO:27   -0.29895
27    1    0.02979 
27    2    -0.09822 
27    3    -0.11242 
27    4    0.00006 
27    5    0.04154 
27    6    -0.00279 
27    7    0.00060 
27    8    0.30403 
27    9    0.02855 
27    10    0.05868 
27    11    -0.01069 
27    12    0.02989 
27    13    -0.29043 
27    14    -0.00828 
27    15    0.09747 
27    16    0.03071 
27    17    -0.10335 
27    18    0.16259 
27    19    -0.00013 
27    20    0.17354 
27    21    -0.01070 
27    22    0.02993 
27    23    -0.29054 
27    24    0.00843 
27    25    0.09748 
27    26    -0.00278 
27    27    0.00058 
27    28    0.30414 
27    29    -0.02871 
27    30    0.05866 
27    31    -0.14910 
27    32    -0.11729 
27    33    -0.11718 
27    34    -0.14929 
27    35    -0.03374 
27    36    0.14976 
27    37    -0.19478 
27    38    -0.00003 
27    39    0.13124 
27    40    -0.07656 
27    41    -0.07652 
27    42    0.00142 
27    43    -0.00194 
27    44    0.29449 
27    45    0.00021 
27    46    -0.04767 
27    47    -0.03993 
27    48    0.18710 
27    49    0.02269 
27    50    0.15973 
27    51    -0.02499 
27    52    -0.04001 
27    53    0.18751 
27    54    0.02245 
27    55    -0.15996 
27    56    -0.02495 
MO:28   -0.29253
28    1    -0.00001 
28    2    0.00004 
28    3    0.00006 
28    4    0.03680 
28    5    -0.00003 
28    6    -0.00926 
28    7    0.03889 
28    8    -0.09875 
28    9    -0.04998 
28    10    0.00073 
28    11    0.00062 
28    12    -0.00524 
28    13    0.10070 
28    14    0.16395 
28    15    0.00051 
28    16    -0.00002 
28    17    0.00006 
28    18    -0.00011 
28    19    -0.23388 
28    20    0.00000 
28    21    -0.00060 
28    22    0.00520 
28    23    -0.10037 
28    24    0.16392 
28    25    -0.00053 
28    26    0.00926 
28    27    -0.03889 
28    28    0.09840 
28    29    -0.04994 
28    30    -0.00078 
28    31    0.12345 
28    32    -0.10506 
28    33    0.10518 
28    34    -0.12327 
28    35    0.00001 
28    36    -0.00006 
28    37    0.00013 
28    38    0.07381 
28    39    0.00006 
28    40    -0.08182 
28    41    0.08191 
28    42    0.00000 
28    43    -0.00001 
28    44    -0.00016 
28    45    0.44159 
28    46    -0.00001 
28    47    0.08829 
28    48    -0.42002 
28    49    0.24199 
28    50    -0.25476 
28    51    0.00002 
28    52    -0.08825 
28    53    0.41981 
28    54    -0.24199 
28    55    -0.25458 
28    56    0.00006 
MO:29   -0.28644
29    1    -0.00921 
29    2    0.03041 
29    3    0.02942 
29    4    0.00002 
29    5    0.15961 
29    6    0.00319 
29    7    -0.00828 
29    8    -0.10867 
29    9    -0.01267 
29    10    0.20975 
29    11    0.00136 
29    12    -0.00286 
29    13    0.10547 
29    14    0.01381 
29    15    0.29084 
29    16    -0.00551 
29    17    0.01640 
29    18    -0.10788 
29    19    0.00007 
29    20    0.44837 
29    21    0.00134 
29    22    -0.00281 
29    23    0.10564 
29    24    -0.01388 
29    25    0.29083 
29    26    0.00320 
29    27    -0.00832 
29    28    -0.10880 
29    29    0.01268 
29    30    0.20976 
29    31    0.05522 
29    32    0.04202 
29    33    0.04204 
29    34    0.05529 
29    35    -0.00502 
29    36    0.01882 
29    37    0.13022 
29    38    -0.00020 
29    39    0.30587 
29    40    0.03246 
29    41    0.03228 
29    42    0.00152 
29    43    -0.00853 
29    44    -0.08678 
29    45    -0.00005 
29    46    -0.14663 
29    47    0.01039 
29    48    -0.04884 
29    49    -0.00797 
29    50    -0.04447 
29    51    -0.08169 
29    52    0.01040 
29    53    -0.04891 
29    54    -0.00793 
29    55    0.04450 
29    56    -0.08169 
MO:30   -0.25863
30    1    -0.00000 
30    2    -0.00000 
30    3    -0.00001 
30    4    0.32408 
30    5    -0.00002 
30    6    0.00921 
30    7    -0.02271 
30    8    0.04099 
30    9    -0.28536 
30    10    0.00065 
30    11    -0.00706 
30    12    0.01683 
30    13    0.00767 
30    14    0.23860 
30    15    0.00152 
30    16    -0.00001 
30    17    0.00002 
30    18    -0.00003 
30    19    -0.29279 
30    20    0.00003 
30    21    0.00706 
30    22    -0.01683 
30    23    -0.00761 
30    24    0.23858 
30    25    -0.00155 
30    26    -0.00920 
30    27    0.02270 
30    28    -0.04106 
30    29    -0.28534 
30    30    -0.00074 
30    31    0.23036 
30    32    -0.23269 
30    33    0.23270 
30    34    -0.23033 
30    35    -0.00000 
30    36    0.00000 
30    37    0.00004 
30    38    0.04103 
30    39    0.00010 
30    40    -0.07047 
30    41    0.07049 
30    42    -0.00000 
30    43    0.00000 
30    44    -0.00001 
30    45    -0.21672 
30    46    0.00002 
30    47    -0.04082 
30    48    0.19581 
30    49    -0.13919 
30    50    0.14434 
30    51    -0.00003 
30    52    0.04082 
30    53    -0.19583 
30    54    0.13918 
30    55    0.14435 
30    56    0.00000 
MO:31   -0.21173
31    1    -0.00060 
31    2    0.00200 
31    3    -0.00076 
31    4    -0.00002 
31    5    -0.42962 
31    6    0.00163 
31    7    -0.00587 
31    8    -0.01610 
31    9    -0.00143 
31    10    -0.33980 
31    11    -0.00112 
31    12    0.00439 
31    13    0.01346 
31    14    0.00606 
31    15    -0.04873 
31    16    0.00451 
31    17    -0.01685 
31    18    -0.04244 
31    19    0.00006 
31    20    0.31002 
31    21    -0.00114 
31    22    0.00444 
31    23    0.01353 
31    24    -0.00617 
31    25    -0.04875 
31    26    0.00164 
31    27    -0.00590 
31    28    -0.01616 
31    29    0.00153 
31    30    -0.33984 
31    31    0.00738 
31    32    0.00732 
31    33    0.00726 
31    34    0.00746 
31    35    -0.02187 
31    36    0.09863 
31    37    0.06369 
31    38    -0.00020 
31    39    0.49150 
31    40    -0.01089 
31    41    -0.01098 
31    42    0.00061 
31    43    -0.00312 
31    44    -0.00622 
31    45    0.00001 
31    46    0.15840 
31    47    0.00043 
31    48    -0.00205 
31    49    -0.00098 
31    50    -0.00258 
31    51    0.13951 
31    52    0.00043 
31    53    -0.00205 
31    54    -0.00098 
31    55    0.00264 
31    56    0.13948 
MO:32   -0.16812
32    1    0.00000 
32    2    -0.00001 
32    3    -0.00000 
32    4    -0.00090 
32    5    -0.00001 
32    6    -0.00029 
32    7    0.00095 
32    8    0.00238 
32    9    0.00065 
32    10    0.46288 
32    11    0.00037 
32    12    -0.00201 
32    13    0.00011 
32    14    -0.00187 
32    15    0.45694 
32    16    -0.00000 
32    17    0.00001 
32    18    -0.00001 
32    19    0.00009 
32    20    -0.00001 
32    21    -0.00037 
32    22    0.00199 
32    23    -0.00013 
32    24    -0.00188 
32    25    -0.45690 
32    26    0.00029 
32    27    -0.00094 
32    28    -0.00240 
32    29    0.00070 
32    30    -0.46286 
32    31    -0.00096 
32    32    0.00157 
32    33    -0.00157 
32    34    0.00098 
32    35    0.00000 
32    36    0.00000 
32    37    -0.00000 
32    38    -0.00394 
32    39    -0.00004 
32    40    -0.00298 
32    41    0.00297 
32    42    -0.00000 
32    43    -0.00000 
32    44    -0.00000 
32    45    0.00005 
32    46    0.00000 
32    47    0.00002 
32    48    -0.00010 
32    49    0.00022 
32    50    0.00008 
32    51    -0.02169 
32    52    -0.00002 
32    53    0.00009 
32    54    -0.00020 
32    55    0.00009 
32    56    0.02169 
MO:33   -0.10828
33    1    -0.00036 
33    2    0.00139 
33    3    -0.00033 
33    4    -0.00003 
33    5    0.42079 
33    6    0.00066 
33    7    -0.00279 
33    8    -0.00390 
33    9    -0.00008 
33    10    0.08103 
33    11    -0.00087 
33    12    0.00392 
33    13    0.00183 
33    14    0.00123 
33    15    -0.35932 
33    16    0.00441 
33    17    -0.01313 
33    18    -0.01889 
33    19    0.00002 
33    20    -0.23397 
33    21    -0.00089 
33    22    0.00399 
33    23    0.00186 
33    24    -0.00131 
33    25    -0.35937 
33    26    0.00067 
33    27    -0.00281 
33    28    -0.00392 
33    29    0.00008 
33    30    0.08101 
33    31    0.00145 
33    32    0.00241 
33    33    0.00239 
33    34    0.00148 
33    35    -0.03136 
33    36    0.15420 
33    37    0.06937 
33    38    -0.00022 
33    39    0.67095 
33    40    -0.04959 
33    41    -0.04956 
33    42    0.00019 
33    43    -0.00104 
33    44    -0.00121 
33    45    0.00000 
33    46    -0.03184 
33    47    0.00004 
33    48    -0.00018 
33    49    -0.00191 
33    50    -0.00092 
33    51    -0.13807 
33    52    0.00004 
33    53    -0.00018 
33    54    -0.00191 
33    55    0.00085 
33    56    -0.13798 
MO:34   -0.09426
34    1    -0.00000 
34    2    0.00001 
34    3    -0.00001 
34    4    0.00001 
34    5    -0.00002 
34    6    0.00000 
34    7    -0.00000 
34    8    -0.00009 
34    9    0.00000 
34    10    -0.00410 
34    11    -0.00002 
34    12    0.00013 
34    13    -0.00000 
34    14    0.00009 
34    15    -0.02630 
34    16    -0.00000 
34    17    0.00000 
34    18    -0.00000 
34    19    0.00007 
34    20    0.00002 
34    21    0.00002 
34    22    -0.00014 
34    23    0.00000 
34    24    0.00009 
34    25    0.02634 
34    26    -0.00000 
34    27    0.00001 
34    28    0.00008 
34    29    0.00002 
34    30    0.00408 
34    31    0.00004 
34    32    -0.00007 
34    33    0.00007 
34    34    -0.00005 
34    35    0.00000 
34    36    -0.00001 
34    37    -0.00000 
34    38    0.00029 
34    39    -0.00004 
34    40    0.00024 
34    41    -0.00024 
34    42    0.00000 
34    43    -0.00000 
34    44    -0.00000 
34    45    0.00003 
34    46    0.00003 
34    47    0.00002 
34    48    -0.00009 
34    49    -0.00038 
34    50    -0.00021 
34    51    -0.71024 
34    52    -0.00002 
34    53    0.00009 
34    54    0.00034 
34    55    -0.00007 
34    56    0.71028 
MO:35   -0.08404
35    1    0.05120 
35    2    -0.23761 
35    3    0.31210 
35    4    0.00000 
35    5    0.00048 
35    6    -0.00528 
35    7    0.02086 
35    8    -0.03069 
35    9    0.07542 
35    10    0.00020 
35    11    0.00745 
35    12    -0.03088 
35    13    0.04614 
35    14    0.00076 
35    15    -0.00135 
35    16    0.00494 
35    17    -0.02345 
35    18    0.01236 
35    19    0.00000 
35    20    -0.00028 
35    21    0.00744 
35    22    -0.03087 
35    23    0.04614 
35    24    -0.00076 
35    25    -0.00134 
35    26    -0.00527 
35    27    0.02084 
35    28    -0.03069 
35    29    -0.07541 
35    30    0.00021 
35    31    0.04160 
35    32    0.03769 
35    33    0.03769 
35    34    0.04160 
35    35    0.00121 
35    36    -0.00670 
35    37    -0.00141 
35    38    -0.00000 
35    39    0.00325 
35    40    0.00297 
35    41    0.00296 
35    42    -0.00535 
35    43    0.03182 
35    44    -0.01028 
35    45    -0.00001 
35    46    -0.00006 
35    47    0.00334 
35    48    -0.01276 
35    49    0.64757 
35    50    0.15653 
35    51    -0.00095 
35    52    0.00334 
35    53    -0.01277 
35    54    0.64749 
35    55    -0.15642 
35    56    -0.00087 
MO:36   -0.05085
36    1    -0.00000 
36    2    0.00002 
36    3    -0.00002 
36    4    0.00078 
36    5    0.00001 
36    6    -0.01310 
36    7    0.06140 
36    8    -0.03343 
36    9    -0.00208 
36    10    -0.00007 
36    11    0.00620 
36    12    -0.02804 
36    13    0.02922 
36    14    -0.00298 
36    15    -0.00027 
36    16    -0.00000 
36    17    0.00000 
36    18    -0.00000 
36    19    -0.01221 
36    20    -0.00002 
36    21    -0.00620 
36    22    0.02804 
36    23    -0.02923 
36    24    -0.00297 
36    25    0.00026 
36    26    0.01310 
36    27    -0.06140 
36    28    0.03343 
36    29    -0.00207 
36    30    0.00010 
36    31    -0.00589 
36    32    0.00750 
36    33    -0.00751 
36    34    0.00588 
36    35    -0.00000 
36    36    0.00000 
36    37    0.00000 
36    38    0.00143 
36    39    0.00001 
36    40    -0.00468 
36    41    0.00467 
36    42    0.00000 
36    43    -0.00000 
36    44    -0.00001 
36    45    0.00962 
36    46    -0.00000 
36    47    0.00092 
36    48    -0.00687 
36    49    0.49910 
36    50    0.51754 
36    51    -0.00040 
36    52    -0.00092 
36    53    0.00686 
36    54    -0.49922 
36    55    0.51759 
36    56    0.00029 
MO:37   0.02826
37    1    -0.00021 
37    2    0.00115 
37    3    -0.00008 
37    4    0.00001 
37    5    -0.35247 
37    6    -0.00011 
37    7    0.00044 
37    8    0.00176 
37    9    -0.00041 
37    10    0.32982 
37    11    -0.00007 
37    12    0.00016 
37    13    0.00063 
37    14    -0.00253 
37    15    0.07580 
37    16    0.00009 
37    17    0.00406 
37    18    0.00335 
37    19    -0.00001 
37    20    -0.41525 
37    21    -0.00008 
37    22    0.00019 
37    23    0.00066 
37    24    0.00250 
37    25    0.07576 
37    26    -0.00011 
37    27    0.00044 
37    28    0.00176 
37    29    0.00035 
37    30    0.32990 
37    31    -0.00075 
37    32    -0.00051 
37    33    -0.00050 
37    34    -0.00073 
37    35    -0.01500 
37    36    0.08284 
37    37    0.04279 
37    38    -0.00010 
37    39    0.26511 
37    40    -0.04592 
37    41    -0.04584 
37    42    0.00006 
37    43    -0.00033 
37    44    -0.00049 
37    45    -0.00004 
37    46    -0.42232 
37    47    -0.00002 
37    48    0.00010 
37    49    0.00070 
37    50    0.00020 
37    51    0.48626 
37    52    -0.00002 
37    53    0.00011 
37    54    0.00072 
37    55    -0.00011 
37    56    0.48626 
MO:38   0.05330
38    1    0.00000 
38    2    -0.00002 
38    3    0.00001 
38    4    -0.00061 
38    5    0.00001 
38    6    -0.00014 
38    7    0.00074 
38    8    -0.00074 
38    9    -0.00012 
38    10    -0.56709 
38    11    0.00093 
38    12    -0.00537 
38    13    -0.00012 
38    14    -0.00303 
38    15    0.57115 
38    16    0.00000 
38    17    -0.00001 
38    18    -0.00001 
38    19    -0.00441 
38    20    0.00003 
38    21    -0.00093 
38    22    0.00534 
38    23    0.00008 
38    24    -0.00304 
38    25    -0.57114 
38    26    0.00014 
38    27    -0.00076 
38    28    0.00077 
38    29    -0.00018 
38    30    0.56703 
38    31    -0.00107 
38    32    0.00192 
38    33    -0.00188 
38    34    0.00110 
38    35    -0.00000 
38    36    0.00003 
38    37    -0.00001 
38    38    -0.01185 
38    39    -0.00004 
38    40    -0.01023 
38    41    0.01020 
38    42    -0.00000 
38    43    0.00002 
38    44    0.00002 
38    45    -0.00003 
38    46    0.00002 
38    47    0.00000 
38    48    -0.00000 
38    49    0.00001 
38    50    -0.00013 
38    51    -0.01611 
38    52    -0.00000 
38    53    0.00000 
38    54    -0.00002 
38    55    -0.00014 
38    56    0.01607 
MO:39   0.09916
39    1    0.00044 
39    2    -0.00239 
39    3    0.00004 
39    4    -0.00003 
39    5    0.48583 
39    6    0.00011 
39    7    -0.00051 
39    8    -0.00102 
39    9    0.00077 
39    10    -0.13322 
39    11    0.00013 
39    12    -0.00012 
39    13    -0.00183 
39    14    0.00480 
39    15    -0.30688 
39    16    0.00081 
39    17    -0.00978 
39    18    -0.00584 
39    19    0.00001 
39    20    0.55830 
39    21    0.00014 
39    22    -0.00017 
39    23    -0.00187 
39    24    -0.00478 
39    25    -0.30689 
39    26    0.00011 
39    27    -0.00047 
39    28    -0.00103 
39    29    -0.00078 
39    30    -0.13324 
39    31    0.00155 
39    32    0.00112 
39    33    0.00114 
39    34    0.00154 
39    35    0.01901 
39    36    -0.11143 
39    37    -0.06310 
39    38    0.00012 
39    39    -0.25045 
39    40    0.07434 
39    41    0.07420 
39    42    -0.00011 
39    43    0.00069 
39    44    0.00025 
39    45    -0.00006 
39    46    -0.52891 
39    47    0.00002 
39    48    -0.00011 
39    49    -0.00036 
39    50    0.00005 
39    51    0.38529 
39    52    0.00002 
39    53    -0.00011 
39    54    -0.00039 
39    55    0.00001 
39    56    0.38528 
MO:40   0.20664
40    1    -0.00439 
40    2    0.02319 
40    3    -0.01970 
40    4    -0.00001 
40    5    0.55836 
40    6    0.00322 
40    7    -0.01732 
40    8    -0.01985 
40    9    -0.00220 
40    10    -0.49801 
40    11    -0.00423 
40    12    0.02137 
40    13    -0.00544 
40    14    -0.00562 
40    15    0.46310 
40    16    0.00580 
40    17    -0.02420 
40    18    -0.04283 
40    19    -0.00001 
40    20    -0.46840 
40    21    -0.00424 
40    22    0.02145 
40    23    -0.00540 
40    24    0.00561 
40    25    0.46312 
40    26    0.00322 
40    27    -0.01731 
40    28    -0.01990 
40    29    0.00226 
40    30    -0.49803 
40    31    -0.00308 
40    32    0.00325 
40    33    0.00320 
40    34    -0.00311 
40    35    -0.04774 
40    36    0.30269 
40    37    0.11933 
40    38    -0.00012 
40    39    0.09581 
40    40    -0.21799 
40    41    -0.21779 
40    42    0.00492 
40    43    -0.03026 
40    44    -0.01778 
40    45    -0.00003 
40    46    -0.23209 
40    47    -0.00062 
40    48    0.00379 
40    49    0.00957 
40    50    -0.00591 
40    51    0.11382 
40    52    -0.00061 
40    53    0.00378 
40    54    0.00955 
40    55    0.00592 
40    56    0.11382 
MO:41   0.23752
41    1    -0.03859 
41    2    0.20892 
41    3    -0.24420 
41    4    0.00002 
41    5    -0.10461 
41    6    0.02210 
41    7    -0.12041 
41    8    -0.13853 
41    9    -0.02430 
41    10    0.10486 
41    11    -0.02857 
41    12    0.15408 
41    13    -0.08799 
41    14    0.01188 
41    15    -0.12829 
41    16    0.05064 
41    17    -0.26827 
41    18    -0.32969 
41    19    0.00003 
41    20    0.17894 
41    21    -0.02856 
41    22    0.15404 
41    23    -0.08804 
41    24    -0.01185 
41    25    -0.12826 
41    26    0.02210 
41    27    -0.12042 
41    28    -0.13852 
41    29    0.02433 
41    30    0.10486 
41    31    -0.03674 
41    32    0.03353 
41    33    0.03355 
41    34    -0.03676 
41    35    -0.17026 
41    36    1.09729 
41    37    0.20302 
41    38    0.00014 
41    39    -0.30194 
41    40    -0.72052 
41    41    -0.72059 
41    42    0.05106 
41    43    -0.31827 
41    44    -0.16527 
41    45    0.00002 
41    46    0.03874 
41    47    -0.00730 
41    48    0.04509 
41    49    0.09214 
41    50    -0.06837 
41    51    -0.01752 
41    52    -0.00731 
41    53    0.04511 
41    54    0.09217 
41    55    0.06839 
41    56    -0.01753 
MO:42   0.24538
42    1    0.10701 
42    2    -0.59488 
42    3    0.62851 
42    4    0.00000 
42    5    -0.01600 
42    6    0.01474 
42    7    -0.09835 
42    8    0.11187 
42    9    0.21473 
42    10    0.01552 
42    11    0.03576 
42    12    -0.21028 
42    13    0.06799 
42    14    0.15134 
42    15    -0.02245 
42    16    0.03865 
42    17    -0.22094 
42    18    -0.13469 
42    19    0.00001 
42    20    0.03110 
42    21    0.03577 
42    22    -0.21030 
42    23    0.06799 
42    24    -0.15136 
42    25    -0.02240 
42    26    0.01474 
42    27    -0.09835 
42    28    0.11184 
42    29    -0.21479 
42    30    0.01544 
42    31    0.37203 
42    32    0.26750 
42    33    0.26753 
42    34    0.37205 
42    35    -0.06110 
42    36    0.39409 
42    37    -0.02075 
42    38    0.00001 
42    39    -0.08742 
42    40    -0.22212 
42    41    -0.22210 
42    42    -0.13498 
42    43    0.84470 
42    44    0.41204 
42    45    -0.00004 
42    46    0.00448 
42    47    0.02252 
42    48    -0.13651 
42    49    -0.25876 
42    50    0.18015 
42    51    -0.00202 
42    52    0.02253 
42    53    -0.13654 
42    54    -0.25882 
42    55    -0.18020 
42    56    -0.00198 
MO:43   0.28707
43    1    0.00001 
43    2    -0.00008 
43    3    0.00003 
43    4    0.17075 
43    5    0.00002 
43    6    0.02476 
43    7    -0.14536 
43    8    -0.04218 
43    9    0.21747 
43    10    -0.00545 
43    11    -0.03203 
43    12    0.18775 
43    13    0.02339 
43    14    0.39040 
43    15    0.01229 
43    16    -0.00000 
43    17    0.00002 
43    18    0.00008 
43    19    0.42276 
43    20    -0.00011 
43    21    0.03203 
43    22    -0.18774 
43    23    -0.02326 
43    24    0.39042 
43    25    -0.01218 
43    26    -0.02479 
43    27    0.14551 
43    28    0.04222 
43    29    0.21745 
43    30    0.00543 
43    31    0.28660 
43    32    0.21333 
43    33    -0.21341 
43    34    -0.28664 
43    35    0.00000 
43    36    -0.00001 
43    37    0.00008 
43    38    0.75835 
43    39    0.00032 
43    40    0.66107 
43    41    -0.66113 
43    42    -0.00001 
43    43    0.00006 
43    44    0.00003 
43    45    0.05642 
43    46    -0.00002 
43    47    0.00286 
43    48    -0.02057 
43    49    -0.02815 
43    50    0.04330 
43    51    -0.00006 
43    52    -0.00286 
43    53    0.02055 
43    54    0.02811 
43    55    0.04328 
43    56    0.00007 
MO:44   0.31920
44    1    0.03829 
44    2    -0.21559 
44    3    0.27509 
44    4    -0.00009 
44    5    -0.01401 
44    6    -0.04796 
44    7    0.29273 
44    8    0.04090 
44    9    -0.08330 
44    10    0.01620 
44    11    -0.05983 
44    12    0.36529 
44    13    0.41837 
44    14    -0.22524 
44    15    -0.03378 
44    16    -0.01730 
44    17    0.10948 
44    18    0.49528 
44    19    -0.00004 
44    20    0.07683 
44    21    -0.05981 
44    22    0.36517 
44    23    0.41846 
44    24    0.22519 
44    25    -0.03383 
44    26    -0.04799 
44    27    0.29288 
44    28    0.04096 
44    29    0.08316 
44    30    0.01623 
44    31    -0.19630 
44    32    -0.59262 
44    33    -0.59254 
44    34    -0.19622 
44    35    0.00771 
44    36    -0.04646 
44    37    0.59686 
44    38    -0.00006 
44    39    -0.07469 
44    40    -0.24691 
44    41    -0.24677 
44    42    -0.05732 
44    43    0.36602 
44    44    0.10983 
44    45    -0.00008 
44    46    0.00367 
44    47    0.01041 
44    48    -0.06703 
44    49    -0.08068 
44    50    0.11311 
44    51    -0.00142 
44    52    0.01042 
44    53    -0.06709 
44    54    -0.08077 
44    55    -0.11319 
44    56    -0.00140 
MO:45   0.35345
45    1    -0.00007 
45    2    0.00043 
45    3    0.00012 
45    4    -0.40457 
45    5    0.00000 
45    6    0.02532 
45    7    -0.14763 
45    8    -0.14065 
45    9    -0.43849 
45    10    -0.00227 
45    11    -0.07894 
45    12    0.49024 
45    13    0.06302 
45    14    -0.29247 
45    15    0.00686 
45    16    -0.00005 
45    17    0.00033 
45    18    -0.00005 
45    19    0.01729 
45    20    -0.00008 
45    21    0.07898 
45    22    -0.49045 
45    23    -0.06322 
45    24    -0.29224 
45    25    -0.00674 
45    26    -0.02522 
45    27    0.14700 
45    28    0.14088 
45    29    -0.43833 
45    30    0.00216 
45    31    -0.35767 
45    32    -0.55283 
45    33    0.55285 
45    34    0.35797 
45    35    0.00001 
45    36    -0.00004 
45    37    0.00009 
45    38    0.46176 
45    39    0.00018 
45    40    0.38745 
45    41    -0.38748 
45    42    0.00001 
45    43    -0.00008 
45    44    -0.00008 
45    45    -0.26439 
45    46    0.00004 
45    47    -0.01710 
45    48    0.11397 
45    49    0.14554 
45    50    -0.14281 
45    51    -0.00009 
45    52    0.01710 
45    53    -0.11396 
45    54    -0.14549 
45    55    -0.14282 
45    56    0.00011 
MO:46   0.37409
46    1    -0.14581 
46    2    0.87742 
46    3    0.15524 
46    4    0.00007 
46    5    0.00009 
46    6    0.13570 
46    7    -0.82762 
46    8    0.39747 
46    9    0.04018 
46    10    -0.00162 
46    11    -0.05460 
46    12    0.32127 
46    13    0.08502 
46    14    -0.05076 
46    15    0.00111 
46    16    0.03216 
46    17    -0.18964 
46    18    0.18533 
46    19    0.00001 
46    20    0.00109 
46    21    -0.05463 
46    22    0.32145 
46    23    0.08512 
46    24    0.05096 
46    25    0.00110 
46    26    0.13570 
46    27    -0.82761 
46    28    0.39743 
46    29    -0.03999 
46    30    -0.00166 
46    31    0.66139 
46    32    -0.27372 
46    33    -0.27402 
46    34    0.66119 
46    35    0.00898 
46    36    -0.06260 
46    37    0.03422 
46    38    -0.00011 
46    39    0.00898 
46    40    0.02027 
46    41    0.02045 
46    42    0.05209 
46    43    -0.33443 
46    44    -0.03768 
46    45    0.00013 
46    46    0.00006 
46    47    -0.01125 
46    48    0.07428 
46    49    0.06791 
46    50    -0.13361 
46    51    -0.00002 
46    52    -0.01127 
46    53    0.07438 
46    54    0.06803 
46    55    0.13375 
46    56    -0.00004 
MO:47   0.38978
47    1    -0.07225 
47    2    0.45958 
47    3    0.21519 
47    4    0.00005 
47    5    -0.00795 
47    6    0.00853 
47    7    -0.06413 
47    8    0.28163 
47    9    -0.21446 
47    10    0.00931 
47    11    0.12487 
47    12    -0.77212 
47    13    -0.20710 
47    14    -0.25853 
47    15    -0.02540 
47    16    -0.21201 
47    17    1.30874 
47    18    0.00466 
47    19    0.00006 
47    20    0.05811 
47    21    0.12486 
47    22    -0.77210 
47    23    -0.20695 
47    24    0.25870 
47    25    -0.02537 
47    26    0.00850 
47    27    -0.06390 
47    28    0.28161 
47    29    0.21475 
47    30    0.00932 
47    31    -0.02667 
47    32    0.27950 
47    33    0.27925 
47    34    -0.02705 
47    35    0.03207 
47    36    -0.20445 
47    37    0.61035 
47    38    -0.00018 
47    39    -0.04514 
47    40    -0.17331 
47    41    -0.17301 
47    42    0.00551 
47    43    -0.03439 
47    44    0.00143 
47    45    0.00007 
47    46    0.00193 
47    47    -0.00276 
47    48    0.01593 
47    49    0.01942 
47    50    -0.01060 
47    51    -0.00067 
47    52    -0.00277 
47    53    0.01598 
47    54    0.01947 
47    55    0.01067 
47    56    -0.00067 
MO:48   0.40468
48    1    0.00001 
48    2    -0.00008 
48    3    0.00006 
48    4    0.43203 
48    5    0.00004 
48    6    -0.13850 
48    7    0.87843 
48    8    -0.01175 
48    9    -0.14173 
48    10    -0.00125 
48    11    0.07517 
48    12    -0.46247 
48    13    0.26988 
48    14    -0.07080 
48    15    0.00059 
48    16    -0.00004 
48    17    0.00022 
48    18    0.00014 
48    19    -0.25747 
48    20    -0.00002 
48    21    -0.07513 
48    22    0.46224 
48    23    -0.26982 
48    24    -0.07073 
48    25    -0.00056 
48    26    0.13847 
48    27    -0.87830 
48    28    0.01187 
48    29    -0.14176 
48    30    0.00119 
48    31    -0.54209 
48    32    0.05054 
48    33    -0.05051 
48    34    0.54211 
48    35    0.00001 
48    36    -0.00007 
48    37    0.00021 
48    38    0.33484 
48    39    0.00008 
48    40    0.22151 
48    41    -0.22164 
48    42    0.00001 
48    43    -0.00007 
48    44    0.00019 
48    45    0.45986 
48    46    -0.00006 
48    47    0.03257 
48    48    -0.21279 
48    49    -0.25185 
48    50    0.19918 
48    51    0.00009 
48    52    -0.03259 
48    53    0.21293 
48    54    0.25187 
48    55    0.19941 
48    56    -0.00013 
MO:49   0.43820
49    1    0.07336 
49    2    -0.46504 
49    3    0.02026 
49    4    -0.00008 
49    5    -0.00095 
49    6    -0.04613 
49    7    0.29304 
49    8    0.08343 
49    9    0.12451 
49    10    0.00119 
49    11    0.02074 
49    12    -0.13011 
49    13    0.16392 
49    14    0.15088 
49    15    -0.00517 
49    16    0.01051 
49    17    -0.07772 
49    18    0.21207 
49    19    0.00029 
49    20    0.01397 
49    21    0.02091 
49    22    -0.13121 
49    23    0.16393 
49    24    -0.15118 
49    25    -0.00517 
49    26    -0.04624 
49    27    0.29368 
49    28    0.08376 
49    29    -0.12433 
49    30    0.00117 
49    31    0.00093 
49    32    0.10788 
49    33    0.10859 
49    34    0.00062 
49    35    0.00489 
49    36    -0.03364 
49    37    0.15024 
49    38    -0.00017 
49    39    -0.01320 
49    40    -0.05872 
49    41    -0.05854 
49    42    0.10944 
49    43    -0.70472 
49    44    0.85359 
49    45    0.00031 
49    46    -0.00037 
49    47    -0.06298 
49    48    0.41626 
49    49    0.13119 
49    50    -0.64113 
49    51    0.00001 
49    52    -0.06302 
49    53    0.41648 
49    54    0.13144 
49    55    0.64140 
49    56    -0.00012 
MO:50   0.45521
50    1    -0.00003 
50    2    0.00017 
50    3    0.00001 
50    4    0.18126 
50    5    0.00003 
50    6    0.02601 
50    7    -0.15651 
50    8    -0.23532 
50    9    0.27441 
50    10    0.00049 
50    11    -0.10496 
50    12    0.68444 
50    13    0.12596 
50    14    -0.24614 
50    15    0.00131 
50    16    0.00000 
50    17    -0.00001 
50    18    -0.00013 
50    19    0.41241 
50    20    -0.00001 
50    21    0.10492 
50    22    -0.68419 
50    23    -0.12610 
50    24    -0.24596 
50    25    -0.00128 
50    26    -0.02596 
50    27    0.15624 
50    28    0.23516 
50    29    0.27450 
50    30    -0.00050 
50    31    0.18890 
50    32    -0.52127 
50    33    0.52107 
50    34    -0.18893 
50    35    -0.00000 
50    36    0.00003 
50    37    -0.00013 
50    38    -0.21114 
50    39    -0.00003 
50    40    -0.10911 
50    41    0.10922 
50    42    -0.00008 
50    43    0.00050 
50    44    -0.00048 
50    45    0.69987 
50    46    -0.00008 
50    47    0.04239 
50    48    -0.28814 
50    49    -0.30167 
50    50    0.31914 
50    51    0.00009 
50    52    -0.04231 
50    53    0.28760 
50    54    0.30147 
50    55    0.31837 
50    56    -0.00014 
MO:51   0.51082
51    1    0.03195 
51    2    -0.23263 
51    3    -0.71065 
51    4    0.00010 
51    5    -0.00063 
51    6    -0.03006 
51    7    0.20000 
51    8    0.15379 
51    9    0.37853 
51    10    0.00296 
51    11    0.01155 
51    12    -0.07641 
51    13    0.05209 
51    14    0.45545 
51    15    -0.01054 
51    16    0.00997 
51    17    -0.09569 
51    18    0.81333 
51    19    0.00022 
51    20    0.03731 
51    21    0.01160 
51    22    -0.07670 
51    23    0.05184 
51    24    -0.45543 
51    25    -0.01053 
51    26    -0.03003 
51    27    0.19980 
51    28    0.15387 
51    29    -0.37858 
51    30    0.00291 
51    31    0.22515 
51    32    0.32346 
51    33    0.32366 
51    34    0.22529 
51    35    0.03811 
51    36    -0.27113 
51    37    0.50819 
51    38    -0.00008 
51    39    -0.01392 
51    40    -0.11306 
51    41    -0.11296 
51    42    0.00631 
51    43    -0.05604 
51    44    -0.45402 
51    45    -0.00018 
51    46    0.00081 
51    47    0.01666 
51    48    -0.11196 
51    49    0.00353 
51    50    0.16294 
51    51    -0.00018 
51    52    0.01668 
51    53    -0.11209 
51    54    0.00339 
51    55    -0.16308 
51    56    -0.00015 
MO:52   0.53046
52    1    -0.00011 
52    2    0.00077 
52    3    0.00007 
52    4    0.09407 
52    5    0.00001 
52    6    0.00569 
52    7    -0.03899 
52    8    -0.60167 
52    9    -0.40114 
52    10    0.00239 
52    11    -0.06114 
52    12    0.42372 
52    13    -0.34300 
52    14    0.51372 
52    15    0.00066 
52    16    0.00012 
52    17    -0.00079 
52    18    -0.00035 
52    19    0.47828 
52    20    0.00000 
52    21    0.06128 
52    22    -0.42468 
52    23    0.34439 
52    24    0.51287 
52    25    -0.00068 
52    26    -0.00582 
52    27    0.03987 
52    28    0.60298 
52    29    -0.39998 
52    30    -0.00245 
52    31    -0.48149 
52    32    0.31954 
52    33    -0.31913 
52    34    0.48086 
52    35    -0.00005 
52    36    0.00036 
52    37    -0.00042 
52    38    -0.30036 
52    39    -0.00008 
52    40    -0.17891 
52    41    0.17892 
52    42    0.00000 
52    43    -0.00003 
52    44    -0.00025 
52    45    0.10161 
52    46    -0.00001 
52    47    0.00693 
52    48    -0.04666 
52    49    -0.04267 
52    50    0.03527 
52    51    0.00002 
52    52    -0.00692 
52    53    0.04657 
52    54    0.04273 
52    55    0.03506 
52    56    -0.00003 
MO:53   0.53986
53    1    -0.09005 
53    2    0.62908 
53    3    0.06090 
53    4    -0.00019 
53    5    0.00105 
53    6    -0.05248 
53    7    0.36358 
53    8    0.56549 
53    9    -0.47327 
53    10    -0.00342 
53    11    0.05479 
53    12    -0.37859 
53    13    0.58977 
53    14    0.35547 
53    15    0.00161 
53    16    0.09158 
53    17    -0.62735 
53    18    -0.18705 
53    19    -0.00065 
53    20    -0.01324 
53    21    0.05463 
53    22    -0.37748 
53    23    0.58896 
53    24    -0.35680 
53    25    0.00159 
53    26    -0.05247 
53    27    0.36352 
53    28    0.56400 
53    29    0.47416 
53    30    -0.00340 
53    31    -0.23913 
53    32    0.16003 
53    33    0.16084 
53    34    -0.24029 
53    35    -0.03617 
53    36    0.25561 
53    37    -0.26563 
53    38    0.00041 
53    39    -0.01349 
53    40    -0.01439 
53    41    -0.01488 
53    42    0.00615 
53    43    -0.04571 
53    44    -0.17653 
53    45    -0.00004 
53    46    -0.00004 
53    47    0.00251 
53    48    -0.02220 
53    49    0.02802 
53    50    0.06523 
53    51    0.00001 
53    52    0.00252 
53    53    -0.02224 
53    54    0.02798 
53    55    -0.06524 
53    56    0.00002 
MO:54   0.56791
54    1    -0.00003 
54    2    0.00019 
54    3    0.00018 
54    4    0.69315 
54    5    0.00000 
54    6    -0.08624 
54    7    0.61003 
54    8    -0.00412 
54    9    0.20765 
54    10    -0.00058 
54    11    -0.03408 
54    12    0.24541 
54    13    0.55671 
54    14    0.10687 
54    15    -0.00053 
54    16    0.00000 
54    17    0.00001 
54    18    -0.00020 
54    19    0.71193 
54    20    0.00001 
54    21    0.03408 
54    22    -0.24546 
54    23    -0.55660 
54    24    0.10708 
54    25    0.00054 
54    26    0.08625 
54    27    -0.61012 
54    28    0.00423 
54    29    0.20794 
54    30    0.00061 
54    31    -0.08894 
54    32    -0.20455 
54    33    0.20436 
54    34    0.08883 
54    35    -0.00001 
54    36    0.00006 
54    37    -0.00013 
54    38    -0.25978 
54    39    -0.00005 
54    40    -0.14320 
54    41    0.14327 
54    42    0.00001 
54    43    -0.00007 
54    44    0.00013 
54    45    -0.64811 
54    46    0.00005 
54    47    -0.03583 
54    48    0.24954 
54    49    0.22438 
54    50    -0.26071 
54    51    -0.00005 
54    52    0.03581 
54    53    -0.24942 
54    54    -0.22434 
54    55    -0.26056 
54    56    0.00011 
MO:55   0.68783
55    1    0.00003 
55    2    -0.00017 
55    3    -0.00029 
55    4    0.86110 
55    5    0.00003 
55    6    -0.01058 
55    7    0.07966 
55    8    -0.61979 
55    9    0.42145 
55    10    0.00229 
55    11    -0.00544 
55    12    0.04277 
55    13    -0.54890 
55    14    -0.37106 
55    15    0.00113 
55    16    -0.00002 
55    17    0.00012 
55    18    -0.00029 
55    19    -0.65861 
55    20    -0.00001 
55    21    0.00550 
55    22    -0.04315 
55    23    0.54924 
55    24    -0.37064 
55    25    -0.00115 
55    26    0.01053 
55    27    -0.07928 
55    28    0.62016 
55    29    0.42094 
55    30    -0.00228 
55    31    0.01004 
55    32    -0.05041 
55    33    0.05021 
55    34    -0.00979 
55    35    -0.00001 
55    36    0.00010 
55    37    -0.00010 
55    38    0.19083 
55    39    0.00003 
55    40    0.10253 
55    41    -0.10253 
55    42    0.00001 
55    43    -0.00009 
55    44    -0.00006 
55    45    -0.34152 
55    46    0.00002 
55    47    -0.01810 
55    48    0.12716 
55    49    0.10497 
55    50    -0.11957 
55    51    -0.00001 
55    52    0.01810 
55    53    -0.12714 
55    54    -0.10495 
55    55    -0.11956 
55    56    0.00005 
MO:56   0.72096
56    1    -0.06546 
56    2    0.49035 
56    3    0.63128 
56    4    0.00041 
56    5    -0.00168 
56    6    0.06409 
56    7    -0.46799 
56    8    -0.36136 
56    9    -0.57381 
56    10    0.00189 
56    11    -0.06071 
56    12    0.44323 
56    13    -0.37011 
56    14    0.55597 
56    15    -0.00032 
56    16    0.04794 
56    17    -0.36103 
56    18    0.68973 
56    19    -0.00026 
56    20    0.01378 
56    21    -0.06071 
56    22    0.44317 
56    23    -0.36962 
56    24    -0.55624 
56    25    -0.00031 
56    26    0.06410 
56    27    -0.46807 
56    28    -0.36077 
56    29    0.57422 
56    30    0.00195 
56    31    -0.27343 
56    32    0.27356 
56    33    0.27357 
56    34    -0.27344 
56    35    0.02550 
56    36    -0.19731 
56    37    0.24196 
56    38    0.00007 
56    39    0.00616 
56    40    -0.02502 
56    41    -0.02509 
56    42    -0.01582 
56    43    0.12030 
56    44    0.16973 
56    45    -0.00013 
56    46    -0.00009 
56    47    -0.00275 
56    48    0.01940 
56    49    -0.01263 
56    50    -0.02201 
56    51    0.00000 
56    52    -0.00274 
56    53    0.01930 
56    54    -0.01271 
56    55    0.02192 
56    56    -0.00000 
