 File geometry.chk


 dumping /fiocom/, unit = 1 NFiles =    47 SizExt = 134217728 WInBlk =   2097152
                   defal = F LstWrd =     4194304 FType=2 FMxFil=10000

 Number              0             0           501           502           503           507
 Base          2097494       2249748       2150298       2151298       2242917       2156091
 End           2102332       4194304       2151298       2155487       2243030       2156308
 End1          2102332       4194304       2151298       2155487       2243030       2156308
 Wr Pntr       2097494       2249748       2150298       2151298       2242917       2156091
 Rd Pntr       2097494       2249748       2150298       2151298       2242917       2156091
 Length           4838       1944556          1000          4189           113           217
 Int.Num             1             2             3             4             5             6

 Number            508           520           521           522           524           526
 Base          2097152       2188839       2188917       2097382       2188980       2192116
 End           2097182       2188849       2188952       2097494       2192116       2195252
 End1          2097182       2188849       2188952       2097494       2192116       2195252
 Wr Pntr       2097152       2188839       2188917       2097382       2188980       2192116
 Rd Pntr       2097152       2188839       2188917       2097382       2188980       2192116
 Length             30            10            35           112          3136          3136
 Int.Num             7             8             9            10            11            12

 Number            528           530           532           534           536           538
 Base          2243364       2244960       2246556       2248152       2102332       2103928
 End           2244960       2246556       2248152       2249748       2103928       2105524
 End1          2244960       2246556       2248152       2249748       2103928       2105524
 Wr Pntr       2243364       2244960       2246556       2248152       2102332       2103928
 Rd Pntr       2243364       2244960       2246556       2248152       2102332       2103928
 Length           1596          1596          1596          1596          1596          1596
 Int.Num            13            14            15            16            17            18

 Number            545           548           551           552           561           562
 Base          2188952       2195252       2188877       2188849       2182562       2182563
 End           2188980       2197828       2188915       2188877       2182563       2188787
 End1          2188980       2197828       2188915       2188877       2182563       2188787
 Wr Pntr       2188952       2195252       2188877       2188849       2182562       2182563
 Rd Pntr       2188952       2195252       2188877       2188849       2182562       2182563
 Length             28          2576            38            28             1          6224
 Int.Num            19            20            21            22            23            24

 Number            569           577           584           603           605           607
 Base          2188915       2188787       2160724       2200202       2200185       2243226
 End           2188917       2188839       2160820       2203395       2200202       2243272
 End1          2188917       2188839       2160820       2203395       2200202       2243272
 Wr Pntr       2188915       2188787       2160724       2200202       2200185       2243226
 Rd Pntr       2188915       2188787       2160724       2200202       2200185       2243226
 Length              2            52            96          3193            17            46
 Int.Num            25            26            27            28            29            30

 Number            619           633           635           670           674           685
 Base          2197828       2203395       2108660       2155487       2242741       2105524
 End           2200185       2242741       2150292       2156091       2242917       2108660
 End1          2200185       2242741       2150292       2156091       2242917       2108660
 Wr Pntr       2197828       2203395       2108660       2155487       2242741       2105524
 Rd Pntr       2197828       2203395       2108660       2155487       2242741       2105524
 Length           2357         39346         41632           604           176          3136
 Int.Num            31            32            33            34            35            36

 Number            694           695           698           770           800           801
 Base          2243272       2160820       2243030       2243126       2156308       2150292
 End           2243364       2161344       2243126       2243226       2160724       2150298
 End1          2243364       2161344       2243126       2243226       2160724       2150298
 Wr Pntr       2243272       2160820       2243030       2243126       2156308       2150292
 Rd Pntr       2243272       2160820       2243030       2243126       2156308       2150292
 Length             92           524            96           100          4416             6
 Int.Num            37            38            39            40            41            42

 Number            810           989           993           997           998
 Base          2161344       2161392       2181392       2181592       2097182
 End           2161392       2181392       2181592       2182562       2097382
 End1          2161392       2181392       2181592       2182562       2097382
 Wr Pntr       2161344       2161392       2181392       2181592       2097182
 Rd Pntr       2161344       2161392       2181392       2181592       2097182
 Length             48         20000           200           970           200
 Int.Num            43            44            45            46            47
 NUsed=  45 NFree=   2 NHiFil= 998
 NWUsed=        147758 NWInt=          4838 NWEnd=       1944556 NWCopy=        147416
 Dump of file   522 length           112 (read left to right):
      -0.18530483D+02     -0.18529739D+02     -0.14064386D+02     -0.13908625D+02     -0.98100929D+01
      -0.97587983D+01     -0.97517055D+01     -0.97478007D+01     -0.97460466D+01     -0.97249284D+01
      -0.10560206D+01     -0.87182478D+00     -0.84913726D+00     -0.73735456D+00     -0.63616195D+00
      -0.61591589D+00     -0.52826245D+00     -0.52189200D+00     -0.46211422D+00     -0.45419689D+00
      -0.44428964D+00     -0.37326014D+00     -0.36857767D+00     -0.35581264D+00     -0.34454981D+00
      -0.33013169D+00     -0.30005762D+00     -0.29814591D+00     -0.28253584D+00     -0.24588523D+00
      -0.24346863D+00     -0.16388233D+00     -0.11143360D+00     -0.99492142D-01     -0.90274439D-01
      -0.70316590D-01      0.51242559D-01      0.67839728D-01      0.10026819D+00      0.14598852D+00
       0.22933770D+00      0.25998180D+00      0.29648757D+00      0.32444749D+00      0.36570523D+00
       0.37331002D+00      0.39401176D+00      0.44061697D+00      0.45532286D+00      0.48042647D+00
       0.51910652D+00      0.56716510D+00      0.58846344D+00      0.65363423D+00      0.77880584D+00
       0.79992570D+00     -0.18530483D+02     -0.18529739D+02     -0.14064386D+02     -0.13908625D+02
      -0.98100929D+01     -0.97587983D+01     -0.97517055D+01     -0.97478007D+01     -0.97460466D+01
      -0.97249284D+01     -0.10560206D+01     -0.87182478D+00     -0.84913726D+00     -0.73735456D+00
      -0.63616195D+00     -0.61591589D+00     -0.52826245D+00     -0.52189200D+00     -0.46211422D+00
      -0.45419689D+00     -0.44428964D+00     -0.37326014D+00     -0.36857767D+00     -0.35581264D+00
      -0.34454981D+00     -0.33013169D+00     -0.30005762D+00     -0.29814591D+00     -0.28253584D+00
      -0.24588523D+00     -0.24346863D+00     -0.16388233D+00     -0.11143360D+00     -0.99492142D-01
      -0.90274439D-01     -0.70316590D-01      0.51242559D-01      0.67839728D-01      0.10026819D+00
       0.14598852D+00      0.22933770D+00      0.25998180D+00      0.29648757D+00      0.32444749D+00
       0.36570523D+00      0.37331002D+00      0.39401176D+00      0.44061697D+00      0.45532286D+00
       0.48042647D+00      0.51910652D+00      0.56716510D+00      0.58846344D+00      0.65363423D+00
       0.77880584D+00      0.79992570D+00
