 File geometry.chk


 dumping /fiocom/, unit = 1 NFiles =    47 SizExt = 134217728 WInBlk =   2097152
                   defal = F LstWrd =     4194304 FType=2 FMxFil=10000

 Number              0             0           501           502           503           507
 Base          2097494       2249748       2150298       2151298       2242917       2156091
 End           2102332       4194304       2151298       2155487       2243030       2156308
 End1          2102332       4194304       2151298       2155487       2243030       2156308
 Wr Pntr       2097494       2249748       2150298       2151298       2242917       2156091
 Rd Pntr       2097494       2249748       2150298       2151298       2242917       2156091
 Length           4838       1944556          1000          4189           113           217
 Int.Num             1             2             3             4             5             6

 Number            508           520           521           522           524           526
 Base          2097152       2188839       2188917       2097382       2188980       2192116
 End           2097182       2188849       2188952       2097494       2192116       2195252
 End1          2097182       2188849       2188952       2097494       2192116       2195252
 Wr Pntr       2097152       2188839       2188917       2097382       2188980       2192116
 Rd Pntr       2097152       2188839       2188917       2097382       2188980       2192116
 Length             30            10            35           112          3136          3136
 Int.Num             7             8             9            10            11            12

 Number            528           530           532           534           536           538
 Base          2243364       2244960       2246556       2248152       2102332       2103928
 End           2244960       2246556       2248152       2249748       2103928       2105524
 End1          2244960       2246556       2248152       2249748       2103928       2105524
 Wr Pntr       2243364       2244960       2246556       2248152       2102332       2103928
 Rd Pntr       2243364       2244960       2246556       2248152       2102332       2103928
 Length           1596          1596          1596          1596          1596          1596
 Int.Num            13            14            15            16            17            18

 Number            545           548           551           552           561           562
 Base          2188952       2195252       2188877       2188849       2182562       2182563
 End           2188980       2197828       2188915       2188877       2182563       2188787
 End1          2188980       2197828       2188915       2188877       2182563       2188787
 Wr Pntr       2188952       2195252       2188877       2188849       2182562       2182563
 Rd Pntr       2188952       2195252       2188877       2188849       2182562       2182563
 Length             28          2576            38            28             1          6224
 Int.Num            19            20            21            22            23            24

 Number            569           577           584           603           605           607
 Base          2188915       2188787       2160724       2200202       2200185       2243226
 End           2188917       2188839       2160820       2203395       2200202       2243272
 End1          2188917       2188839       2160820       2203395       2200202       2243272
 Wr Pntr       2188915       2188787       2160724       2200202       2200185       2243226
 Rd Pntr       2188915       2188787       2160724       2200202       2200185       2243226
 Length              2            52            96          3193            17            46
 Int.Num            25            26            27            28            29            30

 Number            619           633           635           670           674           685
 Base          2197828       2203395       2108660       2155487       2242741       2105524
 End           2200185       2242741       2150292       2156091       2242917       2108660
 End1          2200185       2242741       2150292       2156091       2242917       2108660
 Wr Pntr       2197828       2203395       2108660       2155487       2242741       2105524
 Rd Pntr       2197828       2203395       2108660       2155487       2242741       2105524
 Length           2357         39346         41632           604           176          3136
 Int.Num            31            32            33            34            35            36

 Number            694           695           698           770           800           801
 Base          2243272       2160820       2243030       2243126       2156308       2150292
 End           2243364       2161344       2243126       2243226       2160724       2150298
 End1          2243364       2161344       2243126       2243226       2160724       2150298
 Wr Pntr       2243272       2160820       2243030       2243126       2156308       2150292
 Rd Pntr       2243272       2160820       2243030       2243126       2156308       2150292
 Length             92           524            96           100          4416             6
 Int.Num            37            38            39            40            41            42

 Number            810           989           993           997           998
 Base          2161344       2161392       2181392       2181592       2097182
 End           2161392       2181392       2181592       2182562       2097382
 End1          2161392       2181392       2181592       2182562       2097382
 Wr Pntr       2161344       2161392       2181392       2181592       2097182
 Rd Pntr       2161344       2161392       2181392       2181592       2097182
 Length             48         20000           200           970           200
 Int.Num            43            44            45            46            47
 NUsed=  45 NFree=   2 NHiFil= 998
 NWUsed=        147758 NWInt=          4838 NWEnd=       1944556 NWCopy=        147416
 Dump of file   524 length          3136 (read left to right):
      -0.17678735D-04      0.23949342D-03     -0.53298899D-04     -0.19177245D-03      0.15794703D-06
       0.10052759D-04     -0.27325681D-04      0.88797326D-04      0.13311702D-04      0.15092910D-06
       0.16053854D-05     -0.21486150D-04      0.15047164D-04     -0.16806585D-05      0.97636617D-07
       0.12145617D-06     -0.15865184D-05     -0.40653324D-05      0.32559109D-05     -0.35860148D-07
       0.48053804D-05     -0.85538056D-04      0.61694449D-04      0.14880511D-04      0.41461461D-06
      -0.15309535D-05      0.66358248D-04      0.16276913D-03     -0.21406040D-03      0.28934409D-06
      -0.26634343D-04      0.18653825D-05      0.11167353D-04     -0.43200743D-03     -0.74771454D-07
       0.17461420D-05     -0.58759567D-06     -0.27397967D-06      0.19706574D-06     -0.30789077D-06
      -0.98265575D-06      0.60501829D-03     -0.82997726D-02      0.36315159D-02      0.55819019D-02
       0.87806746D-06      0.99253115D+00      0.28669221D-01      0.29047865D-02      0.51698537D-02
       0.84183606D-06      0.44419350D-01      0.15727295D-02     -0.13031849D-03     -0.60220069D-03
       0.21299515D-07     -0.16196522D-04      0.21946867D-03     -0.45439731D-04      0.21000562D-03
       0.12658224D-06     -0.44193001D-06      0.37598396D-04      0.13389465D-03      0.21025679D-03
       0.23868712D-06      0.50267714D-05     -0.54147021D-04      0.39919917D-04     -0.13012833D-04
       0.23107823D-06     -0.33155920D-07     -0.60094165D-06     -0.41844038D-05     -0.13390413D-05
      -0.26358126D-07      0.76995477D-06     -0.24331244D-04      0.16544165D-04      0.25245891D-06
       0.12211989D-06      0.95709882D-05     -0.22679433D-04      0.82763637D-04      0.41858871D-05
       0.15021958D-06     -0.43068758D-03      0.12951888D-04      0.12626713D-06      0.11812103D-04
      -0.54210500D-07      0.14487504D-05     -0.45082726D-06     -0.16416054D-06      0.17286783D-06
      -0.91750545D-06     -0.25198475D-06      0.55317085D-03     -0.75877072D-02      0.32569599D-02
      -0.61458146D-02      0.18732952D-05     -0.44459137D-01     -0.99332976D-03     -0.38457718D-03
       0.14213350D-03     -0.17019423D-06      0.99253299D+00      0.28642614D-01      0.28678106D-02
      -0.51695248D-02      0.18406576D-05      0.53408007D-03     -0.42674819D-02      0.42135536D-02
      -0.18713792D-04      0.44445024D-05     -0.61080730D-05      0.33607370D-03     -0.25746624D-03
      -0.46323603D-05     -0.29642145D-06      0.10306502D-04     -0.67916879D-04      0.57089988D-04
       0.97877263D-04      0.38663046D-06      0.99026296D-06      0.33713806D-04      0.28382598D-04
      -0.20411584D-05     -0.19921028D-06      0.14588694D-04     -0.11423431D-03      0.74848141D-04
      -0.13346766D-03      0.58496730D-06     -0.83483842D-05      0.37663473D-03     -0.23062701D-03
       0.27024349D-04     -0.17907033D-06     -0.20520131D-03     -0.22836457D-04     -0.26117169D-04
      -0.20219272D-03     -0.87418292D-05     -0.18697866D-04      0.12546735D-04      0.36109398D-06
      -0.10813265D-05     -0.42531911D-06      0.34204292D-06      0.99248529D+00      0.35052542D-01
      -0.31031696D-02      0.14165711D-04      0.81006061D-06      0.83839978D-03     -0.75982114D-02
      -0.20165935D-02     -0.43240173D-02     -0.58362070D-06      0.83829550D-03     -0.75959817D-02
      -0.19670513D-02      0.43453833D-02     -0.14079331D-05      0.84917333D-05     -0.46398054D-04
      -0.81864956D-04      0.67676412D-05     -0.59837079D-06      0.22235526D-05      0.29264103D-04
       0.31057197D-05      0.47640650D-04     -0.63999343D-05     -0.23971456D-04      0.54038467D-03
       0.57015756D-03     -0.67241848D-04      0.25960435D-04      0.60493278D-03     -0.97429816D-02
      -0.74329907D-02     -0.85224300D-04      0.21000522D-03     -0.21134600D-04      0.23933961D-03
       0.53969324D-03     -0.49822233D-04      0.12221386D-04      0.56664419D-06      0.11744009D-03
       0.57769211D-04     -0.22386976D-04     -0.44416169D-05     -0.17472707D-04      0.25421195D-04
       0.81425974D-04     -0.15793124D-04      0.99187523D+00      0.41190375D-01     -0.22586492D-02
       0.21439850D-04      0.25417356D-02     -0.87318347D-02     -0.87183179D-02      0.11721353D-04
      -0.11388374D-04     -0.98702898D-05     -0.70866678D-06      0.17854021D-06     -0.75392910D-07
       0.23873634D-06      0.81088929D-06     -0.42560101D-06     -0.10344757D-07     -0.47088379D-07
       0.34806085D-06      0.60764985D-06      0.45461863D-07     -0.43490106D-08     -0.51430345D-03
      -0.35146782D-03     -0.19894215D-03      0.63362586D-04      0.43870330D-05      0.41503272D-04
       0.34162179D-03      0.12533920D-03     -0.21786047D-03     -0.10123963D-05     -0.49040857D-02
      -0.98088488D-02     -0.36768043D-02      0.54843609D-02      0.55230408D-04      0.99030215D+00
       0.45011025D-01      0.13138504D-02      0.15153688D-02     -0.32843904D-03     -0.82682130D-02
      -0.78746415D-02     -0.37708122D-02     -0.45700339D-02      0.50543893D-04      0.35657628D-03
       0.35783286D-03      0.74631622D-04      0.50008818D-03     -0.53682321D-05     -0.42216118D-04
       0.28241539D-03      0.11262988D-03      0.11454274D-04      0.64579497D-03     -0.95689079D-02
       0.57497338D-02     -0.13823631D-03     -0.14367073D-03     -0.54327482D-03     -0.65341175D-03
       0.28871764D-05     -0.14177414D-04     -0.13684673D-04      0.54195392D-07     -0.41297018D-06
      -0.98455334D-08     -0.25075183D-08      0.65678382D-06     -0.25906140D-06      0.47556086D-07
      -0.16590098D-06      0.66775234D-06      0.13322915D-05      0.90450010D-06      0.36168759D-07
      -0.33580992D-01     -0.13620495D-01     -0.30426827D-02      0.66449982D-02     -0.12456182D-04
       0.33900392D-02      0.10378127D-02      0.14626490D-03     -0.59825659D-03      0.94042503D-06
      -0.35580975D-03     -0.18682088D-03      0.91808043D-04      0.43053094D-04      0.11889247D-05
      -0.51060256D-03      0.50221247D-03     -0.33028243D-03     -0.16454800D-03     -0.31947942D-07
      -0.78181822D-02     -0.13308445D-01      0.75831080D-02     -0.18324652D-03      0.34000794D-04
       0.98927235D+00      0.50708682D-01      0.32795644D-02      0.36078689D-02      0.28080830D-04
      -0.31242482D-04      0.33785633D-06      0.40390747D-03     -0.91263328D-02      0.61610716D-05
      -0.15114956D-04      0.24563964D-04      0.43938876D-04      0.24511973D-05     -0.80643611D-05
      -0.27924951D-04     -0.31098538D-04      0.46588659D-03      0.29773677D-03      0.19872658D-03
       0.46037812D-07      0.22467388D-05      0.54974831D-04     -0.67893482D-04      0.13447948D-05
      -0.27639611D-06      0.14247973D-04     -0.12079019D-03     -0.78416947D-04      0.49550886D-04
       0.42182310D-07      0.98828180D+00      0.46232328D-01      0.33645953D-02      0.39288508D-03
       0.22184712D-04     -0.40807745D-01     -0.13127754D-01      0.22750179D-02      0.66252924D-02
       0.60975209D-05     -0.15520219D-02      0.54886601D-03     -0.26476669D-03      0.53351310D-03
      -0.13877148D-05      0.23699518D-03      0.39170260D-03      0.22606365D-03     -0.17930492D-03
      -0.19010441D-05     -0.32172389D-01     -0.17514769D-02      0.39565101D-03     -0.75946283D-03
       0.16233638D-05      0.34681626D-01     -0.91840242D-02      0.25546949D-02     -0.63826776D-02
       0.80294960D-05      0.48849405D-03     -0.27112534D-03      0.12651386D-04     -0.19944117D-03
       0.17127205D-04     -0.17681561D-03      0.11218255D-03      0.22447177D-04     -0.11045746D-04
       0.64960141D-05      0.99752613D-05      0.85604008D-03     -0.52621992D-02     -0.43512436D-02
       0.49296877D-04     -0.60915560D-05     -0.73072227D-05      0.14868400D-03      0.21427969D-03
       0.40131391D-04      0.28974175D-06     -0.61715267D-05      0.13132749D-03      0.21264869D-03
      -0.35359833D-04      0.34295170D-06      0.31396222D-01      0.15190580D-02     -0.55439850D-03
      -0.77260393D-04     -0.32250029D-05     -0.18340624D-01     -0.10571867D-02     -0.82604005D-04
       0.32031081D-03     -0.86798298D-06     -0.16548658D-02      0.28073645D-03     -0.11954564D-04
       0.73617051D-04     -0.42226539D-05      0.98638571D-02     -0.72500922D-02      0.39055527D-02
       0.45723114D-02     -0.73813901D-05      0.98958646D+00      0.45448974D-01     -0.30145789D-02
       0.40706244D-03     -0.41811849D-04      0.10138511D-01     -0.12010908D-01     -0.70082910D-02
      -0.57522275D-04     -0.28133902D-04      0.89606298D-04     -0.13054048D-03     -0.87711839D-02
       0.16968693D-03     -0.28236149D-04      0.11879948D-03     -0.23897596D-04     -0.43294673D-03
      -0.12436653D-05     -0.17506319D-04     -0.74649034D-04      0.54586130D-04     -0.34541585D-03
      -0.28100838D-03      0.39254536D-04      0.11621338D-06      0.37955994D-05     -0.93942955D-05
      -0.91881244D-05      0.16541753D-04     -0.20624882D-07      0.37418272D-06     -0.20181434D-05
       0.11314260D-04      0.36384307D-05     -0.30064348D-07      0.42703550D-01     -0.97843330D-02
      -0.26014684D-02     -0.66565627D-02     -0.96576243D-05      0.98887849D+00      0.45923076D-01
       0.20025931D-03     -0.29087694D-02      0.94835107D-05     -0.25352234D-01     -0.97440892D-02
       0.63291706D-02      0.13272667D-03      0.25041328D-04     -0.22989143D-04      0.45229587D-03
      -0.27656658D-03      0.24959292D-03     -0.10224402D-05      0.17047133D-01      0.57953159D-03
       0.47487170D-04     -0.15147793D-03      0.58410728D-06     -0.18564714D-02     -0.30434652D-03
       0.23168664D-03      0.16706636D-04      0.83285316D-06     -0.91742512D-02      0.42574554D-03
      -0.18866911D-03      0.21274490D-04      0.80741855D-05     -0.29479962D-04      0.40080861D-04
      -0.65693974D-04      0.29127834D-05     -0.47388929D-04     -0.12629882D-04      0.37646657D-04
       0.54433705D-04     -0.47122381D-04     -0.24217838D-03     -0.39634929D-06      0.14721289D-04
      -0.12094739D-03     -0.65700932D-04     -0.53093825D-04      0.83965986D-07      0.44241022D-05
       0.60419954D-04     -0.67573020D-04     -0.17223504D-04     -0.23314257D-06      0.28236979D-02
       0.11371347D-04     -0.16935764D-03     -0.25057322D-05     -0.14377697D-05      0.26850408D-01
      -0.72851888D-02     -0.62450172D-02      0.10503074D-03     -0.22078087D-04      0.98998681D+00
       0.44766945D-01      0.26142732D-03     -0.43089879D-03     -0.29291360D-04      0.64937511D-02
      -0.93251340D-02      0.30927318D-02     -0.57238113D-02     -0.56001906D-05      0.20853697D-02
       0.19246718D-03      0.18334950D-03     -0.13815814D-03     -0.33979101D-05      0.40479069D-03
       0.69884935D-04     -0.49472864D-04     -0.70795550D-04     -0.74318248D-07     -0.72147990D-04
      -0.10123656D-01     -0.17802741D-03     -0.55895125D-04     -0.34606953D-04      0.61260887D-03
      -0.14197275D-03      0.22240409D-03      0.57459114D-04     -0.37960067D-03     -0.96896030D-04
       0.21931944D-04     -0.11283174D-03     -0.98808007D-04     -0.71653673D-04      0.10224679D-06
       0.17072593D-05     -0.17194650D-04     -0.23498847D-05     -0.12339294D-04     -0.17754121D-07
       0.57316259D-05     -0.13854216D-04     -0.29369498D-04     -0.24684316D-04     -0.46067793D-07
      -0.14203065D-01      0.29685232D-01     -0.16245568D-01     -0.12463441D-03      0.40919594D-05
      -0.36949885D-02      0.82956100D-02     -0.44499071D-02     -0.35557552D-02     -0.34408367D-05
      -0.30497024D-03      0.84090104D-03     -0.53037565D-03     -0.14490477D-04     -0.15460564D-05
      -0.14747447D-03      0.37922684D-03     -0.16562560D-03     -0.15576744D-04      0.15577086D-05
      -0.50520019D-03      0.13459950D-02     -0.90659724D-03      0.62883011D-04     -0.32213638D-05
      -0.38986049D-02      0.85379884D-02     -0.43805128D-02      0.38229730D-02     -0.10064332D-05
       0.24822164D-02      0.41287586D-04      0.62637625D-04      0.25501364D-02     -0.28319419D-04
       0.87844125D-04     -0.39933272D-04      0.10813418D-05      0.75055473D-05      0.12683464D-04
       0.13168608D-04     -0.17723724D+00      0.52386422D+00     -0.13082614D+00      0.15614162D-03
       0.32424912D-04     -0.11674953D+00      0.36383812D+00      0.72650009D-01      0.13892264D+00
       0.47792419D-04     -0.11627735D+00      0.36224721D+00      0.70723081D-01     -0.13931933D+00
       0.73945566D-04      0.23896350D-03     -0.50363701D-03     -0.76394860D-04      0.11752692D-01
      -0.19756404D-05     -0.45232773D-02      0.10364492D-01     -0.59834985D-02     -0.11929345D-02
      -0.16733740D-05     -0.42319154D-03      0.12126028D-02     -0.83602312D-03      0.90031999D-04
      -0.19717861D-05      0.13594188D-03     -0.32618737D-03     -0.18545969D-04      0.31101716D-03
       0.29598107D-06      0.96288741D-03     -0.25480652D-02      0.16171790D-02     -0.68352836D-04
       0.42149058D-05      0.51054962D-02     -0.11449259D-01      0.57780132D-02     -0.16317483D-02
      -0.34154199D-05      0.62388656D-02      0.10506586D-03     -0.21958095D-03     -0.64305139D-02
       0.13784925D-03     -0.43213605D-03      0.70999540D-04      0.23246300D-04     -0.44857668D-04
      -0.59803430D-04     -0.84829277D-04     -0.31100564D-03      0.10068329D-02      0.16100325D-02
       0.36893959D+00     -0.35565984D-04      0.15347074D+00     -0.52256941D+00     -0.92595638D-01
      -0.12967722D+00     -0.68516180D-04     -0.15380528D+00      0.52349268D+00      0.91156630D-01
      -0.13132797D+00      0.93431747D-04     -0.80497892D-02      0.17680104D-01      0.66404432D-02
      -0.96160240D-03      0.40085825D-04     -0.81544027D-02      0.19611429D-01      0.66835717D-02
      -0.49598754D-02      0.30965638D-04     -0.30896457D-01      0.73897934D-01      0.22138121D-01
      -0.29428632D-01      0.24960015D-03     -0.12120876D+00      0.26364933D+00      0.12557904D+00
       0.70418510D-02     -0.15152207D-02     -0.25060719D-01      0.62478434D-01      0.15673959D-01
       0.22211152D-01      0.16840474D-03     -0.10287760D-01      0.24094712D-01      0.95864923D-02
       0.57528936D-02      0.52710197D-04      0.23855316D-02      0.13360992D-01      0.10271055D-01
       0.29564536D-02     -0.20932747D+00      0.66478842D+00     -0.80180975D-01      0.24332675D-02
       0.70817618D-01      0.11782029D+00      0.11649960D+00      0.73277776D-04      0.74077447D-05
       0.28064260D-02      0.39211097D-03      0.35572488D-05      0.78678289D-03     -0.26810335D-02
      -0.98405545D-04     -0.90687771D-03      0.42620683D-06      0.42980911D-03     -0.14506547D-02
       0.10044135D-03      0.59735149D-03      0.41063942D-06     -0.14050145D+00      0.33412262D+00
       0.71877074D-01     -0.30446106D-01      0.64015217D-03     -0.91225634D-01      0.22739534D+00
       0.87034324D-03     -0.79580131D-01      0.25373246D-03     -0.57411291D-01      0.14042019D+00
      -0.31537851D-01     -0.29034538D-01      0.57924283D-04     -0.37551897D-01      0.10345930D+00
      -0.81580081D-01     -0.48756676D-02      0.54151675D-03     -0.10614922D+00      0.25272292D+00
      -0.88356367D-01      0.33064186D-01     -0.44524738D-04     -0.14757939D+00      0.35331028D+00
       0.53188871D-01      0.93810472D-01      0.69022567D-03      0.36986442D-01      0.25119022D-01
       0.38016202D-01      0.60087631D-01      0.42323964D-01     -0.14045166D+00     -0.22995915D-01
      -0.76862285D-03     -0.17997281D-01     -0.36881263D-01     -0.35891749D-01     -0.77666500D-02
       0.31308363D-01      0.82471261D-01      0.21939821D-02      0.12313370D-03      0.15637585D-01
      -0.56355650D-01      0.62556023D-02     -0.18296502D-01      0.20653740D-04      0.12643139D-01
      -0.45440104D-01      0.69902742D-02      0.15330768D-01      0.16495563D-04     -0.33532720D-01
       0.88558727D-01      0.55335395D-02      0.17877415D+00      0.93053675D-04     -0.14106540D+00
       0.36936923D+00      0.32895818D-01     -0.31435220D-01      0.50008924D-03     -0.12669739D+00
       0.33601182D+00     -0.38226326D-01     -0.35516617D-02      0.24128236D-03     -0.32748662D-01
       0.88909462D-01     -0.25396215D-01      0.11555003D+00     -0.54881888D-03      0.10537674D+00
      -0.27010903D+00      0.98313586D-01      0.30884865D-01     -0.11674726D-03      0.12447992D+00
      -0.31225750D+00     -0.86736957D-01      0.17511761D-01     -0.80118954D-03      0.91959021D-01
       0.95946646D-01     -0.65035386D-01     -0.81665293D-01      0.19422190D-01     -0.69556436D-01
      -0.43959847D-01      0.50901462D-01     -0.11811167D-01     -0.70763642D-02     -0.50850099D-01
      -0.64491331D-02      0.25398662D-01      0.37035877D-01     -0.91319131D-02      0.53811401D-04
      -0.19313663D-02      0.74492472D-02      0.36185421D-02      0.27439680D-02      0.12781485D-05
       0.13488893D-01     -0.51630201D-01      0.73801245D-02      0.13714474D-01      0.15086492D-04
       0.11971066D+00     -0.31806316D+00      0.31689848D-01     -0.20096180D-01     -0.33257292D-03
       0.53263615D-01     -0.14197618D+00      0.97708640D-01      0.64635701D-01      0.10856816D-03
      -0.93491719D-01      0.25027336D+00      0.67592263D-01     -0.62743129D-01     -0.17489639D-03
      -0.12847535D+00      0.36272713D+00     -0.81420941D-01      0.26772101D-01     -0.31030454D-02
      -0.90614659D-01      0.24631172D+00      0.43153429D-01      0.42987353D-01     -0.17106765D-03
       0.21040706D-01     -0.59014324D-01      0.11338746D+00     -0.68841119D-01      0.25709290D-03
      -0.38705677D-01      0.68892682D-01      0.61023675D-01     -0.16324086D-01      0.64004510D-01
      -0.23269579D+00     -0.19060591D+00      0.15893786D-01     -0.43788381D-01     -0.10497633D+00
      -0.11705303D+00      0.31879019D-01     -0.12531520D+00     -0.16963542D+00      0.19262344D-02
      -0.24926175D-03     -0.25579974D-01      0.99035799D-01     -0.27406686D-01      0.22670384D-01
      -0.45308067D-04     -0.27289391D-01      0.10561037D+00     -0.28192975D-01     -0.24294754D-01
      -0.43117111D-04      0.58137552D-01     -0.17553089D+00      0.14360947D+00      0.56751722D-01
       0.58366980D-03     -0.71425502D-01      0.20271499D+00      0.85588457D-01      0.47247380D-01
       0.98524538D-03     -0.47035117D-01      0.13413618D+00     -0.10518486D+00      0.78929741D-01
       0.26464149D-02      0.10351250D+00     -0.29969334D+00     -0.11512877D+00      0.12026262D-01
       0.13637421D-01     -0.37686507D-01      0.94526138D-01     -0.11541984D+00     -0.47940288D-01
       0.19550585D-02     -0.26753807D-01      0.67984860D-01      0.13400621D+00     -0.58502171D-01
       0.11743669D-02      0.72988732D-01      0.66837330D-01      0.23977787D-01      0.18878353D-01
      -0.29663899D-01      0.12181619D+00      0.34234006D+00      0.16171093D-01      0.49486611D-01
       0.15695222D+00      0.13619869D+00      0.70672605D-01     -0.28751696D+00     -0.26229682D+00
       0.17024527D-02     -0.24533532D-03     -0.49952508D-01      0.20525569D+00     -0.66440587D-01
       0.16480132D-01     -0.39074913D-04     -0.44646331D-01      0.18352784D+00     -0.61689750D-01
      -0.10608011D-01     -0.29284526D-04     -0.14568697D-02      0.52311399D-02     -0.16684491D-01
      -0.19840488D+00      0.14614417D-04      0.80401396D-01     -0.22047211D+00      0.74354391D-01
       0.26481919D-01      0.96402403D-04     -0.75698402D-01      0.21249027D+00      0.12018948D+00
       0.23132518D-01      0.99899472D-03      0.18391007D-01     -0.58123409D-01      0.18210020D-02
       0.25243829D+00      0.16751988D-02      0.72933633D-01     -0.21412542D+00     -0.13879063D+00
      -0.77421160D-02     -0.35566433D-03     -0.78126735D-01      0.20886461D+00     -0.89906877D-01
       0.19378113D-01      0.22569267D-04     -0.85988811D-01      0.12018814D+00     -0.10967266D+00
       0.89210206D-01     -0.22058956D-02      0.80852588D-02      0.44270775D-01      0.35096245D+00
       0.56173816D-02      0.20374018D+00     -0.16978048D+00     -0.52369281D-02      0.21260568D-01
       0.19513269D-01     -0.97127491D-03      0.27370111D-04      0.12373617D-01     -0.50763223D-01
       0.13337461D-01     -0.99111276D-02      0.19882383D-04     -0.53670908D-02      0.21909531D-01
      -0.33018114D-02     -0.75286691D-02     -0.71344443D-05      0.66938906D-01     -0.16772558D+00
      -0.23845482D+00      0.23068103D-01     -0.21755698D-03      0.72932701D-02     -0.12986654D-01
       0.24499761D-01      0.16963928D+00      0.74512733D-03     -0.70017889D-01      0.21681689D+00
       0.28002226D-01      0.13332822D+00      0.29826136D-02      0.29447123D-01     -0.81882242D-01
      -0.78195027D-01     -0.12777623D-01      0.10609975D-01     -0.66843895D-01      0.20917427D+00
       0.38149755D-01     -0.13459072D+00      0.24993099D-02      0.92208640D-02     -0.18543466D-01
       0.40072206D-01     -0.21519602D+00      0.94221508D-03      0.64706478D-01      0.16942938D+00
       0.14713116D+00      0.76037174D-01      0.50490763D-02     -0.18588635D-01      0.16134276D+00
      -0.51399698D-01      0.18063851D-01      0.31255048D-01      0.90337680D-01     -0.95743546D-01
       0.40086674D+00      0.26169916D+00     -0.74054393D-03      0.43489756D-03      0.63736897D-01
      -0.27309717D+00      0.99197048D-01      0.17310292D-01      0.11388469D-03      0.64980607D-01
      -0.27836097D+00      0.10027054D+00     -0.18177298D-01      0.11753303D-03      0.97727806D-02
      -0.25979628D-01     -0.25193708D-01      0.22310616D+00     -0.22966533D-03     -0.49781895D-01
       0.14158143D+00     -0.15327849D+00     -0.25570114D-01     -0.65240240D-03      0.83103217D-01
      -0.25805214D+00      0.11086692D-02     -0.62452085D-01     -0.14320280D-02     -0.38919993D-02
       0.11399165D-01      0.37321306D-01      0.12587040D-01     -0.35599457D-02     -0.76658710D-01
       0.23585059D+00     -0.35474197D-02     -0.72961164D-01     -0.18776464D-03      0.38333496D-01
      -0.10827658D+00      0.16618638D+00     -0.95923834D-01      0.40702843D-03      0.87192300D-01
      -0.13707177D+00      0.10818096D+00     -0.46610736D-01     -0.10047909D-02      0.23976655D-02
      -0.48843529D-01      0.46366846D+00     -0.61324271D-02      0.26184794D+00     -0.29949009D+00
      -0.82805641D-02      0.34780774D-01      0.23786408D-01      0.12871337D-01     -0.21186526D-04
      -0.53313573D-02      0.22846400D-01     -0.61897448D-02      0.72744587D-02     -0.27642124D-04
       0.16418991D-01     -0.70345633D-01      0.25595680D-01      0.54736999D-02      0.72429245D-05
      -0.22380314D-01      0.66025895D-01      0.18497698D-01     -0.31501337D-02      0.15882762D-02
       0.66693932D-01     -0.21550491D+00      0.59440498D-01     -0.15758204D+00      0.15390299D-02
      -0.16585177D-01      0.44581477D-01      0.26306824D-01     -0.15831425D+00      0.63629417D-02
      -0.94161777D-02      0.39052573D-01     -0.32625875D+00      0.85580396D-03      0.27391881D-01
      -0.37292725D-01      0.11743575D+00      0.79751891D-01      0.15329836D+00      0.56932174D-02
       0.70951862D-01     -0.22496931D+00      0.76592376D-01      0.19062390D+00      0.18799321D-02
      -0.18551829D+00     -0.58299629D-01     -0.54682129D-02     -0.20877703D+00      0.89538488D-02
      -0.21666417D-01      0.35793320D+00      0.46582997D-01      0.45408897D-01      0.15895544D+00
       0.99087627D-01     -0.45073114D-01      0.19099047D+00      0.59709934D-01     -0.89200064D-03
       0.72839972D-03      0.32914497D-01     -0.14510195D+00      0.28409042D-01      0.42395078D-01
       0.24018458D-03      0.33224189D-01     -0.14625921D+00      0.28599700D-01     -0.41013037D-01
       0.24300704D-03     -0.42576466D-03      0.15611111D-02     -0.45065681D-02     -0.11169944D-03
       0.14825656D+00      0.15250364D-03     -0.25140619D-03     -0.35608007D-02      0.71882116D-03
       0.61505889D-01      0.11209644D-03     -0.38151330D-03      0.22564655D-02     -0.42925804D-02
       0.22314923D-01     -0.16630775D-02      0.58262485D-02     -0.45645752D-02      0.12849733D-03
       0.24141395D-01      0.42725122D-03     -0.52491802D-03      0.73126987D-02     -0.44219654D-03
       0.33468215D-01      0.16114236D-03      0.31552708D-03     -0.91545354D-02     -0.48298475D-02
       0.72497163D-01      0.20666296D-02     -0.24569720D-02      0.25703255D-02      0.69086450D-02
       0.13018888D-02     -0.51816160D-02      0.28570605D-02      0.77125697D-03      0.13847168D-01
       0.16829725D-02      0.73583910D-03      0.26854283D-02     -0.11567190D-01      0.70624695D-02
      -0.72506646D-04      0.72547407D+00     -0.30832880D-02      0.14193616D-01     -0.72967341D-03
      -0.83251724D-02      0.33043683D+00     -0.32685828D-02      0.15000478D-01     -0.11327811D-02
       0.80817118D-02      0.32929386D+00     -0.16422944D-01      0.58635855D-01     -0.12715851D+00
      -0.77487533D-02     -0.27938091D-02      0.11016108D-01     -0.30314673D-01     -0.73275435D-01
       0.11662081D-03      0.68167083D-03     -0.57290966D-02      0.17217633D-01      0.56579861D-01
      -0.12108566D+00      0.82069452D-02     -0.33779083D-01      0.12259660D+00     -0.19593561D+00
      -0.42352206D-02      0.28384265D-01      0.33858145D-02      0.14836420D-01      0.23428254D+00
      -0.12026981D-01      0.78024568D-02      0.12303338D-01     -0.17297908D-01     -0.25440616D+00
      -0.12135805D+00      0.35033197D-03      0.28727681D-01     -0.56111378D-01      0.98300397D-01
       0.17910608D+00      0.17882279D-01     -0.70515459D-01      0.17934316D+00      0.29265562D-01
       0.30790844D-01      0.79186286D-01      0.40155869D-01      0.73904651D-01     -0.31925906D+00
       0.25400346D+00     -0.59450442D-02     -0.26881399D-01     -0.90933348D-01      0.41962106D+00
      -0.69534452D-02     -0.25755173D+00     -0.12389097D-01     -0.97407757D-01      0.44804831D+00
      -0.21515095D-01      0.24862898D+00     -0.12417651D-01     -0.28673242D-01      0.91308895D-01
      -0.11871490D-01     -0.25977225D+00     -0.49514152D-03      0.16068328D-01     -0.38756686D-01
      -0.59813608D-02      0.23027616D+00     -0.66362163D-03      0.12300025D-01     -0.36603061D-01
       0.34940572D-02      0.29350811D+00     -0.17089851D-02      0.24914993D-01     -0.81982679D-01
       0.77630557D-01     -0.20319218D+00     -0.69234954D-02     -0.45834942D-01      0.16079591D+00
       0.13586715D+00      0.60477700D-01     -0.14038539D-02      0.23348475D-01     -0.89689420D-01
       0.15988160D-02      0.37276543D+00     -0.11366548D-02      0.14596240D+00      0.20707357D+00
       0.89740694D-01     -0.28443081D+00     -0.27562521D-03     -0.29589977D-02     -0.36741575D-01
       0.11956438D+00     -0.93121450D-02      0.92012311D-01     -0.10970660D+00      0.22121472D-01
      -0.95948660D-01      0.79601596D-01     -0.57327241D-01      0.16315283D-02     -0.16900945D-01
       0.76596322D-01      0.12803059D-01     -0.44562681D-01      0.78212608D-03     -0.42680879D-01
       0.19800168D+00     -0.36796254D-01      0.10889049D+00      0.77013182D-03      0.66027565D-01
      -0.21483485D+00     -0.35694109D-01     -0.21276517D+00      0.16840556D-02     -0.40034215D-01
       0.15910417D+00      0.17777091D-01      0.36378155D+00      0.25292654D-02      0.33899201D-01
      -0.11700336D+00     -0.14219522D+00     -0.19317777D+00      0.47933144D-02     -0.51400878D-01
       0.18462604D+00     -0.16516799D+00     -0.54162801D-01      0.17055046D-01      0.23271782D-01
      -0.73396567D-01      0.23010045D-01      0.22360112D+00      0.51035035D-02     -0.31367436D-01
       0.10256666D+00     -0.12631711D+00      0.90054741D-02      0.24750387D-02      0.31968347D+00
      -0.24881718D+00     -0.17903659D+00      0.89018587D-01      0.31163884D-02     -0.49373918D-02
       0.73231081D-01      0.53996263D-01      0.20103519D-01      0.61551187D-01     -0.23137001D-01
      -0.25213519D-01      0.10977681D+00     -0.82157924D-01     -0.65756805D-01     -0.31126084D-02
       0.50485302D-01     -0.23377682D+00      0.65356518D-01      0.11230514D+00     -0.15497414D-02
       0.17889354D-01     -0.80963913D-01     -0.99156763D-02     -0.47646453D-01     -0.15480029D-02
      -0.31458739D-01      0.96245853D-01      0.10047628D+00     -0.81694728D-01     -0.79001435D-03
      -0.19041543D-01      0.66171601D-01      0.21104059D+00     -0.13519978D+00     -0.34616665D-04
      -0.41447503D-02      0.16557717D-01     -0.19416196D+00      0.46950041D-01     -0.20832721D-02
       0.13914663D-01     -0.46940579D-01      0.39823181D-01     -0.15949763D+00     -0.45034779D-02
       0.10311656D-01     -0.17691904D-02      0.36186532D+00     -0.14234005D+00     -0.61220548D-03
       0.99494426D-02     -0.12760695D-01     -0.34096470D+00     -0.38890341D-01     -0.30413485D-02
      -0.16394552D+00     -0.25633016D-01      0.25514922D+00      0.15227368D+00      0.65244435D-03
      -0.53656114D-02     -0.13145391D-01      0.13063647D+00     -0.57164816D-02      0.10393109D+00
      -0.10725499D+00     -0.52495678D-02      0.19648295D-01     -0.24829499D+00     -0.73544355D-01
       0.10921377D-02      0.57049476D-01     -0.26781627D+00      0.17711173D-01      0.16832305D+00
       0.60836376D-03      0.13055931D-01     -0.63762152D-01     -0.10756786D+00     -0.12455331D+00
       0.57766693D-03     -0.12361487D-01      0.37099966D-01      0.19000275D-01     -0.85662732D-02
       0.18484392D+00      0.25827899D-02     -0.81779193D-02     -0.74084015D-01      0.15470018D-01
       0.15865443D+00      0.66738859D-02     -0.22879552D-01      0.69652610D-01      0.38271896D-01
       0.21631703D+00     -0.10840096D-01      0.38330150D-01      0.20567363D-01     -0.15648756D-01
       0.42853765D+00      0.38889178D-02     -0.98681104D-02      0.45805643D-01      0.73281247D-02
       0.25429216D+00     -0.58796996D-02      0.24183736D-01     -0.51028336D-01      0.23679278D-01
       0.22340194D+00      0.32897649D-01      0.48570565D-01      0.10512223D-01      0.17659615D-01
       0.23910878D-01     -0.10317930D+00     -0.36434929D-01      0.13935589D-03      0.40827524D+00
       0.70654891D-02      0.26263541D-02      0.35564072D-02     -0.17586190D-01     -0.91518304D-01
       0.14814139D+00     -0.10328983D+00     -0.22829095D-01      0.10913489D+00     -0.11509113D+00
      -0.42617301D-01     -0.62344379D-01      0.40718577D-01     -0.19493284D+00      0.67842812D-01
      -0.13814331D+00     -0.63118577D-01      0.43687506D-02     -0.11249455D-01     -0.10067348D-01
       0.60945039D-01      0.70907447D-01     -0.59924287D-02      0.15149341D-01      0.10575846D-01
      -0.57342470D-01      0.60232593D-01     -0.40434341D-02      0.13774690D-01      0.60196772D-03
      -0.42819054D-01      0.78907177D-01      0.53346141D-02     -0.23415190D-01      0.47290811D-01
       0.78987525D-01      0.15266410D+00     -0.43298673D-02      0.71307157D-02     -0.10005527D+00
      -0.61694257D-01      0.94365901D-01      0.93854222D-02     -0.36796541D-01      0.10879501D+00
      -0.37691556D-01      0.85733778D-01     -0.25653805D-01     -0.34380165D-01      0.36098173D-02
      -0.52714430D-01      0.32675195D-02     -0.13866874D-01     -0.47784085D-01     -0.29465018D-01
       0.14512370D+00     -0.40786681D-01      0.20685998D-01     -0.18524234D-02      0.95887593D-02
       0.69779787D-01     -0.44143036D+00     -0.38324821D-01      0.85273629D-01     -0.40906650D+00
       0.28573688D+00      0.23973549D+00     -0.23374575D-01     -0.10127996D+00      0.48534351D+00
      -0.25219217D+00      0.31851191D+00     -0.23758313D-01      0.51418250D-01     -0.15936938D+00
      -0.40873179D-01     -0.55724867D-01      0.50610730D-01     -0.11749180D-01      0.45965839D-01
       0.43522599D+00     -0.10268573D-01      0.41402520D-01     -0.15535686D-01      0.59482311D-01
      -0.43055899D+00     -0.12973527D-01      0.36254281D-01      0.20978568D-01     -0.79398047D-01
       0.11098074D+00     -0.11706439D+00      0.53127301D-01     -0.52515430D-02      0.92346333D-02
      -0.11889692D+00      0.35370367D-01      0.51724076D-01      0.59303726D-02     -0.36685525D-01
       0.12481905D+00     -0.33832013D-01      0.57948496D-01     -0.18379011D+00     -0.16606554D+00
      -0.86926949D-01     -0.32258406D-01     -0.19971933D-01      0.92399532D-01     -0.14078968D+00
       0.64540025D-01      0.46940395D-01      0.14802127D-01     -0.10787070D+00     -0.21192289D-01
       0.10178477D+00      0.32147630D+00      0.81112455D-01     -0.21570862D-01     -0.39396681D-01
       0.19148401D+00      0.54594840D-01     -0.22316694D+00     -0.14192050D-01     -0.96153901D-02
       0.45930828D-01      0.13801590D+00      0.84679979D-01     -0.14517822D-01      0.11542378D-01
      -0.43127402D-01     -0.57770179D-02      0.23181921D+00     -0.42157622D-01      0.30632601D-02
      -0.30608716D-01     -0.71716593D-01     -0.14763978D+00     -0.25647145D-01      0.27375135D-01
      -0.97283771D-01     -0.69952994D-03      0.29056861D+00      0.76542426D-03     -0.21415478D-01
       0.94491703D-01     -0.65712929D-01     -0.40334636D+00      0.26774863D-01     -0.11009519D-01
       0.39169681D-01      0.19894658D-01      0.40336347D+00     -0.22648774D-01     -0.49009951D-02
       0.39780003D-01      0.66992366D-03     -0.20255175D+00     -0.43941613D-01     -0.12062550D+00
       0.25902084D+00     -0.36286010D+00      0.22159554D+00      0.38422996D-02     -0.13744577D-01
       0.10984701D-01      0.64516383D-01      0.47712117D-01      0.11665048D+00     -0.10681267D+00
      -0.10332318D-02      0.47275357D-02     -0.43816572D-02     -0.50728215D-01      0.11669113D-01
       0.12155810D-01     -0.58548737D-01      0.51252566D-01      0.39220992D-01      0.94121515D-02
      -0.84174789D-02      0.41247811D-01     -0.33333966D-01      0.35421646D-01      0.97962957D-02
       0.65785125D-03     -0.14813764D-02      0.31393507D-02     -0.25342701D-01     -0.40059218D+00
      -0.20146686D-02      0.94333498D-02      0.31903186D-01      0.13185477D-01     -0.24380658D+00
      -0.22431555D-02      0.84760519D-02     -0.22225899D-01     -0.24019422D-01      0.43337871D-02
      -0.21259629D-02      0.30795985D-02      0.44631778D-01      0.34388680D-01      0.27354139D+00
       0.19308233D-02     -0.82499458D-02     -0.13535410D-01     -0.45378333D-01     -0.19039737D+00
      -0.28784380D-03     -0.23929028D-02      0.13900896D-01      0.20291914D-01     -0.40799188D+00
       0.15810412D-02     -0.34730168D-01      0.31067849D-01     -0.27937886D-01      0.20851164D-01
      -0.93172683D-01     -0.65578191D-01     -0.43036691D-02      0.49003496D+00     -0.29886324D-02
       0.13038857D-01     -0.12068820D-02      0.58302309D-02      0.13489037D-01      0.57284498D-02
       0.10799216D+00     -0.20126457D-02      0.97928480D-02     -0.17039134D-03     -0.11015180D-01
       0.88566144D-01      0.17830612D-03     -0.90929652D-03      0.84056616D-02      0.11365401D-02
       0.92086280D-01     -0.69734005D-04      0.31588658D-03     -0.62393089D-03     -0.64955691D-03
       0.17937131D+00      0.29072452D-03     -0.95540554D-03     -0.31322482D-02      0.21126101D-03
       0.54521381D+00     -0.35437573D-03      0.19335338D-02      0.39844420D-03     -0.18339552D-02
       0.40874285D+00      0.44974838D-03     -0.12384571D-02     -0.17615102D-02      0.19720625D-03
      -0.21400210D-02      0.31107552D-03     -0.17914091D-02      0.64734478D-03     -0.18523464D-02
      -0.43787650D+00     -0.19353497D-03      0.51998627D-03      0.20128209D-02      0.24768605D-03
      -0.38617360D+00      0.81859170D-03     -0.11593773D-02      0.18945945D-02     -0.68025188D-03
      -0.26473087D-02      0.12557425D-01      0.61039649D-02     -0.35429080D-02     -0.61891781D-01
       0.15150187D-03     -0.56053351D-02      0.48861660D-04     -0.23853044D-03     -0.28079281D-03
      -0.28415932D-04     -0.18738823D-01     -0.77081561D-05      0.26619497D-04     -0.56448955D-03
       0.43299590D-03     -0.65074023D-01      0.12448094D-04     -0.56784046D-04     -0.12734489D-03
       0.13568783D-03     -0.31635723D-02      0.63346781D-05     -0.31729736D-04      0.56508875D-04
       0.38908481D-05     -0.86525792D-02     -0.46067498D-05      0.20709139D-04      0.12190956D-03
      -0.20711060D-04     -0.15284956D-01      0.21395375D-04     -0.12626215D-03     -0.65281777D-05
       0.98869901D-04     -0.26581048D-01     -0.47491349D-05     -0.46299540D-06      0.24725763D-04
       0.51654515D-04     -0.28848840D-03     -0.25525034D-04      0.15211382D-03     -0.18275437D-04
       0.12179505D-03      0.31211159D-01      0.72209868D-05     -0.27492566D-04     -0.11763445D-03
       0.69811214D-07      0.10523461D-01     -0.46687930D-04      0.80981759D-04     -0.94183075D-04
       0.68644591D-04      0.70603214D-04     -0.34597751D-03     -0.17355448D-03      0.27893990D-03
       0.17175250D-02     -0.14713401D-03      0.35094161D-03     -0.17136788D-05      0.73226284D-05
       0.37943098D-05      0.28477894D-04      0.17444504D-02     -0.20176474D-04      0.83154877D-04
       0.37327047D-03     -0.18802090D-03     -0.70911527D+00      0.21005431D-04     -0.86566744D-04
      -0.26804110D-03     -0.25190910D-04      0.71154518D+00      0.68538049D-03     -0.30988124D-02
       0.38895148D-02      0.21748846D-03      0.40644097D+00     -0.18911819D-03      0.69117757D-03
      -0.14738033D-03     -0.75343700D-03      0.80301973D-01      0.48441988D-03     -0.26327439D-02
       0.21016435D-02     -0.61224147D-03     -0.48537552D+00     -0.27341850D-02      0.34209209D-02
       0.40658714D-02      0.12391532D-03     -0.31426142D+00      0.33067241D-03     -0.15510918D-02
       0.20824657D-02      0.20238683D-02     -0.34691658D+00     -0.90664284D-04      0.41518005D-03
      -0.58882283D-03      0.58786421D-03      0.97715684D-01      0.10099373D-02      0.10219196D-02
       0.47108029D-03      0.17542195D-02      0.26102790D-01     -0.13179525D+00     -0.58680141D-01
       0.16080657D-02      0.59567781D+00      0.42078670D-01      0.44663752D-01     -0.32809836D-04
      -0.21006718D-04     -0.38246849D-03      0.32574416D-05     -0.35591607D-02      0.35588192D-04
      -0.14643563D-03      0.65809051D-02     -0.15791742D-02     -0.86334018D-01      0.30091052D-04
      -0.11954309D-03      0.60375703D-02      0.94822213D-03     -0.85696625D-01      0.39760106D-01
      -0.20369189D+00      0.43706204D+00      0.65845718D-03     -0.29497585D-02     -0.69826733D-02
       0.19934915D-01     -0.61011038D-01     -0.82422987D-01     -0.61829700D-03      0.15846627D-01
      -0.68382553D-01      0.11199103D+00      0.36126086D-02      0.57374122D-02      0.64800741D-02
      -0.30737209D-01      0.19323013D-01      0.21864211D-01      0.27675599D-02      0.15779322D-01
      -0.62995225D-01      0.83046454D-01      0.12075844D-02      0.41866264D-02     -0.50034647D-02
       0.21514746D-01     -0.59183947D-01      0.85951454D-01     -0.12720000D-02      0.86408850D-01
       0.55164340D-01      0.81494694D-01      0.91520569D-01      0.28903421D-02     -0.16861725D-01
       0.36537018D-02     -0.16854901D-02     -0.97682081D-02     -0.15591829D-02      0.14403164D-01
       0.46739506D-02     -0.42905862D-01     -0.78197825D-01      0.78201641D-03     -0.54674163D-04
       0.23298856D-02     -0.86227659D-02      0.61458906D+00     -0.12091061D+00      0.13330331D-02
       0.23911963D-02     -0.89239977D-02      0.59966089D+00      0.98584500D-01      0.11895442D-02
       0.58171801D-03     -0.30088738D-02      0.81751252D-02     -0.11010945D-01      0.67658566D-04
       0.10784316D-01     -0.46049748D-01      0.26679422D-01     -0.17864742D-01     -0.16740753D-03
      -0.56244986D-02      0.25420259D-01     -0.31888154D-01     -0.19350435D-02     -0.41164569D-03
      -0.97787556D-04      0.63253369D-03     -0.91837149D-03     -0.17912811D-01     -0.10989418D-03
       0.67994666D-02     -0.29255576D-01      0.24086109D-01     -0.46173060D-02      0.25464464D-03
      -0.10501730D-01      0.47766944D-01     -0.28999657D-01     -0.14545579D-01      0.19620208D-03
      -0.11915540D-02     -0.34928579D-02      0.40788932D-02      0.33752738D-02     -0.33145779D-03
       0.19000389D-02     -0.13912015D-02      0.18069640D-02      0.60044925D-03      0.58025098D-02
      -0.69584263D-02      0.15482700D-03     -0.11577733D-02     -0.92371576D-03      0.90854930D-02
       0.87589438D-06      0.54887580D-03      0.14739233D-02     -0.49456554D+00      0.51004079D+00
      -0.34037067D-03     -0.65585826D-03     -0.83962973D-03      0.52257991D+00      0.50855847D+00
       0.23630491D-03     -0.26441712D-03      0.13474642D-02     -0.23628038D-03     -0.52653011D-03
       0.27669131D+00     -0.20145338D-03      0.85112750D-03      0.23665926D-02      0.44415531D-03
      -0.44264035D+00     -0.24595872D-04      0.27067212D-03      0.26626683D-04      0.19280199D-02
       0.93165609D-01     -0.95022645D-03      0.95866554D-02      0.59935768D-02     -0.24756216D-02
       0.31285876D+00      0.65712878D-03     -0.37715698D-02     -0.33652398D-03     -0.51451592D-02
      -0.26974227D+00     -0.32978080D-03      0.15054910D-02      0.15206226D-02     -0.49356376D-03
       0.20364717D-03     -0.68406240D-03     -0.10360809D-02     -0.32872422D-03     -0.20527587D-02
      -0.10338047D-01      0.59713335D-01      0.33588139D-01     -0.32426172D-02     -0.20242230D+00
      -0.31018711D-01     -0.37419669D-01      0.10818492D-03     -0.61220561D-03     -0.75091781D-03
       0.35228410D-04      0.53602939D+00     -0.37452877D-04      0.17415246D-03      0.91532267D-03
      -0.24164095D-03     -0.51530862D+00     -0.35923512D-04      0.17327404D-03      0.95681041D-03
      -0.11142231D-04     -0.50553788D+00     -0.45781291D-05     -0.31101754D-04     -0.30034009D-03
      -0.50369861D-03      0.32569231D-01      0.31118192D-03     -0.15654931D-02     -0.29252450D-03
      -0.18745124D-03     -0.45927303D+00     -0.10130223D-02      0.57967112D-02     -0.55065894D-05
      -0.43375804D-02      0.54365690D+00      0.11529290D-03     -0.26729591D-02     -0.30202699D-02
      -0.51972468D-02     -0.14513754D+00      0.10938302D-02     -0.61305619D-02     -0.70407363D-03
      -0.24336830D-02     -0.55374199D+00     -0.17079909D-03      0.80398236D-03     -0.10912986D-02
       0.99317614D-04      0.56335897D+00      0.15124298D-02     -0.15730166D-02      0.27677640D-02
      -0.99166971D-03      0.44847610D-02     -0.26551706D-01     -0.14175240D-01     -0.11269419D-01
       0.78839435D-01      0.26410088D-01      0.51319005D-02      0.40502163D-04     -0.23612084D-03
      -0.89035448D-04     -0.47165655D-04     -0.25595803D+00     -0.20459268D-06      0.58480682D-05
       0.63906055D-04     -0.46915419D-04      0.20874719D+00      0.92266924D-05     -0.31602129D-04
      -0.70669944D-04     -0.18700905D-03      0.23341733D+00     -0.79235333D-03      0.39495912D-02
      -0.21116985D-02     -0.80187398D-03      0.48057617D+00     -0.62831963D-03      0.30905632D-02
       0.30650570D-02      0.10332925D-02     -0.16629030D+00      0.73837670D-03     -0.43456022D-02
       0.40770071D-03      0.78397110D-02     -0.41044058D+00     -0.28601794D-02      0.24682782D-01
       0.13618479D-01     -0.12129367D-02      0.66143414D+00      0.42358843D-03     -0.27644997D-02
       0.41653399D-03     -0.97095773D-02     -0.24097874D+00     -0.57869768D-03      0.28742556D-02
       0.24297054D-02     -0.15505074D-02     -0.18621158D+00     -0.33607886D-02     -0.60687081D-03
      -0.38510887D-02     -0.47019017D-02     -0.20710778D-01      0.12513588D+00      0.75440615D-01
       0.31012939D-02     -0.34643490D+00     -0.83735382D-01     -0.78613581D-01      0.48696105D-03
      -0.28593688D-02     -0.19635745D-02     -0.71823402D-04     -0.39794757D+00     -0.89228907D-04
       0.48543352D-03      0.18718411D-02      0.12420188D-03      0.29299681D+00     -0.93824518D-04
       0.52048410D-03      0.20193374D-02     -0.22935365D-03      0.29323362D+00      0.75425790D-01
      -0.35816711D+00      0.75470857D+00      0.97143139D-02      0.94895207D-02      0.24542797D-02
      -0.41793647D-01      0.12104170D+00     -0.71117806D-01     -0.54737568D-02      0.38421495D-01
      -0.20035930D+00      0.17458979D+00     -0.21173283D-01      0.14513621D-02      0.15773454D-01
      -0.87102288D-01      0.40747532D-01      0.68482135D-01      0.52650824D-02      0.27426003D-01
      -0.14648674D+00      0.11203041D+00      0.13803927D+00      0.92255146D-03      0.17980845D-01
      -0.10522141D+00      0.78027746D-01      0.10265644D+00     -0.49135734D-02      0.25401264D+00
       0.93603615D-01      0.18469202D+00      0.33186636D+00      0.43863726D-02     -0.29632339D-01
      -0.26825520D-01      0.22070386D-01     -0.10960462D-01     -0.10498867D-01      0.58370678D-01
      -0.11687699D+00      0.68289009D+00      0.49412467D+00     -0.26805372D-02     -0.24830170D-02
       0.16064805D-01     -0.92981659D-01     -0.33242247D+00     -0.87632834D-01      0.15539629D-02
       0.15564038D-01     -0.90664922D-01     -0.32563622D+00      0.97549986D-01      0.15513279D-02
      -0.21145201D-03      0.99413369D-03     -0.16071314D-01      0.15754239D-02      0.64261988D+00
      -0.73651926D-03      0.45076241D-02      0.25438677D-02      0.25078382D-02     -0.51749134D+00
      -0.24479041D-03      0.27493868D-02     -0.23524483D-02     -0.65741098D-02      0.37933466D+00
       0.21590183D-02     -0.20009099D-01     -0.59652793D-03      0.14721753D-02     -0.40748137D+00
      -0.14274278D-03      0.14046557D-02     -0.49692294D-02      0.14077417D-01      0.48499313D+00
      -0.20495173D-03      0.11870337D-02      0.26238650D-02      0.70843831D-03     -0.62881880D+00
      -0.49529581D-02     -0.33903961D-02      0.47292675D-02      0.85205057D-03      0.23914579D-01
      -0.15953557D+00     -0.91642708D-01     -0.51451198D-03      0.13003055D+00      0.12270316D+00
       0.12146327D+00      0.16349786D-02     -0.98236094D-02     -0.57341786D-02      0.20400846D-03
      -0.15023985D+00     -0.25522901D-03      0.15677951D-02      0.34686841D-02      0.20742741D-02
       0.74567738D-01     -0.25203668D-03      0.15036415D-02      0.33778819D-02     -0.16108185D-02
       0.73142721D-01     -0.53228436D-02      0.38672525D-01      0.19850423D+00     -0.12538334D+00
      -0.63777431D-02      0.27507049D-01     -0.15867025D+00     -0.18636378D-01     -0.13416222D+00
       0.11332196D-01     -0.18602980D-01      0.10891037D+00      0.28603106D-01     -0.22605886D+00
      -0.19191537D-01     -0.83515238D-01      0.46742442D+00     -0.49458370D-01     -0.58228612D+00
       0.11987988D-01      0.90094173D-01     -0.51034800D+00     -0.11443714D+00     -0.62087452D+00
       0.23842793D-02     -0.48728781D-01      0.26568895D+00      0.76149959D-01     -0.22658678D+00
       0.24139755D-02      0.23708296D+00      0.12836205D+00     -0.20216932D+00     -0.37290107D+00
       0.57011728D-01     -0.37972486D+00      0.60104049D-01     -0.44412979D+00     -0.65248324D-01
       0.65419355D+00     -0.29043168D+00     -0.18571307D-01      0.11199649D+00      0.62158909D-01
      -0.17007128D-01      0.14434511D-02      0.20984545D-02     -0.16171134D-01     -0.29469697D-01
      -0.49047159D-01     -0.58961422D-03      0.25604840D-02     -0.14029015D-01     -0.31674666D-01
       0.25742370D-02     -0.73056378D-03     -0.42061143D-02      0.20748957D-01      0.63294993D-01
      -0.19997881D-01      0.47085172D-01      0.54403994D-01     -0.31526213D+00     -0.12551786D+00
      -0.13024172D+00     -0.44518715D-01     -0.39668258D-01      0.21168228D+00     -0.10540726D+00
      -0.13538141D+00      0.63035040D-01      0.42547912D-01     -0.23674522D+00     -0.21551696D+00
      -0.10655970D+00     -0.12123858D+00     -0.67312955D-02      0.42772391D-01      0.40271006D-02
      -0.11461002D+00      0.69224925D-01      0.10019708D-01     -0.61367238D-01     -0.38912746D-01
      -0.14706363D-01     -0.56354667D-01      0.24514323D+00      0.11213349D+00     -0.40433072D-01
      -0.33442928D-02     -0.17287561D+00      0.11978951D+01      0.34563866D+00     -0.14455453D+00
       0.29320180D+00     -0.67660371D+00     -0.95232941D+00     -0.52485296D-02      0.33012209D-01
       0.81917895D-02     -0.19114500D-02     -0.84570260D-02      0.14498328D-02     -0.91092671D-02
      -0.10080724D-01     -0.13080410D-01      0.37264258D-02      0.25313797D-02     -0.13888039D-01
      -0.20021748D-01      0.23914991D-03      0.35711269D-02     -0.35281350D-01      0.20410215D+00
      -0.19103302D+00      0.91196164D-01     -0.90180316D-02      0.87128132D-01     -0.51375081D+00
      -0.13604909D+00     -0.18564995D-01      0.98008275D-02     -0.16905670D-01      0.87502099D-01
      -0.37050550D+00     -0.13900005D+00     -0.21751501D-01      0.15356087D-04     -0.30449577D-01
      -0.22986982D+00     -0.14436832D+00      0.40489181D-01      0.11818570D+00     -0.70916110D+00
      -0.42955335D+00      0.37880334D+00     -0.12537725D-01      0.40188428D-01     -0.26630558D+00
       0.25410853D+00      0.20940860D+00      0.94071687D-02      0.22936878D+00      0.23388935D+00
       0.86640943D+00      0.43798175D+00     -0.34149125D-02      0.28312108D-01     -0.27032866D+00
      -0.16229763D+00     -0.36032065D-01      0.29255108D+00     -0.70852970D-01      0.28752565D-01
      -0.17707961D+00     -0.80887976D-01      0.35674747D-01      0.13659837D-02     -0.62586297D-02
       0.42005298D-01      0.63806526D-01      0.69280068D-01     -0.55498312D-03     -0.10979299D-02
       0.80108341D-02      0.14438599D-01     -0.30300690D-01     -0.59563744D-03      0.10386993D+00
      -0.63812540D+00      0.24958237D-01      0.39669255D-01      0.75731824D-02     -0.13967697D+00
       0.85325359D+00     -0.33350303D+00      0.28386755D+00     -0.83904696D-02      0.42959998D-01
      -0.24453437D+00      0.47246603D-01      0.17638536D+00      0.15636423D-01     -0.78783834D-01
       0.47659457D+00     -0.15565458D+00     -0.54392741D-01     -0.35862978D-01      0.10033181D+00
      -0.59695178D+00     -0.23200327D+00      0.11176211D+00      0.17696414D-01     -0.99360396D-01
       0.59917168D+00     -0.15851723D+00      0.80096779D-01     -0.11530437D-01     -0.84210949D+00
      -0.75401485D-02      0.50663501D+00     -0.33621116D+00     -0.16053922D-01      0.12407977D+00
       0.22788877D+00     -0.48150758D-01      0.59782388D-01     -0.12191813D+00     -0.23439495D+00
      -0.31863782D-01      0.19975708D+00      0.78880970D-01      0.25613406D-01     -0.10421918D-02
       0.34446257D-02     -0.22379886D-01     -0.33421093D-01     -0.41827256D-01      0.43629096D-03
       0.52515715D-02     -0.37596434D-01     -0.49342799D-01      0.83239630D-01      0.38932613D-03
       0.43014410D-01     -0.28552018D+00     -0.77857090D-01      0.38202665D-01     -0.50567218D-02
      -0.31613597D-01      0.21316936D+00     -0.23979108D+00      0.97880495D-01      0.74842154D-02
      -0.13984061D+00      0.86756039D+00      0.34728807D+00     -0.80714049D-01     -0.19378666D-01
       0.12608450D+00     -0.76318388D+00      0.33262318D+00     -0.95529274D-01      0.19930598D-01
      -0.61503118D-01      0.35164795D+00      0.14388046D+00      0.24599502D+00     -0.41779422D-02
       0.11075511D-01     -0.52839301D-01     -0.72900808D-02      0.30796573D+00      0.32463292D-02
      -0.27391701D+00     -0.58699779D+00     -0.43644603D-01      0.28126237D+00     -0.28255476D-02
       0.46191768D-02     -0.12483478D+00     -0.61015684D+00     -0.22125948D-01      0.56649408D+00
      -0.46165769D+00     -0.60928511D-02      0.39037928D-01      0.83927187D-02      0.32215237D-01
       0.74588107D-03      0.77309722D-03     -0.20695198D-02     -0.35146527D-02      0.12879997D-01
      -0.26547514D-03      0.33492539D-02     -0.22554815D-01     -0.26435173D-01      0.34668327D-01
      -0.32893871D-03     -0.11699252D+00      0.76469720D+00      0.75090693D-01     -0.79017534D-01
       0.83160878D-02     -0.30805042D-01      0.17344489D+00      0.45097760D+00      0.45241933D+00
      -0.63621246D-02      0.61384614D-01     -0.35442836D+00      0.37887068D+00      0.30041434D+00
       0.20347140D-01     -0.10394556D+00      0.66301971D+00      0.86922924D-01     -0.30891857D-02
      -0.53618067D-01      0.33045373D-01     -0.23135589D+00     -0.56309764D-01     -0.20587203D+00
       0.21749450D-01      0.10668793D+00     -0.68100680D+00      0.49549832D+00      0.77349820D-01
      -0.10531936D-01     -0.23578830D+00     -0.23695803D+00     -0.24542243D-01      0.61815949D+00
       0.15458183D-01     -0.10378649D+00      0.45821117D+00     -0.16011652D+00      0.49446287D-01
      -0.44225326D-01     -0.29351555D+00      0.32065973D-01     -0.20633988D+00     -0.22090200D-01
      -0.73508289D-02     -0.12282350D-02     -0.68490790D-02      0.45717791D-01      0.38754034D-01
       0.84005223D-01      0.48694608D-03     -0.11656134D-01      0.71838822D-01      0.74701926D-01
      -0.65746125D-01      0.48726519D-03     -0.21808643D-01      0.12832300D+00      0.12895016D+00
       0.14927717D+00      0.29271959D-02      0.95500565D-01     -0.59551107D+00     -0.31311598D+00
      -0.35638064D-02     -0.48392429D-02     -0.15664468D+00      0.99881702D+00     -0.90124423D-01
       0.46597420D+00      0.90549462D-02     -0.43238888D-01      0.30252323D+00      0.21064716D+00
      -0.37467916D+00     -0.24764750D-01      0.71407799D-01     -0.46926950D+00      0.53313606D-01
      -0.70607782D-01      0.63892831D-02     -0.40147386D-01      0.27012735D+00      0.20761461D+00
       0.11994582D-01     -0.20205251D-02      0.16577394D+00     -0.82718758D+00      0.94630590D-01
      -0.24594395D-01      0.27360981D-01     -0.20028431D+00      0.27438348D+00      0.48764955D+00
       0.24298445D-02     -0.35674699D+00      0.30430414D+00     -0.35844521D-01      0.23785961D+00
      -0.14991731D+00      0.13634365D+00     -0.44410958D-03      0.64034235D-02     -0.43315284D-01
       0.31251210D-01     -0.97655761D-01      0.15337760D-03      0.26317651D-01     -0.17610514D+00
      -0.11550467D+00      0.21328695D+00      0.63044316D-04     -0.26391737D-01      0.16048938D+00
      -0.10049838D+00     -0.72608829D-01     -0.87174797D-03     -0.93698344D-02      0.62059951D-01
      -0.61556461D-01      0.96266691D-01      0.75268237D-03      0.30558702D-01     -0.20075198D+00
      -0.14119078D+00     -0.81777067D-01     -0.30583505D-02     -0.43104820D-02      0.19591260D-01
      -0.10748014D+00      0.10742114D+00      0.88829910D-02     -0.28296858D-01      0.18145136D+00
      -0.42715186D-01     -0.13253272D+00     -0.27781011D-02      0.45371135D-01     -0.30175468D+00
       0.23841899D-01      0.10543481D+00      0.10759823D-02     -0.13611726D+00      0.21465018D+00
      -0.13957082D+00      0.20921199D+00     -0.31347429D-02      0.24858422D-01     -0.88292325D-01
      -0.88532010D-01     -0.75856516D-02      0.88173578D-01     -0.23062247D-01     -0.12989810D+00
       0.87535570D+00     -0.81071882D+00     -0.18525306D-01     -0.35623944D-03      0.70530954D-01
      -0.47788125D+00     -0.15411827D+00     -0.68206333D+00      0.14794457D-04      0.66159007D-01
      -0.44998218D+00     -0.11574730D+00      0.67164883D+00     -0.97633498D-04     -0.22936641D-01
       0.16936744D+00     -0.19494021D+00      0.17172886D+00      0.88740783D-03     -0.23226885D-03
      -0.21936398D-01      0.73895953D+00     -0.24088328D+00      0.12355227D-02      0.29962841D-01
      -0.17741577D+00      0.56360320D+00      0.13390264D+00      0.53104725D-02      0.14449402D-01
      -0.81790792D-01      0.21128871D+00      0.42113347D-01     -0.17596174D-01      0.31636355D-01
      -0.19661452D+00     -0.51018884D-01      0.57716392D+00      0.64814369D-02     -0.62532851D-01
       0.41516014D+00     -0.13563160D+00     -0.45471435D+00     -0.33467986D-02      0.47412524D+00
      -0.24571002D+00      0.47552733D+00     -0.54408028D+00      0.95035227D-03     -0.11007042D-01
       0.17117475D+00     -0.16604084D+00      0.21371818D-01      0.35946755D-01     -0.21143784D+00
      -0.19003316D-01      0.13347320D+00     -0.26445007D+00     -0.95796025D-01     -0.30517190D-03
       0.19477971D-01     -0.13822584D+00     -0.43411412D-01     -0.21477755D+00      0.85040895D-04
       0.97995321D-02     -0.66997032D-01      0.30091647D-01      0.10896067D+00      0.66463864D-04
      -0.13085309D-01      0.96046348D-01      0.37132057D-01      0.25062231D+00      0.15901751D-03
       0.31451745D-01     -0.22052517D+00      0.17858382D+00      0.15533550D+00      0.69815546D-03
       0.35182089D-01     -0.23667129D+00     -0.10154257D+00      0.44197433D-01     -0.39422435D-03
      -0.13113611D-01      0.88001555D-01     -0.18659661D-01      0.24593798D+00     -0.75994796D-03
      -0.10484645D-01      0.71428614D-01      0.12823217D+00     -0.45808951D-02      0.93114764D-03
      -0.32462227D-01      0.23198542D+00     -0.98940183D-01      0.30911112D-01     -0.42353569D-03
       0.47013715D-01      0.94000639D-01     -0.62771712D-01     -0.10558848D+00      0.24807324D-02
      -0.18138202D-01      0.13187912D-01     -0.18745438D+00     -0.11281471D-02      0.12282800D+00
      -0.11686230D+00     -0.37251917D-03      0.24240824D-02     -0.25234972D-03      0.11010848D+01
      -0.12576069D-03     -0.68460656D-01      0.47995435D+00      0.45737950D+00      0.46945816D+00
       0.14030971D-03      0.68582234D-01     -0.48186841D+00     -0.44828866D+00      0.48388804D+00
      -0.21631710D-03     -0.19028554D-02      0.56626869D-03      0.17344659D+00      0.26617748D+00
       0.10068822D-02      0.75205008D-01     -0.52124665D+00     -0.18620618D+00     -0.70922208D-01
      -0.62894224D-03      0.27852753D-01     -0.19957196D+00     -0.61140084D+00      0.80074163D+00
      -0.14853644D-02     -0.94498476D-01      0.65814617D+00     -0.84641668D-01      0.80611549D+00
      -0.59002139D-02     -0.45692234D-01      0.33685406D+00     -0.34178875D-01      0.13133829D-01
       0.24320320D-02     -0.51387140D-03      0.10264913D-01     -0.31117634D+00      0.15028117D-01
      -0.23085991D-02      0.17474853D+00     -0.30074224D+00     -0.59465379D-01     -0.10863195D+00
       0.24990973D-01     -0.18509359D+00      0.12326141D+00     -0.52174269D+00     -0.14242516D-01
       0.36803715D+00     -0.28940479D+00     -0.27417482D-02      0.16111033D-01      0.72424818D-01
      -0.27632107D+00     -0.35216680D-05      0.14536465D-01     -0.10259247D+00     -0.11139270D+00
      -0.91763777D-01     -0.11089129D-04     -0.17397071D-01      0.12615518D+00      0.89727033D-01
      -0.14358155D+00      0.56877897D-04      0.10396393D+00     -0.80200813D+00     -0.44003682D+00
      -0.34881757D-01      0.17249970D-02     -0.31612138D-01      0.23278710D+00     -0.84597868D-02
      -0.59022853D+00     -0.41422759D-02      0.21888750D-01     -0.15008545D+00     -0.17217221D+00
      -0.24852676D+00      0.13782578D-01     -0.84021557D-01      0.59963299D+00      0.88868334D+00
      -0.70760249D-02     -0.54727718D-01     -0.24645596D-01      0.16529891D+00     -0.16626341D+00
       0.16371396D-01      0.11592698D-01     -0.76682062D-02      0.49097734D-01     -0.10225087D+00
       0.59273117D+00     -0.55816259D-02      0.26792269D+00      0.30608332D+00      0.45433350D-02
       0.30191264D+00      0.74951451D-01     -0.59240914D+00      0.75739245D+00      0.16884163D-01
      -0.19364271D-02     -0.10656878D+00     -0.72462340D-01      0.17898384D-02     -0.10724904D-01
      -0.21801687D-01      0.50242338D-01     -0.26060334D-03     -0.49825098D-03      0.76988132D-02
       0.64216512D-02      0.23876203D-01      0.80273091D-04      0.50873266D-02     -0.32929728D-01
      -0.27514316D-01      0.18933837D-01      0.55373620D-04     -0.60682843D-01      0.48926156D+00
       0.16362742D+00      0.22373058D+00      0.10213814D-02      0.56121567D-01     -0.41028197D+00
      -0.18671602D+00      0.54458385D+00     -0.16712713D-02     -0.49099253D-02      0.15720115D-01
      -0.41123871D+00     -0.49254835D+00      0.36441525D-02      0.16826401D-01     -0.95506408D-01
       0.59124577D+00      0.25180558D+00     -0.22550127D-01      0.48811491D-01     -0.42722193D+00
       0.84908197D+00      0.32813874D+00      0.70656061D-02     -0.87334766D-01      0.70546400D+00
       0.63003842D+00     -0.30821899D+00      0.16032139D-02     -0.24019730D+00      0.43503308D+00
       0.15928897D-01     -0.18619419D+00      0.28976085D-01     -0.24423521D+00      0.31694810D+00
      -0.95464241D-01     -0.12325288D-02      0.78612882D-02     -0.10162592D+00      0.13864298D-02
      -0.92549430D-02     -0.23873083D-01     -0.18098367D+00     -0.90442698D-04      0.84415816D-02
      -0.66503838D-01     -0.41356620D-01     -0.84319849D-01      0.26410891D-04     -0.10753524D-01
       0.76049915D-01      0.66832206D-01     -0.62256074D-01      0.66142265D-04      0.50070243D-01
      -0.42435018D+00     -0.29384524D+00      0.11717444D+01     -0.11401144D-02      0.37590629D-01
      -0.34904478D+00      0.49151387D+00      0.26362261D+00      0.21045476D-02      0.20487657D-01
      -0.15589525D+00      0.18566928D+00     -0.25162316D-01     -0.11892729D-02      0.44381400D-02
      -0.55980864D-01     -0.37392226D+00     -0.10526304D+00      0.11876132D-01      0.43231142D-01
      -0.35360346D+00      0.33163552D+00     -0.40625547D+00     -0.38871908D-03     -0.12732010D+00
       0.10593223D+01      0.32839749D-01      0.94988674D+00      0.83741421D-03      0.11434781D+00
       0.77982444D-02     -0.18425330D+00      0.17930744D+00     -0.23429684D-01      0.19932721D+00
      -0.20344960D+00      0.49583150D-01      0.76591946D-02     -0.17841506D-01      0.36271354D-01
       0.25680382D-02     -0.17970736D-01     -0.25145077D-01     -0.24525998D+00      0.51692536D-04
       0.13461457D-01     -0.99181088D-01     -0.69132148D-01     -0.86858384D-01     -0.32649713D-04
      -0.12414784D-01      0.92031450D-01      0.71473597D-01     -0.85166935D-01      0.27402579D-04
       0.65968742D-01     -0.55313281D+00     -0.42801176D+00     -0.68227876D+00     -0.16582634D-02
      -0.74895183D-01      0.60526011D+00     -0.81114093D-01     -0.76313810D+00      0.13752275D-04
       0.29767035D-01     -0.22357813D+00      0.27674305D-01      0.41821062D+00     -0.16162597D-02
      -0.25550355D-02      0.10747064D-01     -0.43611223D+00      0.30576296D+00      0.12476329D-01
       0.78917257D-01     -0.70274010D+00      0.82023458D+00     -0.46954612D-01      0.17180785D-02
      -0.69613558D-01      0.57430419D+00      0.94210311D+00      0.58101182D-01      0.44227682D-02
       0.18702832D+00     -0.16633638D+00     -0.66715807D-01      0.15051839D+00     -0.25130815D-01
       0.21549880D+00     -0.21796624D+00     -0.10724571D+00      0.87898568D-02      0.66490000D-01
      -0.48381065D-01      0.40895099D-02     -0.28687118D-01     -0.37705354D-01      0.95166354D-01
       0.41379776D-04     -0.50029615D-02      0.35154897D-01      0.36152250D-01      0.26332966D-01
      -0.61495444D-05      0.60171406D-02     -0.43156766D-01     -0.26621161D-01      0.33479594D-01
      -0.34356249D-04
