#  MO coefficient (i_MO, j_AO, M_ij)    
MO:1   -0.18530483E+02
1    1    -0.17678735E-04 
1    2    0.23949342E-03 
1    3    -0.53298899E-04 
1    4    -0.19177245E-03 
1    5    0.15794703E-06 
1    6    0.10052759E-04 
1    7    -0.27325681E-04 
1    8    0.88797326E-04 
1    9    0.13311702E-04 
1    10    0.15092910E-06 
1    11    0.16053854E-05 
1    12    -0.21486150E-04 
1    13    0.15047164E-04 
1    14    -0.16806585E-05 
1    15    0.97636617E-07 
1    16    0.12145617E-06 
1    17    -0.15865184E-05 
1    18    -0.40653324E-05 
1    19    0.32559109E-05 
1    20    -0.35860148E-07 
1    21    0.48053804E-05 
1    22    -0.85538056E-04 
1    23    0.61694449E-04 
1    24    0.14880511E-04 
1    25    0.41461461E-06 
1    26    -0.15309535E-05 
1    27    0.66358248E-04 
1    28    0.16276913E-03 
1    29    -0.21406040E-03 
1    30    0.28934409E-06 
1    31    -0.26634343E-04 
1    32    0.18653825E-05 
1    33    0.11167353E-04 
1    34    -0.43200743E-03 
1    35    -0.74771454E-07 
1    36    0.17461420E-05 
1    37    -0.58759567E-06 
1    38    -0.27397967E-06 
1    39    0.19706574E-06 
1    40    -0.30789077E-06 
1    41    -0.98265575E-06 
1    42    0.60501829E-03 
1    43    -0.82997726E-02 
1    44    0.36315159E-02 
1    45    0.55819019E-02 
1    46    0.87806746E-06 
1    47    0.99253115E+00 
1    48    0.28669221E-01 
1    49    0.29047865E-02 
1    50    0.51698537E-02 
1    51    0.84183606E-06 
1    52    0.44419350E-01 
1    53    0.15727295E-02 
1    54    -0.13031849E-03 
1    55    -0.60220069E-03 
1    56    0.21299515E-07 
MO:2   -0.18529739E+02
2    1    -0.16196522E-04 
2    2    0.21946867E-03 
2    3    -0.45439731E-04 
2    4    0.21000562E-03 
2    5    0.12658224E-06 
2    6    -0.44193001E-06 
2    7    0.37598396E-04 
2    8    0.13389465E-03 
2    9    0.21025679E-03 
2    10    0.23868712E-06 
2    11    0.50267714E-05 
2    12    -0.54147021E-04 
2    13    0.39919917E-04 
2    14    -0.13012833E-04 
2    15    0.23107823E-06 
2    16    -0.33155920E-07 
2    17    -0.60094165E-06 
2    18    -0.41844038E-05 
2    19    -0.13390413E-05 
2    20    -0.26358126E-07 
2    21    0.76995477E-06 
2    22    -0.24331244E-04 
2    23    0.16544165E-04 
2    24    0.25245891E-06 
2    25    0.12211989E-06 
2    26    0.95709882E-05 
2    27    -0.22679433E-04 
2    28    0.82763637E-04 
2    29    0.41858871E-05 
2    30    0.15021958E-06 
2    31    -0.43068758E-03 
2    32    0.12951888E-04 
2    33    0.12626713E-06 
2    34    0.11812103E-04 
2    35    -0.54210500E-07 
2    36    0.14487504E-05 
2    37    -0.45082726E-06 
2    38    -0.16416054E-06 
2    39    0.17286783E-06 
2    40    -0.91750545E-06 
2    41    -0.25198475E-06 
2    42    0.55317085E-03 
2    43    -0.75877072E-02 
2    44    0.32569599E-02 
2    45    -0.61458146E-02 
2    46    0.18732952E-05 
2    47    -0.44459137E-01 
2    48    -0.99332976E-03 
2    49    -0.38457718E-03 
2    50    0.14213350E-03 
2    51    -0.17019423E-06 
2    52    0.99253299E+00 
2    53    0.28642614E-01 
2    54    0.28678106E-02 
2    55    -0.51695248E-02 
2    56    0.18406576E-05 
MO:3   -0.14064386E+02
3    1    0.53408007E-03 
3    2    -0.42674819E-02 
3    3    0.42135536E-02 
3    4    -0.18713792E-04 
3    5    0.44445024E-05 
3    6    -0.61080730E-05 
3    7    0.33607370E-03 
3    8    -0.25746624E-03 
3    9    -0.46323603E-05 
3    10    -0.29642145E-06 
3    11    0.10306502E-04 
3    12    -0.67916879E-04 
3    13    0.57089988E-04 
3    14    0.97877263E-04 
3    15    0.38663046E-06 
3    16    0.99026296E-06 
3    17    0.33713806E-04 
3    18    0.28382598E-04 
3    19    -0.20411584E-05 
3    20    -0.19921028E-06 
3    21    0.14588694E-04 
3    22    -0.11423431E-03 
3    23    0.74848141E-04 
3    24    -0.13346766E-03 
3    25    0.58496730E-06 
3    26    -0.83483842E-05 
3    27    0.37663473E-03 
3    28    -0.23062701E-03 
3    29    0.27024349E-04 
3    30    -0.17907033E-06 
3    31    -0.20520131E-03 
3    32    -0.22836457E-04 
3    33    -0.26117169E-04 
3    34    -0.20219272E-03 
3    35    -0.87418292E-05 
3    36    -0.18697866E-04 
3    37    0.12546735E-04 
3    38    0.36109398E-06 
3    39    -0.10813265E-05 
3    40    -0.42531911E-06 
3    41    0.34204292E-06 
3    42    0.99248529E+00 
3    43    0.35052542E-01 
3    44    -0.31031696E-02 
3    45    0.14165711E-04 
3    46    0.81006061E-06 
3    47    0.83839978E-03 
3    48    -0.75982114E-02 
3    49    -0.20165935E-02 
3    50    -0.43240173E-02 
3    51    -0.58362070E-06 
3    52    0.83829550E-03 
3    53    -0.75959817E-02 
3    54    -0.19670513E-02 
3    55    0.43453833E-02 
3    56    -0.14079331E-05 
MO:4   -0.13908625E+02
4    1    0.84917333E-05 
4    2    -0.46398054E-04 
4    3    -0.81864956E-04 
4    4    0.67676412E-05 
4    5    -0.59837079E-06 
4    6    0.22235526E-05 
4    7    0.29264103E-04 
4    8    0.31057197E-05 
4    9    0.47640650E-04 
4    10    -0.63999343E-05 
4    11    -0.23971456E-04 
4    12    0.54038467E-03 
4    13    0.57015756E-03 
4    14    -0.67241848E-04 
4    15    0.25960435E-04 
4    16    0.60493278E-03 
4    17    -0.97429816E-02 
4    18    -0.74329907E-02 
4    19    -0.85224300E-04 
4    20    0.21000522E-03 
4    21    -0.21134600E-04 
4    22    0.23933961E-03 
4    23    0.53969324E-03 
4    24    -0.49822233E-04 
4    25    0.12221386E-04 
4    26    0.56664419E-06 
4    27    0.11744009E-03 
4    28    0.57769211E-04 
4    29    -0.22386976E-04 
4    30    -0.44416169E-05 
4    31    -0.17472707E-04 
4    32    0.25421195E-04 
4    33    0.81425974E-04 
4    34    -0.15793124E-04 
4    35    0.99187523E+00 
4    36    0.41190375E-01 
4    37    -0.22586492E-02 
4    38    0.21439850E-04 
4    39    0.25417356E-02 
4    40    -0.87318347E-02 
4    41    -0.87183179E-02 
4    42    0.11721353E-04 
4    43    -0.11388374E-04 
4    44    -0.98702898E-05 
4    45    -0.70866678E-06 
4    46    0.17854021E-06 
4    47    -0.75392910E-07 
4    48    0.23873634E-06 
4    49    0.81088929E-06 
4    50    -0.42560101E-06 
4    51    -0.10344757E-07 
4    52    -0.47088379E-07 
4    53    0.34806085E-06 
4    54    0.60764985E-06 
4    55    0.45461863E-07 
4    56    -0.43490106E-08 
MO:5   -0.98100929E+01
5    1    -0.51430345E-03 
5    2    -0.35146782E-03 
5    3    -0.19894215E-03 
5    4    0.63362586E-04 
5    5    0.43870330E-05 
5    6    0.41503272E-04 
5    7    0.34162179E-03 
5    8    0.12533920E-03 
5    9    -0.21786047E-03 
5    10    -0.10123963E-05 
5    11    -0.49040857E-02 
5    12    -0.98088488E-02 
5    13    -0.36768043E-02 
5    14    0.54843609E-02 
5    15    0.55230408E-04 
5    16    0.99030215E+00 
5    17    0.45011025E-01 
5    18    0.13138504E-02 
5    19    0.15153688E-02 
5    20    -0.32843904E-03 
5    21    -0.82682130E-02 
5    22    -0.78746415E-02 
5    23    -0.37708122E-02 
5    24    -0.45700339E-02 
5    25    0.50543893E-04 
5    26    0.35657628E-03 
5    27    0.35783286E-03 
5    28    0.74631622E-04 
5    29    0.50008818E-03 
5    30    -0.53682321E-05 
5    31    -0.42216118E-04 
5    32    0.28241539E-03 
5    33    0.11262988E-03 
5    34    0.11454274E-04 
5    35    0.64579497E-03 
5    36    -0.95689079E-02 
5    37    0.57497338E-02 
5    38    -0.13823631E-03 
5    39    -0.14367073E-03 
5    40    -0.54327482E-03 
5    41    -0.65341175E-03 
5    42    0.28871764E-05 
5    43    -0.14177414E-04 
5    44    -0.13684673E-04 
5    45    0.54195392E-07 
5    46    -0.41297018E-06 
5    47    -0.98455334E-08 
5    48    -0.25075183E-08 
5    49    0.65678382E-06 
5    50    -0.25906140E-06 
5    51    0.47556086E-07 
5    52    -0.16590098E-06 
5    53    0.66775234E-06 
5    54    0.13322915E-05 
5    55    0.90450010E-06 
5    56    0.36168759E-07 
MO:6   -0.97587983E+01
6    1    -0.33580992E-01 
6    2    -0.13620495E-01 
6    3    -0.30426827E-02 
6    4    0.66449982E-02 
6    5    -0.12456182E-04 
6    6    0.33900392E-02 
6    7    0.10378127E-02 
6    8    0.14626490E-03 
6    9    -0.59825659E-03 
6    10    0.94042503E-06 
6    11    -0.35580975E-03 
6    12    -0.18682088E-03 
6    13    0.91808043E-04 
6    14    0.43053094E-04 
6    15    0.11889247E-05 
6    16    -0.51060256E-03 
6    17    0.50221247E-03 
6    18    -0.33028243E-03 
6    19    -0.16454800E-03 
6    20    -0.31947942E-07 
6    21    -0.78181822E-02 
6    22    -0.13308445E-01 
6    23    0.75831080E-02 
6    24    -0.18324652E-03 
6    25    0.34000794E-04 
6    26    0.98927235E+00 
6    27    0.50708682E-01 
6    28    0.32795644E-02 
6    29    0.36078689E-02 
6    30    0.28080830E-04 
6    31    -0.31242482E-04 
6    32    0.33785633E-06 
6    33    0.40390747E-03 
6    34    -0.91263328E-02 
6    35    0.61610716E-05 
6    36    -0.15114956E-04 
6    37    0.24563964E-04 
6    38    0.43938876E-04 
6    39    0.24511973E-05 
6    40    -0.80643611E-05 
6    41    -0.27924951E-04 
6    42    -0.31098538E-04 
6    43    0.46588659E-03 
6    44    0.29773677E-03 
6    45    0.19872658E-03 
6    46    0.46037812E-07 
6    47    0.22467388E-05 
6    48    0.54974831E-04 
6    49    -0.67893482E-04 
6    50    0.13447948E-05 
6    51    -0.27639611E-06 
6    52    0.14247973E-04 
6    53    -0.12079019E-03 
6    54    -0.78416947E-04 
6    55    0.49550886E-04 
6    56    0.42182310E-07 
MO:7   -0.97517055E+01
7    1    0.98828180E+00 
7    2    0.46232328E-01 
7    3    0.33645953E-02 
7    4    0.39288508E-03 
7    5    0.22184712E-04 
7    6    -0.40807745E-01 
7    7    -0.13127754E-01 
7    8    0.22750179E-02 
7    9    0.66252924E-02 
7    10    0.60975209E-05 
7    11    -0.15520219E-02 
7    12    0.54886601E-03 
7    13    -0.26476669E-03 
7    14    0.53351310E-03 
7    15    -0.13877148E-05 
7    16    0.23699518E-03 
7    17    0.39170260E-03 
7    18    0.22606365E-03 
7    19    -0.17930492E-03 
7    20    -0.19010441E-05 
7    21    -0.32172389E-01 
7    22    -0.17514769E-02 
7    23    0.39565101E-03 
7    24    -0.75946283E-03 
7    25    0.16233638E-05 
7    26    0.34681626E-01 
7    27    -0.91840242E-02 
7    28    0.25546949E-02 
7    29    -0.63826776E-02 
7    30    0.80294960E-05 
7    31    0.48849405E-03 
7    32    -0.27112534E-03 
7    33    0.12651386E-04 
7    34    -0.19944117E-03 
7    35    0.17127205E-04 
7    36    -0.17681561E-03 
7    37    0.11218255E-03 
7    38    0.22447177E-04 
7    39    -0.11045746E-04 
7    40    0.64960141E-05 
7    41    0.99752613E-05 
7    42    0.85604008E-03 
7    43    -0.52621992E-02 
7    44    -0.43512436E-02 
7    45    0.49296877E-04 
7    46    -0.60915560E-05 
7    47    -0.73072227E-05 
7    48    0.14868400E-03 
7    49    0.21427969E-03 
7    50    0.40131391E-04 
7    51    0.28974175E-06 
7    52    -0.61715267E-05 
7    53    0.13132749E-03 
7    54    0.21264869E-03 
7    55    -0.35359833E-04 
7    56    0.34295170E-06 
MO:8   -0.97478007E+01
8    1    0.31396222E-01 
8    2    0.15190580E-02 
8    3    -0.55439850E-03 
8    4    -0.77260393E-04 
8    5    -0.32250029E-05 
8    6    -0.18340624E-01 
8    7    -0.10571867E-02 
8    8    -0.82604005E-04 
8    9    0.32031081E-03 
8    10    -0.86798298E-06 
8    11    -0.16548658E-02 
8    12    0.28073645E-03 
8    13    -0.11954564E-04 
8    14    0.73617051E-04 
8    15    -0.42226539E-05 
8    16    0.98638571E-02 
8    17    -0.72500922E-02 
8    18    0.39055527E-02 
8    19    0.45723114E-02 
8    20    -0.73813901E-05 
8    21    0.98958646E+00 
8    22    0.45448974E-01 
8    23    -0.30145789E-02 
8    24    0.40706244E-03 
8    25    -0.41811849E-04 
8    26    0.10138511E-01 
8    27    -0.12010908E-01 
8    28    -0.70082910E-02 
8    29    -0.57522275E-04 
8    30    -0.28133902E-04 
8    31    0.89606298E-04 
8    32    -0.13054048E-03 
8    33    -0.87711839E-02 
8    34    0.16968693E-03 
8    35    -0.28236149E-04 
8    36    0.11879948E-03 
8    37    -0.23897596E-04 
8    38    -0.43294673E-03 
8    39    -0.12436653E-05 
8    40    -0.17506319E-04 
8    41    -0.74649034E-04 
8    42    0.54586130E-04 
8    43    -0.34541585E-03 
8    44    -0.28100838E-03 
8    45    0.39254536E-04 
8    46    0.11621338E-06 
8    47    0.37955994E-05 
8    48    -0.93942955E-05 
8    49    -0.91881244E-05 
8    50    0.16541753E-04 
8    51    -0.20624882E-07 
8    52    0.37418272E-06 
8    53    -0.20181434E-05 
8    54    0.11314260E-04 
8    55    0.36384307E-05 
8    56    -0.30064348E-07 
MO:9   -0.97460466E+01
9    1    0.42703550E-01 
9    2    -0.97843330E-02 
9    3    -0.26014684E-02 
9    4    -0.66565627E-02 
9    5    -0.96576243E-05 
9    6    0.98887849E+00 
9    7    0.45923076E-01 
9    8    0.20025931E-03 
9    9    -0.29087694E-02 
9    10    0.94835107E-05 
9    11    -0.25352234E-01 
9    12    -0.97440892E-02 
9    13    0.63291706E-02 
9    14    0.13272667E-03 
9    15    0.25041328E-04 
9    16    -0.22989143E-04 
9    17    0.45229587E-03 
9    18    -0.27656658E-03 
9    19    0.24959292E-03 
9    20    -0.10224402E-05 
9    21    0.17047133E-01 
9    22    0.57953159E-03 
9    23    0.47487170E-04 
9    24    -0.15147793E-03 
9    25    0.58410728E-06 
9    26    -0.18564714E-02 
9    27    -0.30434652E-03 
9    28    0.23168664E-03 
9    29    0.16706636E-04 
9    30    0.83285316E-06 
9    31    -0.91742512E-02 
9    32    0.42574554E-03 
9    33    -0.18866911E-03 
9    34    0.21274490E-04 
9    35    0.80741855E-05 
9    36    -0.29479962E-04 
9    37    0.40080861E-04 
9    38    -0.65693974E-04 
9    39    0.29127834E-05 
9    40    -0.47388929E-04 
9    41    -0.12629882E-04 
9    42    0.37646657E-04 
9    43    0.54433705E-04 
9    44    -0.47122381E-04 
9    45    -0.24217838E-03 
9    46    -0.39634929E-06 
9    47    0.14721289E-04 
9    48    -0.12094739E-03 
9    49    -0.65700932E-04 
9    50    -0.53093825E-04 
9    51    0.83965986E-07 
9    52    0.44241022E-05 
9    53    0.60419954E-04 
9    54    -0.67573020E-04 
9    55    -0.17223504E-04 
9    56    -0.23314257E-06 
MO:10   -0.97249284E+01
10    1    0.28236979E-02 
10    2    0.11371347E-04 
10    3    -0.16935764E-03 
10    4    -0.25057322E-05 
10    5    -0.14377697E-05 
10    6    0.26850408E-01 
10    7    -0.72851888E-02 
10    8    -0.62450172E-02 
10    9    0.10503074E-03 
10    10    -0.22078087E-04 
10    11    0.98998681E+00 
10    12    0.44766945E-01 
10    13    0.26142732E-03 
10    14    -0.43089879E-03 
10    15    -0.29291360E-04 
10    16    0.64937511E-02 
10    17    -0.93251340E-02 
10    18    0.30927318E-02 
10    19    -0.57238113E-02 
10    20    -0.56001906E-05 
10    21    0.20853697E-02 
10    22    0.19246718E-03 
10    23    0.18334950E-03 
10    24    -0.13815814E-03 
10    25    -0.33979101E-05 
10    26    0.40479069E-03 
10    27    0.69884935E-04 
10    28    -0.49472864E-04 
10    29    -0.70795550E-04 
10    30    -0.74318248E-07 
10    31    -0.72147990E-04 
10    32    -0.10123656E-01 
10    33    -0.17802741E-03 
10    34    -0.55895125E-04 
10    35    -0.34606953E-04 
10    36    0.61260887E-03 
10    37    -0.14197275E-03 
10    38    0.22240409E-03 
10    39    0.57459114E-04 
10    40    -0.37960067E-03 
10    41    -0.96896030E-04 
10    42    0.21931944E-04 
10    43    -0.11283174E-03 
10    44    -0.98808007E-04 
10    45    -0.71653673E-04 
10    46    0.10224679E-06 
10    47    0.17072593E-05 
10    48    -0.17194650E-04 
10    49    -0.23498847E-05 
10    50    -0.12339294E-04 
10    51    -0.17754121E-07 
10    52    0.57316259E-05 
10    53    -0.13854216E-04 
10    54    -0.29369498E-04 
10    55    -0.24684316E-04 
10    56    -0.46067793E-07 
MO:11   -0.10560206E+01
11    1    -0.14203065E-01 
11    2    0.29685232E-01 
11    3    -0.16245568E-01 
11    4    -0.12463441E-03 
11    5    0.40919594E-05 
11    6    -0.36949885E-02 
11    7    0.82956100E-02 
11    8    -0.44499071E-02 
11    9    -0.35557552E-02 
11    10    -0.34408367E-05 
11    11    -0.30497024E-03 
11    12    0.84090104E-03 
11    13    -0.53037565E-03 
11    14    -0.14490477E-04 
11    15    -0.15460564E-05 
11    16    -0.14747447E-03 
11    17    0.37922684E-03 
11    18    -0.16562560E-03 
11    19    -0.15576744E-04 
11    20    0.15577086E-05 
11    21    -0.50520019E-03 
11    22    0.13459950E-02 
11    23    -0.90659724E-03 
11    24    0.62883011E-04 
11    25    -0.32213638E-05 
11    26    -0.38986049E-02 
11    27    0.85379884E-02 
11    28    -0.43805128E-02 
11    29    0.38229730E-02 
11    30    -0.10064332E-05 
11    31    0.24822164E-02 
11    32    0.41287586E-04 
11    33    0.62637625E-04 
11    34    0.25501364E-02 
11    35    -0.28319419E-04 
11    36    0.87844125E-04 
11    37    -0.39933272E-04 
11    38    0.10813418E-05 
11    39    0.75055473E-05 
11    40    0.12683464E-04 
11    41    0.13168608E-04 
11    42    -0.17723724E+00 
11    43    0.52386422E+00 
11    44    -0.13082614E+00 
11    45    0.15614162E-03 
11    46    0.32424912E-04 
11    47    -0.11674953E+00 
11    48    0.36383812E+00 
11    49    0.72650009E-01 
11    50    0.13892264E+00 
11    51    0.47792419E-04 
11    52    -0.11627735E+00 
11    53    0.36224721E+00 
11    54    0.70723081E-01 
11    55    -0.13931933E+00 
11    56    0.73945566E-04 
MO:12   -0.87182478E+00
12    1    0.23896350E-03 
12    2    -0.50363701E-03 
12    3    -0.76394860E-04 
12    4    0.11752692E-01 
12    5    -0.19756404E-05 
12    6    -0.45232773E-02 
12    7    0.10364492E-01 
12    8    -0.59834985E-02 
12    9    -0.11929345E-02 
12    10    -0.16733740E-05 
12    11    -0.42319154E-03 
12    12    0.12126028E-02 
12    13    -0.83602312E-03 
12    14    0.90031999E-04 
12    15    -0.19717861E-05 
12    16    0.13594188E-03 
12    17    -0.32618737E-03 
12    18    -0.18545969E-04 
12    19    0.31101716E-03 
12    20    0.29598107E-06 
12    21    0.96288741E-03 
12    22    -0.25480652E-02 
12    23    0.16171790E-02 
12    24    -0.68352836E-04 
12    25    0.42149058E-05 
12    26    0.51054962E-02 
12    27    -0.11449259E-01 
12    28    0.57780132E-02 
12    29    -0.16317483E-02 
12    30    -0.34154199E-05 
12    31    0.62388656E-02 
12    32    0.10506586E-03 
12    33    -0.21958095E-03 
12    34    -0.64305139E-02 
12    35    0.13784925E-03 
12    36    -0.43213605E-03 
12    37    0.70999540E-04 
12    38    0.23246300E-04 
12    39    -0.44857668E-04 
12    40    -0.59803430E-04 
12    41    -0.84829277E-04 
12    42    -0.31100564E-03 
12    43    0.10068329E-02 
12    44    0.16100325E-02 
12    45    0.36893959E+00 
12    46    -0.35565984E-04 
12    47    0.15347074E+00 
12    48    -0.52256941E+00 
12    49    -0.92595638E-01 
12    50    -0.12967722E+00 
12    51    -0.68516180E-04 
12    52    -0.15380528E+00 
12    53    0.52349268E+00 
12    54    0.91156630E-01 
12    55    -0.13132797E+00 
12    56    0.93431747E-04 
MO:13   -0.84913726E+00
13    1    -0.80497892E-02 
13    2    0.17680104E-01 
13    3    0.66404432E-02 
13    4    -0.96160240E-03 
13    5    0.40085825E-04 
13    6    -0.81544027E-02 
13    7    0.19611429E-01 
13    8    0.66835717E-02 
13    9    -0.49598754E-02 
13    10    0.30965638E-04 
13    11    -0.30896457E-01 
13    12    0.73897934E-01 
13    13    0.22138121E-01 
13    14    -0.29428632E-01 
13    15    0.24960015E-03 
13    16    -0.12120876E+00 
13    17    0.26364933E+00 
13    18    0.12557904E+00 
13    19    0.70418510E-02 
13    20    -0.15152207E-02 
13    21    -0.25060719E-01 
13    22    0.62478434E-01 
13    23    0.15673959E-01 
13    24    0.22211152E-01 
13    25    0.16840474E-03 
13    26    -0.10287760E-01 
13    27    0.24094712E-01 
13    28    0.95864923E-02 
13    29    0.57528936E-02 
13    30    0.52710197E-04 
13    31    0.23855316E-02 
13    32    0.13360992E-01 
13    33    0.10271055E-01 
13    34    0.29564536E-02 
13    35    -0.20932747E+00 
13    36    0.66478842E+00 
13    37    -0.80180975E-01 
13    38    0.24332675E-02 
13    39    0.70817618E-01 
13    40    0.11782029E+00 
13    41    0.11649960E+00 
13    42    0.73277776E-04 
13    43    0.74077447E-05 
13    44    0.28064260E-02 
13    45    0.39211097E-03 
13    46    0.35572488E-05 
13    47    0.78678289E-03 
13    48    -0.26810335E-02 
13    49    -0.98405545E-04 
13    50    -0.90687771E-03 
13    51    0.42620683E-06 
13    52    0.42980911E-03 
13    53    -0.14506547E-02 
13    54    0.10044135E-03 
13    55    0.59735149E-03 
13    56    0.41063942E-06 
MO:14   -0.73735456E+00
14    1    -0.14050145E+00 
14    2    0.33412262E+00 
14    3    0.71877074E-01 
14    4    -0.30446106E-01 
14    5    0.64015217E-03 
14    6    -0.91225634E-01 
14    7    0.22739534E+00 
14    8    0.87034324E-03 
14    9    -0.79580131E-01 
14    10    0.25373246E-03 
14    11    -0.57411291E-01 
14    12    0.14042019E+00 
14    13    -0.31537851E-01 
14    14    -0.29034538E-01 
14    15    0.57924283E-04 
14    16    -0.37551897E-01 
14    17    0.10345930E+00 
14    18    -0.81580081E-01 
14    19    -0.48756676E-02 
14    20    0.54151675E-03 
14    21    -0.10614922E+00 
14    22    0.25272292E+00 
14    23    -0.88356367E-01 
14    24    0.33064186E-01 
14    25    -0.44524738E-04 
14    26    -0.14757939E+00 
14    27    0.35331028E+00 
14    28    0.53188871E-01 
14    29    0.93810472E-01 
14    30    0.69022567E-03 
14    31    0.36986442E-01 
14    32    0.25119022E-01 
14    33    0.38016202E-01 
14    34    0.60087631E-01 
14    35    0.42323964E-01 
14    36    -0.14045166E+00 
14    37    -0.22995915E-01 
14    38    -0.76862285E-03 
14    39    -0.17997281E-01 
14    40    -0.36881263E-01 
14    41    -0.35891749E-01 
14    42    -0.77666500E-02 
14    43    0.31308363E-01 
14    44    0.82471261E-01 
14    45    0.21939821E-02 
14    46    0.12313370E-03 
14    47    0.15637585E-01 
14    48    -0.56355650E-01 
14    49    0.62556023E-02 
14    50    -0.18296502E-01 
14    51    0.20653740E-04 
14    52    0.12643139E-01 
14    53    -0.45440104E-01 
14    54    0.69902742E-02 
14    55    0.15330768E-01 
14    56    0.16495563E-04 
MO:15   -0.63616195E+00
15    1    -0.33532720E-01 
15    2    0.88558727E-01 
15    3    0.55335395E-02 
15    4    0.17877415E+00 
15    5    0.93053675E-04 
15    6    -0.14106540E+00 
15    7    0.36936923E+00 
15    8    0.32895818E-01 
15    9    -0.31435220E-01 
15    10    0.50008924E-03 
15    11    -0.12669739E+00 
15    12    0.33601182E+00 
15    13    -0.38226326E-01 
15    14    -0.35516617E-02 
15    15    0.24128236E-03 
15    16    -0.32748662E-01 
15    17    0.88909462E-01 
15    18    -0.25396215E-01 
15    19    0.11555003E+00 
15    20    -0.54881888E-03 
15    21    0.10537674E+00 
15    22    -0.27010903E+00 
15    23    0.98313586E-01 
15    24    0.30884865E-01 
15    25    -0.11674726E-03 
15    26    0.12447992E+00 
15    27    -0.31225750E+00 
15    28    -0.86736957E-01 
15    29    0.17511761E-01 
15    30    -0.80118954E-03 
15    31    0.91959021E-01 
15    32    0.95946646E-01 
15    33    -0.65035386E-01 
15    34    -0.81665293E-01 
15    35    0.19422190E-01 
15    36    -0.69556436E-01 
15    37    -0.43959847E-01 
15    38    0.50901462E-01 
15    39    -0.11811167E-01 
15    40    -0.70763642E-02 
15    41    -0.50850099E-01 
15    42    -0.64491331E-02 
15    43    0.25398662E-01 
15    44    0.37035877E-01 
15    45    -0.91319131E-02 
15    46    0.53811401E-04 
15    47    -0.19313663E-02 
15    48    0.74492472E-02 
15    49    0.36185421E-02 
15    50    0.27439680E-02 
15    51    0.12781485E-05 
15    52    0.13488893E-01 
15    53    -0.51630201E-01 
15    54    0.73801245E-02 
15    55    0.13714474E-01 
15    56    0.15086492E-04 
MO:16   -0.61591589E+00
16    1    0.11971066E+00 
16    2    -0.31806316E+00 
16    3    0.31689848E-01 
16    4    -0.20096180E-01 
16    5    -0.33257292E-03 
16    6    0.53263615E-01 
16    7    -0.14197618E+00 
16    8    0.97708640E-01 
16    9    0.64635701E-01 
16    10    0.10856816E-03 
16    11    -0.93491719E-01 
16    12    0.25027336E+00 
16    13    0.67592263E-01 
16    14    -0.62743129E-01 
16    15    -0.17489639E-03 
16    16    -0.12847535E+00 
16    17    0.36272713E+00 
16    18    -0.81420941E-01 
16    19    0.26772101E-01 
16    20    -0.31030454E-02 
16    21    -0.90614659E-01 
16    22    0.24631172E+00 
16    23    0.43153429E-01 
16    24    0.42987353E-01 
16    25    -0.17106765E-03 
16    26    0.21040706E-01 
16    27    -0.59014324E-01 
16    28    0.11338746E+00 
16    29    -0.68841119E-01 
16    30    0.25709290E-03 
16    31    -0.38705677E-01 
16    32    0.68892682E-01 
16    33    0.61023675E-01 
16    34    -0.16324086E-01 
16    35    0.64004510E-01 
16    36    -0.23269579E+00 
16    37    -0.19060591E+00 
16    38    0.15893786E-01 
16    39    -0.43788381E-01 
16    40    -0.10497633E+00 
16    41    -0.11705303E+00 
16    42    0.31879019E-01 
16    43    -0.12531520E+00 
16    44    -0.16963542E+00 
16    45    0.19262344E-02 
16    46    -0.24926175E-03 
16    47    -0.25579974E-01 
16    48    0.99035799E-01 
16    49    -0.27406686E-01 
16    50    0.22670384E-01 
16    51    -0.45308067E-04 
16    52    -0.27289391E-01 
16    53    0.10561037E+00 
16    54    -0.28192975E-01 
16    55    -0.24294754E-01 
16    56    -0.43117111E-04 
MO:17   -0.52826245E+00
17    1    0.58137552E-01 
17    2    -0.17553089E+00 
17    3    0.14360947E+00 
17    4    0.56751722E-01 
17    5    0.58366980E-03 
17    6    -0.71425502E-01 
17    7    0.20271499E+00 
17    8    0.85588457E-01 
17    9    0.47247380E-01 
17    10    0.98524538E-03 
17    11    -0.47035117E-01 
17    12    0.13413618E+00 
17    13    -0.10518486E+00 
17    14    0.78929741E-01 
17    15    0.26464149E-02 
17    16    0.10351250E+00 
17    17    -0.29969334E+00 
17    18    -0.11512877E+00 
17    19    0.12026262E-01 
17    20    0.13637421E-01 
17    21    -0.37686507E-01 
17    22    0.94526138E-01 
17    23    -0.11541984E+00 
17    24    -0.47940288E-01 
17    25    0.19550585E-02 
17    26    -0.26753807E-01 
17    27    0.67984860E-01 
17    28    0.13400621E+00 
17    29    -0.58502171E-01 
17    30    0.11743669E-02 
17    31    0.72988732E-01 
17    32    0.66837330E-01 
17    33    0.23977787E-01 
17    34    0.18878353E-01 
17    35    -0.29663899E-01 
17    36    0.12181619E+00 
17    37    0.34234006E+00 
17    38    0.16171093E-01 
17    39    0.49486611E-01 
17    40    0.15695222E+00 
17    41    0.13619869E+00 
17    42    0.70672605E-01 
17    43    -0.28751696E+00 
17    44    -0.26229682E+00 
17    45    0.17024527E-02 
17    46    -0.24533532E-03 
17    47    -0.49952508E-01 
17    48    0.20525569E+00 
17    49    -0.66440587E-01 
17    50    0.16480132E-01 
17    51    -0.39074913E-04 
17    52    -0.44646331E-01 
17    53    0.18352784E+00 
17    54    -0.61689750E-01 
17    55    -0.10608011E-01 
17    56    -0.29284526E-04 
MO:18   -0.52189200E+00
18    1    -0.14568697E-02 
18    2    0.52311399E-02 
18    3    -0.16684491E-01 
18    4    -0.19840488E+00 
18    5    0.14614417E-04 
18    6    0.80401396E-01 
18    7    -0.22047211E+00 
18    8    0.74354391E-01 
18    9    0.26481919E-01 
18    10    0.96402403E-04 
18    11    -0.75698402E-01 
18    12    0.21249027E+00 
18    13    0.12018948E+00 
18    14    0.23132518E-01 
18    15    0.99899472E-03 
18    16    0.18391007E-01 
18    17    -0.58123409E-01 
18    18    0.18210020E-02 
18    19    0.25243829E+00 
18    20    0.16751988E-02 
18    21    0.72933633E-01 
18    22    -0.21412542E+00 
18    23    -0.13879063E+00 
18    24    -0.77421160E-02 
18    25    -0.35566433E-03 
18    26    -0.78126735E-01 
18    27    0.20886461E+00 
18    28    -0.89906877E-01 
18    29    0.19378113E-01 
18    30    0.22569267E-04 
18    31    -0.85988811E-01 
18    32    0.12018814E+00 
18    33    -0.10967266E+00 
18    34    0.89210206E-01 
18    35    -0.22058956E-02 
18    36    0.80852588E-02 
18    37    0.44270775E-01 
18    38    0.35096245E+00 
18    39    0.56173816E-02 
18    40    0.20374018E+00 
18    41    -0.16978048E+00 
18    42    -0.52369281E-02 
18    43    0.21260568E-01 
18    44    0.19513269E-01 
18    45    -0.97127491E-03 
18    46    0.27370111E-04 
18    47    0.12373617E-01 
18    48    -0.50763223E-01 
18    49    0.13337461E-01 
18    50    -0.99111276E-02 
18    51    0.19882383E-04 
18    52    -0.53670908E-02 
18    53    0.21909531E-01 
18    54    -0.33018114E-02 
18    55    -0.75286691E-02 
18    56    -0.71344443E-05 
MO:19   -0.46211422E+00
19    1    0.66938906E-01 
19    2    -0.16772558E+00 
19    3    -0.23845482E+00 
19    4    0.23068103E-01 
19    5    -0.21755698E-03 
19    6    0.72932701E-02 
19    7    -0.12986654E-01 
19    8    0.24499761E-01 
19    9    0.16963928E+00 
19    10    0.74512733E-03 
19    11    -0.70017889E-01 
19    12    0.21681689E+00 
19    13    0.28002226E-01 
19    14    0.13332822E+00 
19    15    0.29826136E-02 
19    16    0.29447123E-01 
19    17    -0.81882242E-01 
19    18    -0.78195027E-01 
19    19    -0.12777623E-01 
19    20    0.10609975E-01 
19    21    -0.66843895E-01 
19    22    0.20917427E+00 
19    23    0.38149755E-01 
19    24    -0.13459072E+00 
19    25    0.24993099E-02 
19    26    0.92208640E-02 
19    27    -0.18543466E-01 
19    28    0.40072206E-01 
19    29    -0.21519602E+00 
19    30    0.94221508E-03 
19    31    0.64706478E-01 
19    32    0.16942938E+00 
19    33    0.14713116E+00 
19    34    0.76037174E-01 
19    35    0.50490763E-02 
19    36    -0.18588635E-01 
19    37    0.16134276E+00 
19    38    -0.51399698E-01 
19    39    0.18063851E-01 
19    40    0.31255048E-01 
19    41    0.90337680E-01 
19    42    -0.95743546E-01 
19    43    0.40086674E+00 
19    44    0.26169916E+00 
19    45    -0.74054393E-03 
19    46    0.43489756E-03 
19    47    0.63736897E-01 
19    48    -0.27309717E+00 
19    49    0.99197048E-01 
19    50    0.17310292E-01 
19    51    0.11388469E-03 
19    52    0.64980607E-01 
19    53    -0.27836097E+00 
19    54    0.10027054E+00 
19    55    -0.18177298E-01 
19    56    0.11753303E-03 
MO:20   -0.45419689E+00
20    1    0.97727806E-02 
20    2    -0.25979628E-01 
20    3    -0.25193708E-01 
20    4    0.22310616E+00 
20    5    -0.22966533E-03 
20    6    -0.49781895E-01 
20    7    0.14158143E+00 
20    8    -0.15327849E+00 
20    9    -0.25570114E-01 
20    10    -0.65240240E-03 
20    11    0.83103217E-01 
20    12    -0.25805214E+00 
20    13    0.11086692E-02 
20    14    -0.62452085E-01 
20    15    -0.14320280E-02 
20    16    -0.38919993E-02 
20    17    0.11399165E-01 
20    18    0.37321306E-01 
20    19    0.12587040E-01 
20    20    -0.35599457E-02 
20    21    -0.76658710E-01 
20    22    0.23585059E+00 
20    23    -0.35474197E-02 
20    24    -0.72961164E-01 
20    25    -0.18776464E-03 
20    26    0.38333496E-01 
20    27    -0.10827658E+00 
20    28    0.16618638E+00 
20    29    -0.95923834E-01 
20    30    0.40702843E-03 
20    31    0.87192300E-01 
20    32    -0.13707177E+00 
20    33    0.10818096E+00 
20    34    -0.46610736E-01 
20    35    -0.10047909E-02 
20    36    0.23976655E-02 
20    37    -0.48843529E-01 
20    38    0.46366846E+00 
20    39    -0.61324271E-02 
20    40    0.26184794E+00 
20    41    -0.29949009E+00 
20    42    -0.82805641E-02 
20    43    0.34780774E-01 
20    44    0.23786408E-01 
20    45    0.12871337E-01 
20    46    -0.21186526E-04 
20    47    -0.53313573E-02 
20    48    0.22846400E-01 
20    49    -0.61897448E-02 
20    50    0.72744587E-02 
20    51    -0.27642124E-04 
20    52    0.16418991E-01 
20    53    -0.70345633E-01 
20    54    0.25595680E-01 
20    55    0.54736999E-02 
20    56    0.72429245E-05 
MO:21   -0.44428964E+00
21    1    -0.22380314E-01 
21    2    0.66025895E-01 
21    3    0.18497698E-01 
21    4    -0.31501337E-02 
21    5    0.15882762E-02 
21    6    0.66693932E-01 
21    7    -0.21550491E+00 
21    8    0.59440498E-01 
21    9    -0.15758204E+00 
21    10    0.15390299E-02 
21    11    -0.16585177E-01 
21    12    0.44581477E-01 
21    13    0.26306824E-01 
21    14    -0.15831425E+00 
21    15    0.63629417E-02 
21    16    -0.94161777E-02 
21    17    0.39052573E-01 
21    18    -0.32625875E+00 
21    19    0.85580396E-03 
21    20    0.27391881E-01 
21    21    -0.37292725E-01 
21    22    0.11743575E+00 
21    23    0.79751891E-01 
21    24    0.15329836E+00 
21    25    0.56932174E-02 
21    26    0.70951862E-01 
21    27    -0.22496931E+00 
21    28    0.76592376E-01 
21    29    0.19062390E+00 
21    30    0.18799321E-02 
21    31    -0.18551829E+00 
21    32    -0.58299629E-01 
21    33    -0.54682129E-02 
21    34    -0.20877703E+00 
21    35    0.89538488E-02 
21    36    -0.21666417E-01 
21    37    0.35793320E+00 
21    38    0.46582997E-01 
21    39    0.45408897E-01 
21    40    0.15895544E+00 
21    41    0.99087627E-01 
21    42    -0.45073114E-01 
21    43    0.19099047E+00 
21    44    0.59709934E-01 
21    45    -0.89200064E-03 
21    46    0.72839972E-03 
21    47    0.32914497E-01 
21    48    -0.14510195E+00 
21    49    0.28409042E-01 
21    50    0.42395078E-01 
21    51    0.24018458E-03 
21    52    0.33224189E-01 
21    53    -0.14625921E+00 
21    54    0.28599700E-01 
21    55    -0.41013037E-01 
21    56    0.24300704E-03 
MO:22   -0.37326014E+00
22    1    -0.42576466E-03 
22    2    0.15611111E-02 
22    3    -0.45065681E-02 
22    4    -0.11169944E-03 
22    5    0.14825656E+00 
22    6    0.15250364E-03 
22    7    -0.25140619E-03 
22    8    -0.35608007E-02 
22    9    0.71882116E-03 
22    10    0.61505889E-01 
22    11    0.11209644E-03 
22    12    -0.38151330E-03 
22    13    0.22564655E-02 
22    14    -0.42925804E-02 
22    15    0.22314923E-01 
22    16    -0.16630775E-02 
22    17    0.58262485E-02 
22    18    -0.45645752E-02 
22    19    0.12849733E-03 
22    20    0.24141395E-01 
22    21    0.42725122E-03 
22    22    -0.52491802E-03 
22    23    0.73126987E-02 
22    24    -0.44219654E-03 
22    25    0.33468215E-01 
22    26    0.16114236E-03 
22    27    0.31552708E-03 
22    28    -0.91545354E-02 
22    29    -0.48298475E-02 
22    30    0.72497163E-01 
22    31    0.20666296E-02 
22    32    -0.24569720E-02 
22    33    0.25703255E-02 
22    34    0.69086450E-02 
22    35    0.13018888E-02 
22    36    -0.51816160E-02 
22    37    0.28570605E-02 
22    38    0.77125697E-03 
22    39    0.13847168E-01 
22    40    0.16829725E-02 
22    41    0.73583910E-03 
22    42    0.26854283E-02 
22    43    -0.11567190E-01 
22    44    0.70624695E-02 
22    45    -0.72506646E-04 
22    46    0.72547407E+00 
22    47    -0.30832880E-02 
22    48    0.14193616E-01 
22    49    -0.72967341E-03 
22    50    -0.83251724E-02 
22    51    0.33043683E+00 
22    52    -0.32685828E-02 
22    53    0.15000478E-01 
22    54    -0.11327811E-02 
22    55    0.80817118E-02 
22    56    0.32929386E+00 
MO:23   -0.36857767E+00
23    1    -0.16422944E-01 
23    2    0.58635855E-01 
23    3    -0.12715851E+00 
23    4    -0.77487533E-02 
23    5    -0.27938091E-02 
23    6    0.11016108E-01 
23    7    -0.30314673E-01 
23    8    -0.73275435E-01 
23    9    0.11662081E-03 
23    10    0.68167083E-03 
23    11    -0.57290966E-02 
23    12    0.17217633E-01 
23    13    0.56579861E-01 
23    14    -0.12108566E+00 
23    15    0.82069452E-02 
23    16    -0.33779083E-01 
23    17    0.12259660E+00 
23    18    -0.19593561E+00 
23    19    -0.42352206E-02 
23    20    0.28384265E-01 
23    21    0.33858145E-02 
23    22    0.14836420E-01 
23    23    0.23428254E+00 
23    24    -0.12026981E-01 
23    25    0.78024568E-02 
23    26    0.12303338E-01 
23    27    -0.17297908E-01 
23    28    -0.25440616E+00 
23    29    -0.12135805E+00 
23    30    0.35033197E-03 
23    31    0.28727681E-01 
23    32    -0.56111378E-01 
23    33    0.98300397E-01 
23    34    0.17910608E+00 
23    35    0.17882279E-01 
23    36    -0.70515459E-01 
23    37    0.17934316E+00 
23    38    0.29265562E-01 
23    39    0.30790844E-01 
23    40    0.79186286E-01 
23    41    0.40155869E-01 
23    42    0.73904651E-01 
23    43    -0.31925906E+00 
23    44    0.25400346E+00 
23    45    -0.59450442E-02 
23    46    -0.26881399E-01 
23    47    -0.90933348E-01 
23    48    0.41962106E+00 
23    49    -0.69534452E-02 
23    50    -0.25755173E+00 
23    51    -0.12389097E-01 
23    52    -0.97407757E-01 
23    53    0.44804831E+00 
23    54    -0.21515095E-01 
23    55    0.24862898E+00 
23    56    -0.12417651E-01 
MO:24   -0.35581264E+00
24    1    -0.28673242E-01 
24    2    0.91308895E-01 
24    3    -0.11871490E-01 
24    4    -0.25977225E+00 
24    5    -0.49514152E-03 
24    6    0.16068328E-01 
24    7    -0.38756686E-01 
24    8    -0.59813608E-02 
24    9    0.23027616E+00 
24    10    -0.66362163E-03 
24    11    0.12300025E-01 
24    12    -0.36603061E-01 
24    13    0.34940572E-02 
24    14    0.29350811E+00 
24    15    -0.17089851E-02 
24    16    0.24914993E-01 
24    17    -0.81982679E-01 
24    18    0.77630557E-01 
24    19    -0.20319218E+00 
24    20    -0.69234954E-02 
24    21    -0.45834942E-01 
24    22    0.16079591E+00 
24    23    0.13586715E+00 
24    24    0.60477700E-01 
24    25    -0.14038539E-02 
24    26    0.23348475E-01 
24    27    -0.89689420E-01 
24    28    0.15988160E-02 
24    29    0.37276543E+00 
24    30    -0.11366548E-02 
24    31    0.14596240E+00 
24    32    0.20707357E+00 
24    33    0.89740694E-01 
24    34    -0.28443081E+00 
24    35    -0.27562521E-03 
24    36    -0.29589977E-02 
24    37    -0.36741575E-01 
24    38    0.11956438E+00 
24    39    -0.93121450E-02 
24    40    0.92012311E-01 
24    41    -0.10970660E+00 
24    42    0.22121472E-01 
24    43    -0.95948660E-01 
24    44    0.79601596E-01 
24    45    -0.57327241E-01 
24    46    0.16315283E-02 
24    47    -0.16900945E-01 
24    48    0.76596322E-01 
24    49    0.12803059E-01 
24    50    -0.44562681E-01 
24    51    0.78212608E-03 
24    52    -0.42680879E-01 
24    53    0.19800168E+00 
24    54    -0.36796254E-01 
24    55    0.10889049E+00 
24    56    0.77013182E-03 
MO:25   -0.34454981E+00
25    1    0.66027565E-01 
25    2    -0.21483485E+00 
25    3    -0.35694109E-01 
25    4    -0.21276517E+00 
25    5    0.16840556E-02 
25    6    -0.40034215E-01 
25    7    0.15910417E+00 
25    8    0.17777091E-01 
25    9    0.36378155E+00 
25    10    0.25292654E-02 
25    11    0.33899201E-01 
25    12    -0.11700336E+00 
25    13    -0.14219522E+00 
25    14    -0.19317777E+00 
25    15    0.47933144E-02 
25    16    -0.51400878E-01 
25    17    0.18462604E+00 
25    18    -0.16516799E+00 
25    19    -0.54162801E-01 
25    20    0.17055046E-01 
25    21    0.23271782E-01 
25    22    -0.73396567E-01 
25    23    0.23010045E-01 
25    24    0.22360112E+00 
25    25    0.51035035E-02 
25    26    -0.31367436E-01 
25    27    0.10256666E+00 
25    28    -0.12631711E+00 
25    29    0.90054741E-02 
25    30    0.24750387E-02 
25    31    0.31968347E+00 
25    32    -0.24881718E+00 
25    33    -0.17903659E+00 
25    34    0.89018587E-01 
25    35    0.31163884E-02 
25    36    -0.49373918E-02 
25    37    0.73231081E-01 
25    38    0.53996263E-01 
25    39    0.20103519E-01 
25    40    0.61551187E-01 
25    41    -0.23137001E-01 
25    42    -0.25213519E-01 
25    43    0.10977681E+00 
25    44    -0.82157924E-01 
25    45    -0.65756805E-01 
25    46    -0.31126084E-02 
25    47    0.50485302E-01 
25    48    -0.23377682E+00 
25    49    0.65356518E-01 
25    50    0.11230514E+00 
25    51    -0.15497414E-02 
25    52    0.17889354E-01 
25    53    -0.80963913E-01 
25    54    -0.99156763E-02 
25    55    -0.47646453E-01 
25    56    -0.15480029E-02 
MO:26   -0.33013169E+00
26    1    -0.31458739E-01 
26    2    0.96245853E-01 
26    3    0.10047628E+00 
26    4    -0.81694728E-01 
26    5    -0.79001435E-03 
26    6    -0.19041543E-01 
26    7    0.66171601E-01 
26    8    0.21104059E+00 
26    9    -0.13519978E+00 
26    10    -0.34616665E-04 
26    11    -0.41447503E-02 
26    12    0.16557717E-01 
26    13    -0.19416196E+00 
26    14    0.46950041E-01 
26    15    -0.20832721E-02 
26    16    0.13914663E-01 
26    17    -0.46940579E-01 
26    18    0.39823181E-01 
26    19    -0.15949763E+00 
26    20    -0.45034779E-02 
26    21    0.10311656E-01 
26    22    -0.17691904E-02 
26    23    0.36186532E+00 
26    24    -0.14234005E+00 
26    25    -0.61220548E-03 
26    26    0.99494426E-02 
26    27    -0.12760695E-01 
26    28    -0.34096470E+00 
26    29    -0.38890341E-01 
26    30    -0.30413485E-02 
26    31    -0.16394552E+00 
26    32    -0.25633016E-01 
26    33    0.25514922E+00 
26    34    0.15227368E+00 
26    35    0.65244435E-03 
26    36    -0.53656114E-02 
26    37    -0.13145391E-01 
26    38    0.13063647E+00 
26    39    -0.57164816E-02 
26    40    0.10393109E+00 
26    41    -0.10725499E+00 
26    42    -0.52495678E-02 
26    43    0.19648295E-01 
26    44    -0.24829499E+00 
26    45    -0.73544355E-01 
26    46    0.10921377E-02 
26    47    0.57049476E-01 
26    48    -0.26781627E+00 
26    49    0.17711173E-01 
26    50    0.16832305E+00 
26    51    0.60836376E-03 
26    52    0.13055931E-01 
26    53    -0.63762152E-01 
26    54    -0.10756786E+00 
26    55    -0.12455331E+00 
26    56    0.57766693E-03 
MO:27   -0.30005762E+00
27    1    -0.12361487E-01 
27    2    0.37099966E-01 
27    3    0.19000275E-01 
27    4    -0.85662732E-02 
27    5    0.18484392E+00 
27    6    0.25827899E-02 
27    7    -0.81779193E-02 
27    8    -0.74084015E-01 
27    9    0.15470018E-01 
27    10    0.15865443E+00 
27    11    0.66738859E-02 
27    12    -0.22879552E-01 
27    13    0.69652610E-01 
27    14    0.38271896E-01 
27    15    0.21631703E+00 
27    16    -0.10840096E-01 
27    17    0.38330150E-01 
27    18    0.20567363E-01 
27    19    -0.15648756E-01 
27    20    0.42853765E+00 
27    21    0.38889178E-02 
27    22    -0.98681104E-02 
27    23    0.45805643E-01 
27    24    0.73281247E-02 
27    25    0.25429216E+00 
27    26    -0.58796996E-02 
27    27    0.24183736E-01 
27    28    -0.51028336E-01 
27    29    0.23679278E-01 
27    30    0.22340194E+00 
27    31    0.32897649E-01 
27    32    0.48570565E-01 
27    33    0.10512223E-01 
27    34    0.17659615E-01 
27    35    0.23910878E-01 
27    36    -0.10317930E+00 
27    37    -0.36434929E-01 
27    38    0.13935589E-03 
27    39    0.40827524E+00 
27    40    0.70654891E-02 
27    41    0.26263541E-02 
27    42    0.35564072E-02 
27    43    -0.17586190E-01 
27    44    -0.91518304E-01 
27    45    0.14814139E+00 
27    46    -0.10328983E+00 
27    47    -0.22829095E-01 
27    48    0.10913489E+00 
27    49    -0.11509113E+00 
27    50    -0.42617301E-01 
27    51    -0.62344379E-01 
27    52    0.40718577E-01 
27    53    -0.19493284E+00 
27    54    0.67842812E-01 
27    55    -0.13814331E+00 
27    56    -0.63118577E-01 
MO:28   -0.29814591E+00
28    1    0.43687506E-02 
28    2    -0.11249455E-01 
28    3    -0.10067348E-01 
28    4    0.60945039E-01 
28    5    0.70907447E-01 
28    6    -0.59924287E-02 
28    7    0.15149341E-01 
28    8    0.10575846E-01 
28    9    -0.57342470E-01 
28    10    0.60232593E-01 
28    11    -0.40434341E-02 
28    12    0.13774690E-01 
28    13    0.60196772E-03 
28    14    -0.42819054E-01 
28    15    0.78907177E-01 
28    16    0.53346141E-02 
28    17    -0.23415190E-01 
28    18    0.47290811E-01 
28    19    0.78987525E-01 
28    20    0.15266410E+00 
28    21    -0.43298673E-02 
28    22    0.71307157E-02 
28    23    -0.10005527E+00 
28    24    -0.61694257E-01 
28    25    0.94365901E-01 
28    26    0.93854222E-02 
28    27    -0.36796541E-01 
28    28    0.10879501E+00 
28    29    -0.37691556E-01 
28    30    0.85733778E-01 
28    31    -0.25653805E-01 
28    32    -0.34380165E-01 
28    33    0.36098173E-02 
28    34    -0.52714430E-01 
28    35    0.32675195E-02 
28    36    -0.13866874E-01 
28    37    -0.47784085E-01 
28    38    -0.29465018E-01 
28    39    0.14512370E+00 
28    40    -0.40786681E-01 
28    41    0.20685998E-01 
28    42    -0.18524234E-02 
28    43    0.95887593E-02 
28    44    0.69779787E-01 
28    45    -0.44143036E+00 
28    46    -0.38324821E-01 
28    47    0.85273629E-01 
28    48    -0.40906650E+00 
28    49    0.28573688E+00 
28    50    0.23973549E+00 
28    51    -0.23374575E-01 
28    52    -0.10127996E+00 
28    53    0.48534351E+00 
28    54    -0.25219217E+00 
28    55    0.31851191E+00 
28    56    -0.23758313E-01 
MO:29   -0.28253584E+00
29    1    0.51418250E-01 
29    2    -0.15936938E+00 
29    3    -0.40873179E-01 
29    4    -0.55724867E-01 
29    5    0.50610730E-01 
29    6    -0.11749180E-01 
29    7    0.45965839E-01 
29    8    0.43522599E+00 
29    9    -0.10268573E-01 
29    10    0.41402520E-01 
29    11    -0.15535686E-01 
29    12    0.59482311E-01 
29    13    -0.43055899E+00 
29    14    -0.12973527E-01 
29    15    0.36254281E-01 
29    16    0.20978568E-01 
29    17    -0.79398047E-01 
29    18    0.11098074E+00 
29    19    -0.11706439E+00 
29    20    0.53127301E-01 
29    21    -0.52515430E-02 
29    22    0.92346333E-02 
29    23    -0.11889692E+00 
29    24    0.35370367E-01 
29    25    0.51724076E-01 
29    26    0.59303726E-02 
29    27    -0.36685525E-01 
29    28    0.12481905E+00 
29    29    -0.33832013E-01 
29    30    0.57948496E-01 
29    31    -0.18379011E+00 
29    32    -0.16606554E+00 
29    33    -0.86926949E-01 
29    34    -0.32258406E-01 
29    35    -0.19971933E-01 
29    36    0.92399532E-01 
29    37    -0.14078968E+00 
29    38    0.64540025E-01 
29    39    0.46940395E-01 
29    40    0.14802127E-01 
29    41    -0.10787070E+00 
29    42    -0.21192289E-01 
29    43    0.10178477E+00 
29    44    0.32147630E+00 
29    45    0.81112455E-01 
29    46    -0.21570862E-01 
29    47    -0.39396681E-01 
29    48    0.19148401E+00 
29    49    0.54594840E-01 
29    50    -0.22316694E+00 
29    51    -0.14192050E-01 
29    52    -0.96153901E-02 
29    53    0.45930828E-01 
29    54    0.13801590E+00 
29    55    0.84679979E-01 
29    56    -0.14517822E-01 
MO:30   -0.24588523E+00
30    1    0.11542378E-01 
30    2    -0.43127402E-01 
30    3    -0.57770179E-02 
30    4    0.23181921E+00 
30    5    -0.42157622E-01 
30    6    0.30632601E-02 
30    7    -0.30608716E-01 
30    8    -0.71716593E-01 
30    9    -0.14763978E+00 
30    10    -0.25647145E-01 
30    11    0.27375135E-01 
30    12    -0.97283771E-01 
30    13    -0.69952994E-03 
30    14    0.29056861E+00 
30    15    0.76542426E-03 
30    16    -0.21415478E-01 
30    17    0.94491703E-01 
30    18    -0.65712929E-01 
30    19    -0.40334636E+00 
30    20    0.26774863E-01 
30    21    -0.11009519E-01 
30    22    0.39169681E-01 
30    23    0.19894658E-01 
30    24    0.40336347E+00 
30    25    -0.22648774E-01 
30    26    -0.49009951E-02 
30    27    0.39780003E-01 
30    28    0.66992366E-03 
30    29    -0.20255175E+00 
30    30    -0.43941613E-01 
30    31    -0.12062550E+00 
30    32    0.25902084E+00 
30    33    -0.36286010E+00 
30    34    0.22159554E+00 
30    35    0.38422996E-02 
30    36    -0.13744577E-01 
30    37    0.10984701E-01 
30    38    0.64516383E-01 
30    39    0.47712117E-01 
30    40    0.11665048E+00 
30    41    -0.10681267E+00 
30    42    -0.10332318E-02 
30    43    0.47275357E-02 
30    44    -0.43816572E-02 
30    45    -0.50728215E-01 
30    46    0.11669113E-01 
30    47    0.12155810E-01 
30    48    -0.58548737E-01 
30    49    0.51252566E-01 
30    50    0.39220992E-01 
30    51    0.94121515E-02 
30    52    -0.84174789E-02 
30    53    0.41247811E-01 
30    54    -0.33333966E-01 
30    55    0.35421646E-01 
30    56    0.97962957E-02 
MO:31   -0.24346863E+00
31    1    0.65785125E-03 
31    2    -0.14813764E-02 
31    3    0.31393507E-02 
31    4    -0.25342701E-01 
31    5    -0.40059218E+00 
31    6    -0.20146686E-02 
31    7    0.94333498E-02 
31    8    0.31903186E-01 
31    9    0.13185477E-01 
31    10    -0.24380658E+00 
31    11    -0.22431555E-02 
31    12    0.84760519E-02 
31    13    -0.22225899E-01 
31    14    -0.24019422E-01 
31    15    0.43337871E-02 
31    16    -0.21259629E-02 
31    17    0.30795985E-02 
31    18    0.44631778E-01 
31    19    0.34388680E-01 
31    20    0.27354139E+00 
31    21    0.19308233E-02 
31    22    -0.82499458E-02 
31    23    -0.13535410E-01 
31    24    -0.45378333E-01 
31    25    -0.19039737E+00 
31    26    -0.28784380E-03 
31    27    -0.23929028E-02 
31    28    0.13900896E-01 
31    29    0.20291914E-01 
31    30    -0.40799188E+00 
31    31    0.15810412E-02 
31    32    -0.34730168E-01 
31    33    0.31067849E-01 
31    34    -0.27937886E-01 
31    35    0.20851164E-01 
31    36    -0.93172683E-01 
31    37    -0.65578191E-01 
31    38    -0.43036691E-02 
31    39    0.49003496E+00 
31    40    -0.29886324E-02 
31    41    0.13038857E-01 
31    42    -0.12068820E-02 
31    43    0.58302309E-02 
31    44    0.13489037E-01 
31    45    0.57284498E-02 
31    46    0.10799216E+00 
31    47    -0.20126457E-02 
31    48    0.97928480E-02 
31    49    -0.17039134E-03 
31    50    -0.11015180E-01 
31    51    0.88566144E-01 
31    52    0.17830612E-03 
31    53    -0.90929652E-03 
31    54    0.84056616E-02 
31    55    0.11365401E-02 
31    56    0.92086280E-01 
MO:32   -0.16388233E+00
32    1    -0.69734005E-04 
32    2    0.31588658E-03 
32    3    -0.62393089E-03 
32    4    -0.64955691E-03 
32    5    0.17937131E+00 
32    6    0.29072452E-03 
32    7    -0.95540554E-03 
32    8    -0.31322482E-02 
32    9    0.21126101E-03 
32    10    0.54521381E+00 
32    11    -0.35437573E-03 
32    12    0.19335338E-02 
32    13    0.39844420E-03 
32    14    -0.18339552E-02 
32    15    0.40874285E+00 
32    16    0.44974838E-03 
32    17    -0.12384571E-02 
32    18    -0.17615102E-02 
32    19    0.19720625E-03 
32    20    -0.21400210E-02 
32    21    0.31107552E-03 
32    22    -0.17914091E-02 
32    23    0.64734478E-03 
32    24    -0.18523464E-02 
32    25    -0.43787650E+00 
32    26    -0.19353497E-03 
32    27    0.51998627E-03 
32    28    0.20128209E-02 
32    29    0.24768605E-03 
32    30    -0.38617360E+00 
32    31    0.81859170E-03 
32    32    -0.11593773E-02 
32    33    0.18945945E-02 
32    34    -0.68025188E-03 
32    35    -0.26473087E-02 
32    36    0.12557425E-01 
32    37    0.61039649E-02 
32    38    -0.35429080E-02 
32    39    -0.61891781E-01 
32    40    0.15150187E-03 
32    41    -0.56053351E-02 
32    42    0.48861660E-04 
32    43    -0.23853044E-03 
32    44    -0.28079281E-03 
32    45    -0.28415932E-04 
32    46    -0.18738823E-01 
32    47    -0.77081561E-05 
32    48    0.26619497E-04 
32    49    -0.56448955E-03 
32    50    0.43299590E-03 
32    51    -0.65074023E-01 
32    52    0.12448094E-04 
32    53    -0.56784046E-04 
32    54    -0.12734489E-03 
32    55    0.13568783E-03 
32    56    -0.31635723E-02 
MO:33   -0.11143360E+00
33    1    0.63346781E-05 
33    2    -0.31729736E-04 
33    3    0.56508875E-04 
33    4    0.38908481E-05 
33    5    -0.86525792E-02 
33    6    -0.46067498E-05 
33    7    0.20709139E-04 
33    8    0.12190956E-03 
33    9    -0.20711060E-04 
33    10    -0.15284956E-01 
33    11    0.21395375E-04 
33    12    -0.12626215E-03 
33    13    -0.65281777E-05 
33    14    0.98869901E-04 
33    15    -0.26581048E-01 
33    16    -0.47491349E-05 
33    17    -0.46299540E-06 
33    18    0.24725763E-04 
33    19    0.51654515E-04 
33    20    -0.28848840E-03 
33    21    -0.25525034E-04 
33    22    0.15211382E-03 
33    23    -0.18275437E-04 
33    24    0.12179505E-03 
33    25    0.31211159E-01 
33    26    0.72209868E-05 
33    27    -0.27492566E-04 
33    28    -0.11763445E-03 
33    29    0.69811214E-07 
33    30    0.10523461E-01 
33    31    -0.46687930E-04 
33    32    0.80981759E-04 
33    33    -0.94183075E-04 
33    34    0.68644591E-04 
33    35    0.70603214E-04 
33    36    -0.34597751E-03 
33    37    -0.17355448E-03 
33    38    0.27893990E-03 
33    39    0.17175250E-02 
33    40    -0.14713401E-03 
33    41    0.35094161E-03 
33    42    -0.17136788E-05 
33    43    0.73226284E-05 
33    44    0.37943098E-05 
33    45    0.28477894E-04 
33    46    0.17444504E-02 
33    47    -0.20176474E-04 
33    48    0.83154877E-04 
33    49    0.37327047E-03 
33    50    -0.18802090E-03 
33    51    -0.70911527E+00 
33    52    0.21005431E-04 
33    53    -0.86566744E-04 
33    54    -0.26804110E-03 
33    55    -0.25190910E-04 
33    56    0.71154518E+00 
MO:34   -0.99492142E-01
34    1    0.68538049E-03 
34    2    -0.30988124E-02 
34    3    0.38895148E-02 
34    4    0.21748846E-03 
34    5    0.40644097E+00 
34    6    -0.18911819E-03 
34    7    0.69117757E-03 
34    8    -0.14738033E-03 
34    9    -0.75343700E-03 
34    10    0.80301973E-01 
34    11    0.48441988E-03 
34    12    -0.26327439E-02 
34    13    0.21016435E-02 
34    14    -0.61224147E-03 
34    15    -0.48537552E+00 
34    16    -0.27341850E-02 
34    17    0.34209209E-02 
34    18    0.40658714E-02 
34    19    0.12391532E-03 
34    20    -0.31426142E+00 
34    21    0.33067241E-03 
34    22    -0.15510918E-02 
34    23    0.20824657E-02 
34    24    0.20238683E-02 
34    25    -0.34691658E+00 
34    26    -0.90664284E-04 
34    27    0.41518005E-03 
34    28    -0.58882283E-03 
34    29    0.58786421E-03 
34    30    0.97715684E-01 
34    31    0.10099373E-02 
34    32    0.10219196E-02 
34    33    0.47108029E-03 
34    34    0.17542195E-02 
34    35    0.26102790E-01 
34    36    -0.13179525E+00 
34    37    -0.58680141E-01 
34    38    0.16080657E-02 
34    39    0.59567781E+00 
34    40    0.42078670E-01 
34    41    0.44663752E-01 
34    42    -0.32809836E-04 
34    43    -0.21006718E-04 
34    44    -0.38246849E-03 
34    45    0.32574416E-05 
34    46    -0.35591607E-02 
34    47    0.35588192E-04 
34    48    -0.14643563E-03 
34    49    0.65809051E-02 
34    50    -0.15791742E-02 
34    51    -0.86334018E-01 
34    52    0.30091052E-04 
34    53    -0.11954309E-03 
34    54    0.60375703E-02 
34    55    0.94822213E-03 
34    56    -0.85696625E-01 
MO:35   -0.90274439E-01
35    1    0.39760106E-01 
35    2    -0.20369189E+00 
35    3    0.43706204E+00 
35    4    0.65845718E-03 
35    5    -0.29497585E-02 
35    6    -0.69826733E-02 
35    7    0.19934915E-01 
35    8    -0.61011038E-01 
35    9    -0.82422987E-01 
35    10    -0.61829700E-03 
35    11    0.15846627E-01 
35    12    -0.68382553E-01 
35    13    0.11199103E+00 
35    14    0.36126086E-02 
35    15    0.57374122E-02 
35    16    0.64800741E-02 
35    17    -0.30737209E-01 
35    18    0.19323013E-01 
35    19    0.21864211E-01 
35    20    0.27675599E-02 
35    21    0.15779322E-01 
35    22    -0.62995225E-01 
35    23    0.83046454E-01 
35    24    0.12075844E-02 
35    25    0.41866264E-02 
35    26    -0.50034647E-02 
35    27    0.21514746E-01 
35    28    -0.59183947E-01 
35    29    0.85951454E-01 
35    30    -0.12720000E-02 
35    31    0.86408850E-01 
35    32    0.55164340E-01 
35    33    0.81494694E-01 
35    34    0.91520569E-01 
35    35    0.28903421E-02 
35    36    -0.16861725E-01 
35    37    0.36537018E-02 
35    38    -0.16854901E-02 
35    39    -0.97682081E-02 
35    40    -0.15591829E-02 
35    41    0.14403164E-01 
35    42    0.46739506E-02 
35    43    -0.42905862E-01 
35    44    -0.78197825E-01 
35    45    0.78201641E-03 
35    46    -0.54674163E-04 
35    47    0.23298856E-02 
35    48    -0.86227659E-02 
35    49    0.61458906E+00 
35    50    -0.12091061E+00 
35    51    0.13330331E-02 
35    52    0.23911963E-02 
35    53    -0.89239977E-02 
35    54    0.59966089E+00 
35    55    0.98584500E-01 
35    56    0.11895442E-02 
MO:36   -0.70316590E-01
36    1    0.58171801E-03 
36    2    -0.30088738E-02 
36    3    0.81751252E-02 
36    4    -0.11010945E-01 
36    5    0.67658566E-04 
36    6    0.10784316E-01 
36    7    -0.46049748E-01 
36    8    0.26679422E-01 
36    9    -0.17864742E-01 
36    10    -0.16740753E-03 
36    11    -0.56244986E-02 
36    12    0.25420259E-01 
36    13    -0.31888154E-01 
36    14    -0.19350435E-02 
36    15    -0.41164569E-03 
36    16    -0.97787556E-04 
36    17    0.63253369E-03 
36    18    -0.91837149E-03 
36    19    -0.17912811E-01 
36    20    -0.10989418E-03 
36    21    0.67994666E-02 
36    22    -0.29255576E-01 
36    23    0.24086109E-01 
36    24    -0.46173060E-02 
36    25    0.25464464E-03 
36    26    -0.10501730E-01 
36    27    0.47766944E-01 
36    28    -0.28999657E-01 
36    29    -0.14545579E-01 
36    30    0.19620208E-03 
36    31    -0.11915540E-02 
36    32    -0.34928579E-02 
36    33    0.40788932E-02 
36    34    0.33752738E-02 
36    35    -0.33145779E-03 
36    36    0.19000389E-02 
36    37    -0.13912015E-02 
36    38    0.18069640E-02 
36    39    0.60044925E-03 
36    40    0.58025098E-02 
36    41    -0.69584263E-02 
36    42    0.15482700E-03 
36    43    -0.11577733E-02 
36    44    -0.92371576E-03 
36    45    0.90854930E-02 
36    46    0.87589438E-06 
36    47    0.54887580E-03 
36    48    0.14739233E-02 
36    49    -0.49456554E+00 
36    50    0.51004079E+00 
36    51    -0.34037067E-03 
36    52    -0.65585826E-03 
36    53    -0.83962973E-03 
36    54    0.52257991E+00 
36    55    0.50855847E+00 
36    56    0.23630491E-03 
MO:37   0.51242559E-01
37    1    -0.26441712E-03 
37    2    0.13474642E-02 
37    3    -0.23628038E-03 
37    4    -0.52653011E-03 
37    5    0.27669131E+00 
37    6    -0.20145338E-03 
37    7    0.85112750E-03 
37    8    0.23665926E-02 
37    9    0.44415531E-03 
37    10    -0.44264035E+00 
37    11    -0.24595872E-04 
37    12    0.27067212E-03 
37    13    0.26626683E-04 
37    14    0.19280199E-02 
37    15    0.93165609E-01 
37    16    -0.95022645E-03 
37    17    0.95866554E-02 
37    18    0.59935768E-02 
37    19    -0.24756216E-02 
37    20    0.31285876E+00 
37    21    0.65712878E-03 
37    22    -0.37715698E-02 
37    23    -0.33652398E-03 
37    24    -0.51451592E-02 
37    25    -0.26974227E+00 
37    26    -0.32978080E-03 
37    27    0.15054910E-02 
37    28    0.15206226E-02 
37    29    -0.49356376E-03 
37    30    0.20364717E-03 
37    31    -0.68406240E-03 
37    32    -0.10360809E-02 
37    33    -0.32872422E-03 
37    34    -0.20527587E-02 
37    35    -0.10338047E-01 
37    36    0.59713335E-01 
37    37    0.33588139E-01 
37    38    -0.32426172E-02 
37    39    -0.20242230E+00 
37    40    -0.31018711E-01 
37    41    -0.37419669E-01 
37    42    0.10818492E-03 
37    43    -0.61220561E-03 
37    44    -0.75091781E-03 
37    45    0.35228410E-04 
37    46    0.53602939E+00 
37    47    -0.37452877E-04 
37    48    0.17415246E-03 
37    49    0.91532267E-03 
37    50    -0.24164095E-03 
37    51    -0.51530862E+00 
37    52    -0.35923512E-04 
37    53    0.17327404E-03 
37    54    0.95681041E-03 
37    55    -0.11142231E-04 
37    56    -0.50553788E+00 
MO:38   0.67839728E-01
38    1    -0.45781291E-05 
38    2    -0.31101754E-04 
38    3    -0.30034009E-03 
38    4    -0.50369861E-03 
38    5    0.32569231E-01 
38    6    0.31118192E-03 
38    7    -0.15654931E-02 
38    8    -0.29252450E-03 
38    9    -0.18745124E-03 
38    10    -0.45927303E+00 
38    11    -0.10130223E-02 
38    12    0.57967112E-02 
38    13    -0.55065894E-05 
38    14    -0.43375804E-02 
38    15    0.54365690E+00 
38    16    0.11529290E-03 
38    17    -0.26729591E-02 
38    18    -0.30202699E-02 
38    19    -0.51972468E-02 
38    20    -0.14513754E+00 
38    21    0.10938302E-02 
38    22    -0.61305619E-02 
38    23    -0.70407363E-03 
38    24    -0.24336830E-02 
38    25    -0.55374199E+00 
38    26    -0.17079909E-03 
38    27    0.80398236E-03 
38    28    -0.10912986E-02 
38    29    0.99317614E-04 
38    30    0.56335897E+00 
38    31    0.15124298E-02 
38    32    -0.15730166E-02 
38    33    0.27677640E-02 
38    34    -0.99166971E-03 
38    35    0.44847610E-02 
38    36    -0.26551706E-01 
38    37    -0.14175240E-01 
38    38    -0.11269419E-01 
38    39    0.78839435E-01 
38    40    0.26410088E-01 
38    41    0.51319005E-02 
38    42    0.40502163E-04 
38    43    -0.23612084E-03 
38    44    -0.89035448E-04 
38    45    -0.47165655E-04 
38    46    -0.25595803E+00 
38    47    -0.20459268E-06 
38    48    0.58480682E-05 
38    49    0.63906055E-04 
38    50    -0.46915419E-04 
38    51    0.20874719E+00 
38    52    0.92266924E-05 
38    53    -0.31602129E-04 
38    54    -0.70669944E-04 
38    55    -0.18700905E-03 
38    56    0.23341733E+00 
MO:39   0.10026819E+00
39    1    -0.79235333E-03 
39    2    0.39495912E-02 
39    3    -0.21116985E-02 
39    4    -0.80187398E-03 
39    5    0.48057617E+00 
39    6    -0.62831963E-03 
39    7    0.30905632E-02 
39    8    0.30650570E-02 
39    9    0.10332925E-02 
39    10    -0.16629030E+00 
39    11    0.73837670E-03 
39    12    -0.43456022E-02 
39    13    0.40770071E-03 
39    14    0.78397110E-02 
39    15    -0.41044058E+00 
39    16    -0.28601794E-02 
39    17    0.24682782E-01 
39    18    0.13618479E-01 
39    19    -0.12129367E-02 
39    20    0.66143414E+00 
39    21    0.42358843E-03 
39    22    -0.27644997E-02 
39    23    0.41653399E-03 
39    24    -0.97095773E-02 
39    25    -0.24097874E+00 
39    26    -0.57869768E-03 
39    27    0.28742556E-02 
39    28    0.24297054E-02 
39    29    -0.15505074E-02 
39    30    -0.18621158E+00 
39    31    -0.33607886E-02 
39    32    -0.60687081E-03 
39    33    -0.38510887E-02 
39    34    -0.47019017E-02 
39    35    -0.20710778E-01 
39    36    0.12513588E+00 
39    37    0.75440615E-01 
39    38    0.31012939E-02 
39    39    -0.34643490E+00 
39    40    -0.83735382E-01 
39    41    -0.78613581E-01 
39    42    0.48696105E-03 
39    43    -0.28593688E-02 
39    44    -0.19635745E-02 
39    45    -0.71823402E-04 
39    46    -0.39794757E+00 
39    47    -0.89228907E-04 
39    48    0.48543352E-03 
39    49    0.18718411E-02 
39    50    0.12420188E-03 
39    51    0.29299681E+00 
39    52    -0.93824518E-04 
39    53    0.52048410E-03 
39    54    0.20193374E-02 
39    55    -0.22935365E-03 
39    56    0.29323362E+00 
MO:40   0.14598852E+00
40    1    0.75425790E-01 
40    2    -0.35816711E+00 
40    3    0.75470857E+00 
40    4    0.97143139E-02 
40    5    0.94895207E-02 
40    6    0.24542797E-02 
40    7    -0.41793647E-01 
40    8    0.12104170E+00 
40    9    -0.71117806E-01 
40    10    -0.54737568E-02 
40    11    0.38421495E-01 
40    12    -0.20035930E+00 
40    13    0.17458979E+00 
40    14    -0.21173283E-01 
40    15    0.14513621E-02 
40    16    0.15773454E-01 
40    17    -0.87102288E-01 
40    18    0.40747532E-01 
40    19    0.68482135E-01 
40    20    0.52650824E-02 
40    21    0.27426003E-01 
40    22    -0.14648674E+00 
40    23    0.11203041E+00 
40    24    0.13803927E+00 
40    25    0.92255146E-03 
40    26    0.17980845E-01 
40    27    -0.10522141E+00 
40    28    0.78027746E-01 
40    29    0.10265644E+00 
40    30    -0.49135734E-02 
40    31    0.25401264E+00 
40    32    0.93603615E-01 
40    33    0.18469202E+00 
40    34    0.33186636E+00 
40    35    0.43863726E-02 
40    36    -0.29632339E-01 
40    37    -0.26825520E-01 
40    38    0.22070386E-01 
40    39    -0.10960462E-01 
40    40    -0.10498867E-01 
40    41    0.58370678E-01 
40    42    -0.11687699E+00 
40    43    0.68289009E+00 
40    44    0.49412467E+00 
40    45    -0.26805372E-02 
40    46    -0.24830170E-02 
40    47    0.16064805E-01 
40    48    -0.92981659E-01 
40    49    -0.33242247E+00 
40    50    -0.87632834E-01 
40    51    0.15539629E-02 
40    52    0.15564038E-01 
40    53    -0.90664922E-01 
40    54    -0.32563622E+00 
40    55    0.97549986E-01 
40    56    0.15513279E-02 
MO:41   0.22933770E+00
41    1    -0.21145201E-03 
41    2    0.99413369E-03 
41    3    -0.16071314E-01 
41    4    0.15754239E-02 
41    5    0.64261988E+00 
41    6    -0.73651926E-03 
41    7    0.45076241E-02 
41    8    0.25438677E-02 
41    9    0.25078382E-02 
41    10    -0.51749134E+00 
41    11    -0.24479041E-03 
41    12    0.27493868E-02 
41    13    -0.23524483E-02 
41    14    -0.65741098E-02 
41    15    0.37933466E+00 
41    16    0.21590183E-02 
41    17    -0.20009099E-01 
41    18    -0.59652793E-03 
41    19    0.14721753E-02 
41    20    -0.40748137E+00 
41    21    -0.14274278E-03 
41    22    0.14046557E-02 
41    23    -0.49692294E-02 
41    24    0.14077417E-01 
41    25    0.48499313E+00 
41    26    -0.20495173E-03 
41    27    0.11870337E-02 
41    28    0.26238650E-02 
41    29    0.70843831E-03 
41    30    -0.62881880E+00 
41    31    -0.49529581E-02 
41    32    -0.33903961E-02 
41    33    0.47292675E-02 
41    34    0.85205057E-03 
41    35    0.23914579E-01 
41    36    -0.15953557E+00 
41    37    -0.91642708E-01 
41    38    -0.51451198E-03 
41    39    0.13003055E+00 
41    40    0.12270316E+00 
41    41    0.12146327E+00 
41    42    0.16349786E-02 
41    43    -0.98236094E-02 
41    44    -0.57341786E-02 
41    45    0.20400846E-03 
41    46    -0.15023985E+00 
41    47    -0.25522901E-03 
41    48    0.15677951E-02 
41    49    0.34686841E-02 
41    50    0.20742741E-02 
41    51    0.74567738E-01 
41    52    -0.25203668E-03 
41    53    0.15036415E-02 
41    54    0.33778819E-02 
41    55    -0.16108185E-02 
41    56    0.73142721E-01 
MO:42   0.25998180E+00
42    1    -0.53228436E-02 
42    2    0.38672525E-01 
42    3    0.19850423E+00 
42    4    -0.12538334E+00 
42    5    -0.63777431E-02 
42    6    0.27507049E-01 
42    7    -0.15867025E+00 
42    8    -0.18636378E-01 
42    9    -0.13416222E+00 
42    10    0.11332196E-01 
42    11    -0.18602980E-01 
42    12    0.10891037E+00 
42    13    0.28603106E-01 
42    14    -0.22605886E+00 
42    15    -0.19191537E-01 
42    16    -0.83515238E-01 
42    17    0.46742442E+00 
42    18    -0.49458370E-01 
42    19    -0.58228612E+00 
42    20    0.11987988E-01 
42    21    0.90094173E-01 
42    22    -0.51034800E+00 
42    23    -0.11443714E+00 
42    24    -0.62087452E+00 
42    25    0.23842793E-02 
42    26    -0.48728781E-01 
42    27    0.26568895E+00 
42    28    0.76149959E-01 
42    29    -0.22658678E+00 
42    30    0.24139755E-02 
42    31    0.23708296E+00 
42    32    0.12836205E+00 
42    33    -0.20216932E+00 
42    34    -0.37290107E+00 
42    35    0.57011728E-01 
42    36    -0.37972486E+00 
42    37    0.60104049E-01 
42    38    -0.44412979E+00 
42    39    -0.65248324E-01 
42    40    0.65419355E+00 
42    41    -0.29043168E+00 
42    42    -0.18571307E-01 
42    43    0.11199649E+00 
42    44    0.62158909E-01 
42    45    -0.17007128E-01 
42    46    0.14434511E-02 
42    47    0.20984545E-02 
42    48    -0.16171134E-01 
42    49    -0.29469697E-01 
42    50    -0.49047159E-01 
42    51    -0.58961422E-03 
42    52    0.25604840E-02 
42    53    -0.14029015E-01 
42    54    -0.31674666E-01 
42    55    0.25742370E-02 
42    56    -0.73056378E-03 
MO:43   0.29648757E+00
43    1    -0.42061143E-02 
43    2    0.20748957E-01 
43    3    0.63294993E-01 
43    4    -0.19997881E-01 
43    5    0.47085172E-01 
43    6    0.54403994E-01 
43    7    -0.31526213E+00 
43    8    -0.12551786E+00 
43    9    -0.13024172E+00 
43    10    -0.44518715E-01 
43    11    -0.39668258E-01 
43    12    0.21168228E+00 
43    13    -0.10540726E+00 
43    14    -0.13538141E+00 
43    15    0.63035040E-01 
43    16    0.42547912E-01 
43    17    -0.23674522E+00 
43    18    -0.21551696E+00 
43    19    -0.10655970E+00 
43    20    -0.12123858E+00 
43    21    -0.67312955E-02 
43    22    0.42772391E-01 
43    23    0.40271006E-02 
43    24    -0.11461002E+00 
43    25    0.69224925E-01 
43    26    0.10019708E-01 
43    27    -0.61367238E-01 
43    28    -0.38912746E-01 
43    29    -0.14706363E-01 
43    30    -0.56354667E-01 
43    31    0.24514323E+00 
43    32    0.11213349E+00 
43    33    -0.40433072E-01 
43    34    -0.33442928E-02 
43    35    -0.17287561E+00 
43    36    0.11978951E+01 
43    37    0.34563866E+00 
43    38    -0.14455453E+00 
43    39    0.29320180E+00 
43    40    -0.67660371E+00 
43    41    -0.95232941E+00 
43    42    -0.52485296E-02 
43    43    0.33012209E-01 
43    44    0.81917895E-02 
43    45    -0.19114500E-02 
43    46    -0.84570260E-02 
43    47    0.14498328E-02 
43    48    -0.91092671E-02 
43    49    -0.10080724E-01 
43    50    -0.13080410E-01 
43    51    0.37264258E-02 
43    52    0.25313797E-02 
43    53    -0.13888039E-01 
43    54    -0.20021748E-01 
43    55    0.23914991E-03 
43    56    0.35711269E-02 
MO:44   0.32444749E+00
44    1    -0.35281350E-01 
44    2    0.20410215E+00 
44    3    -0.19103302E+00 
44    4    0.91196164E-01 
44    5    -0.90180316E-02 
44    6    0.87128132E-01 
44    7    -0.51375081E+00 
44    8    -0.13604909E+00 
44    9    -0.18564995E-01 
44    10    0.98008275E-02 
44    11    -0.16905670E-01 
44    12    0.87502099E-01 
44    13    -0.37050550E+00 
44    14    -0.13900005E+00 
44    15    -0.21751501E-01 
44    16    0.15356087E-04 
44    17    -0.30449577E-01 
44    18    -0.22986982E+00 
44    19    -0.14436832E+00 
44    20    0.40489181E-01 
44    21    0.11818570E+00 
44    22    -0.70916110E+00 
44    23    -0.42955335E+00 
44    24    0.37880334E+00 
44    25    -0.12537725E-01 
44    26    0.40188428E-01 
44    27    -0.26630558E+00 
44    28    0.25410853E+00 
44    29    0.20940860E+00 
44    30    0.94071687E-02 
44    31    0.22936878E+00 
44    32    0.23388935E+00 
44    33    0.86640943E+00 
44    34    0.43798175E+00 
44    35    -0.34149125E-02 
44    36    0.28312108E-01 
44    37    -0.27032866E+00 
44    38    -0.16229763E+00 
44    39    -0.36032065E-01 
44    40    0.29255108E+00 
44    41    -0.70852970E-01 
44    42    0.28752565E-01 
44    43    -0.17707961E+00 
44    44    -0.80887976E-01 
44    45    0.35674747E-01 
44    46    0.13659837E-02 
44    47    -0.62586297E-02 
44    48    0.42005298E-01 
44    49    0.63806526E-01 
44    50    0.69280068E-01 
44    51    -0.55498312E-03 
44    52    -0.10979299E-02 
44    53    0.80108341E-02 
44    54    0.14438599E-01 
44    55    -0.30300690E-01 
44    56    -0.59563744E-03 
MO:45   0.36570523E+00
45    1    0.10386993E+00 
45    2    -0.63812540E+00 
45    3    0.24958237E-01 
45    4    0.39669255E-01 
45    5    0.75731824E-02 
45    6    -0.13967697E+00 
45    7    0.85325359E+00 
45    8    -0.33350303E+00 
45    9    0.28386755E+00 
45    10    -0.83904696E-02 
45    11    0.42959998E-01 
45    12    -0.24453437E+00 
45    13    0.47246603E-01 
45    14    0.17638536E+00 
45    15    0.15636423E-01 
45    16    -0.78783834E-01 
45    17    0.47659457E+00 
45    18    -0.15565458E+00 
45    19    -0.54392741E-01 
45    20    -0.35862978E-01 
45    21    0.10033181E+00 
45    22    -0.59695178E+00 
45    23    -0.23200327E+00 
45    24    0.11176211E+00 
45    25    0.17696414E-01 
45    26    -0.99360396E-01 
45    27    0.59917168E+00 
45    28    -0.15851723E+00 
45    29    0.80096779E-01 
45    30    -0.11530437E-01 
45    31    -0.84210949E+00 
45    32    -0.75401485E-02 
45    33    0.50663501E+00 
45    34    -0.33621116E+00 
45    35    -0.16053922E-01 
45    36    0.12407977E+00 
45    37    0.22788877E+00 
45    38    -0.48150758E-01 
45    39    0.59782388E-01 
45    40    -0.12191813E+00 
45    41    -0.23439495E+00 
45    42    -0.31863782E-01 
45    43    0.19975708E+00 
45    44    0.78880970E-01 
45    45    0.25613406E-01 
45    46    -0.10421918E-02 
45    47    0.34446257E-02 
45    48    -0.22379886E-01 
45    49    -0.33421093E-01 
45    50    -0.41827256E-01 
45    51    0.43629096E-03 
45    52    0.52515715E-02 
45    53    -0.37596434E-01 
45    54    -0.49342799E-01 
45    55    0.83239630E-01 
45    56    0.38932613E-03 
MO:46   0.37331002E+00
46    1    0.43014410E-01 
46    2    -0.28552018E+00 
46    3    -0.77857090E-01 
46    4    0.38202665E-01 
46    5    -0.50567218E-02 
46    6    -0.31613597E-01 
46    7    0.21316936E+00 
46    8    -0.23979108E+00 
46    9    0.97880495E-01 
46    10    0.74842154E-02 
46    11    -0.13984061E+00 
46    12    0.86756039E+00 
46    13    0.34728807E+00 
46    14    -0.80714049E-01 
46    15    -0.19378666E-01 
46    16    0.12608450E+00 
46    17    -0.76318388E+00 
46    18    0.33262318E+00 
46    19    -0.95529274E-01 
46    20    0.19930598E-01 
46    21    -0.61503118E-01 
46    22    0.35164795E+00 
46    23    0.14388046E+00 
46    24    0.24599502E+00 
46    25    -0.41779422E-02 
46    26    0.11075511E-01 
46    27    -0.52839301E-01 
46    28    -0.72900808E-02 
46    29    0.30796573E+00 
46    30    0.32463292E-02 
46    31    -0.27391701E+00 
46    32    -0.58699779E+00 
46    33    -0.43644603E-01 
46    34    0.28126237E+00 
46    35    -0.28255476E-02 
46    36    0.46191768E-02 
46    37    -0.12483478E+00 
46    38    -0.61015684E+00 
46    39    -0.22125948E-01 
46    40    0.56649408E+00 
46    41    -0.46165769E+00 
46    42    -0.60928511E-02 
46    43    0.39037928E-01 
46    44    0.83927187E-02 
46    45    0.32215237E-01 
46    46    0.74588107E-03 
46    47    0.77309722E-03 
46    48    -0.20695198E-02 
46    49    -0.35146527E-02 
46    50    0.12879997E-01 
46    51    -0.26547514E-03 
46    52    0.33492539E-02 
46    53    -0.22554815E-01 
46    54    -0.26435173E-01 
46    55    0.34668327E-01 
46    56    -0.32893871E-03 
MO:47   0.39401176E+00
47    1    -0.11699252E+00 
47    2    0.76469720E+00 
47    3    0.75090693E-01 
47    4    -0.79017534E-01 
47    5    0.83160878E-02 
47    6    -0.30805042E-01 
47    7    0.17344489E+00 
47    8    0.45097760E+00 
47    9    0.45241933E+00 
47    10    -0.63621246E-02 
47    11    0.61384614E-01 
47    12    -0.35442836E+00 
47    13    0.37887068E+00 
47    14    0.30041434E+00 
47    15    0.20347140E-01 
47    16    -0.10394556E+00 
47    17    0.66301971E+00 
47    18    0.86922924E-01 
47    19    -0.30891857E-02 
47    20    -0.53618067E-01 
47    21    0.33045373E-01 
47    22    -0.23135589E+00 
47    23    -0.56309764E-01 
47    24    -0.20587203E+00 
47    25    0.21749450E-01 
47    26    0.10668793E+00 
47    27    -0.68100680E+00 
47    28    0.49549832E+00 
47    29    0.77349820E-01 
47    30    -0.10531936E-01 
47    31    -0.23578830E+00 
47    32    -0.23695803E+00 
47    33    -0.24542243E-01 
47    34    0.61815949E+00 
47    35    0.15458183E-01 
47    36    -0.10378649E+00 
47    37    0.45821117E+00 
47    38    -0.16011652E+00 
47    39    0.49446287E-01 
47    40    -0.44225326E-01 
47    41    -0.29351555E+00 
47    42    0.32065973E-01 
47    43    -0.20633988E+00 
47    44    -0.22090200E-01 
47    45    -0.73508289E-02 
47    46    -0.12282350E-02 
47    47    -0.68490790E-02 
47    48    0.45717791E-01 
47    49    0.38754034E-01 
47    50    0.84005223E-01 
47    51    0.48694608E-03 
47    52    -0.11656134E-01 
47    53    0.71838822E-01 
47    54    0.74701926E-01 
47    55    -0.65746125E-01 
47    56    0.48726519E-03 
MO:48   0.44061697E+00
48    1    -0.21808643E-01 
48    2    0.12832300E+00 
48    3    0.12895016E+00 
48    4    0.14927717E+00 
48    5    0.29271959E-02 
48    6    0.95500565E-01 
48    7    -0.59551107E+00 
48    8    -0.31311598E+00 
48    9    -0.35638064E-02 
48    10    -0.48392429E-02 
48    11    -0.15664468E+00 
48    12    0.99881702E+00 
48    13    -0.90124423E-01 
48    14    0.46597420E+00 
48    15    0.90549462E-02 
48    16    -0.43238888E-01 
48    17    0.30252323E+00 
48    18    0.21064716E+00 
48    19    -0.37467916E+00 
48    20    -0.24764750E-01 
48    21    0.71407799E-01 
48    22    -0.46926950E+00 
48    23    0.53313606E-01 
48    24    -0.70607782E-01 
48    25    0.63892831E-02 
48    26    -0.40147386E-01 
48    27    0.27012735E+00 
48    28    0.20761461E+00 
48    29    0.11994582E-01 
48    30    -0.20205251E-02 
48    31    0.16577394E+00 
48    32    -0.82718758E+00 
48    33    0.94630590E-01 
48    34    -0.24594395E-01 
48    35    0.27360981E-01 
48    36    -0.20028431E+00 
48    37    0.27438348E+00 
48    38    0.48764955E+00 
48    39    0.24298445E-02 
48    40    -0.35674699E+00 
48    41    0.30430414E+00 
48    42    -0.35844521E-01 
48    43    0.23785961E+00 
48    44    -0.14991731E+00 
48    45    0.13634365E+00 
48    46    -0.44410958E-03 
48    47    0.64034235E-02 
48    48    -0.43315284E-01 
48    49    0.31251210E-01 
48    50    -0.97655761E-01 
48    51    0.15337760E-03 
48    52    0.26317651E-01 
48    53    -0.17610514E+00 
48    54    -0.11550467E+00 
48    55    0.21328695E+00 
48    56    0.63044316E-04 
MO:49   0.45532286E+00
49    1    -0.26391737E-01 
49    2    0.16048938E+00 
49    3    -0.10049838E+00 
49    4    -0.72608829E-01 
49    5    -0.87174797E-03 
49    6    -0.93698344E-02 
49    7    0.62059951E-01 
49    8    -0.61556461E-01 
49    9    0.96266691E-01 
49    10    0.75268237E-03 
49    11    0.30558702E-01 
49    12    -0.20075198E+00 
49    13    -0.14119078E+00 
49    14    -0.81777067E-01 
49    15    -0.30583505E-02 
49    16    -0.43104820E-02 
49    17    0.19591260E-01 
49    18    -0.10748014E+00 
49    19    0.10742114E+00 
49    20    0.88829910E-02 
49    21    -0.28296858E-01 
49    22    0.18145136E+00 
49    23    -0.42715186E-01 
49    24    -0.13253272E+00 
49    25    -0.27781011E-02 
49    26    0.45371135E-01 
49    27    -0.30175468E+00 
49    28    0.23841899E-01 
49    29    0.10543481E+00 
49    30    0.10759823E-02 
49    31    -0.13611726E+00 
49    32    0.21465018E+00 
49    33    -0.13957082E+00 
49    34    0.20921199E+00 
49    35    -0.31347429E-02 
49    36    0.24858422E-01 
49    37    -0.88292325E-01 
49    38    -0.88532010E-01 
49    39    -0.75856516E-02 
49    40    0.88173578E-01 
49    41    -0.23062247E-01 
49    42    -0.12989810E+00 
49    43    0.87535570E+00 
49    44    -0.81071882E+00 
49    45    -0.18525306E-01 
49    46    -0.35623944E-03 
49    47    0.70530954E-01 
49    48    -0.47788125E+00 
49    49    -0.15411827E+00 
49    50    -0.68206333E+00 
49    51    0.14794457E-04 
49    52    0.66159007E-01 
49    53    -0.44998218E+00 
49    54    -0.11574730E+00 
49    55    0.67164883E+00 
49    56    -0.97633498E-04 
MO:50   0.48042647E+00
50    1    -0.22936641E-01 
50    2    0.16936744E+00 
50    3    -0.19494021E+00 
50    4    0.17172886E+00 
50    5    0.88740783E-03 
50    6    -0.23226885E-03 
50    7    -0.21936398E-01 
50    8    0.73895953E+00 
50    9    -0.24088328E+00 
50    10    0.12355227E-02 
50    11    0.29962841E-01 
50    12    -0.17741577E+00 
50    13    0.56360320E+00 
50    14    0.13390264E+00 
50    15    0.53104725E-02 
50    16    0.14449402E-01 
50    17    -0.81790792E-01 
50    18    0.21128871E+00 
50    19    0.42113347E-01 
50    20    -0.17596174E-01 
50    21    0.31636355E-01 
50    22    -0.19661452E+00 
50    23    -0.51018884E-01 
50    24    0.57716392E+00 
50    25    0.64814369E-02 
50    26    -0.62532851E-01 
50    27    0.41516014E+00 
50    28    -0.13563160E+00 
50    29    -0.45471435E+00 
50    30    -0.33467986E-02 
50    31    0.47412524E+00 
50    32    -0.24571002E+00 
50    33    0.47552733E+00 
50    34    -0.54408028E+00 
50    35    0.95035227E-03 
50    36    -0.11007042E-01 
50    37    0.17117475E+00 
50    38    -0.16604084E+00 
50    39    0.21371818E-01 
50    40    0.35946755E-01 
50    41    -0.21143784E+00 
50    42    -0.19003316E-01 
50    43    0.13347320E+00 
50    44    -0.26445007E+00 
50    45    -0.95796025E-01 
50    46    -0.30517190E-03 
50    47    0.19477971E-01 
50    48    -0.13822584E+00 
50    49    -0.43411412E-01 
50    50    -0.21477755E+00 
50    51    0.85040895E-04 
50    52    0.97995321E-02 
50    53    -0.66997032E-01 
50    54    0.30091647E-01 
50    55    0.10896067E+00 
50    56    0.66463864E-04 
MO:51   0.51910652E+00
51    1    -0.13085309E-01 
51    2    0.96046348E-01 
51    3    0.37132057E-01 
51    4    0.25062231E+00 
51    5    0.15901751E-03 
51    6    0.31451745E-01 
51    7    -0.22052517E+00 
51    8    0.17858382E+00 
51    9    0.15533550E+00 
51    10    0.69815546E-03 
51    11    0.35182089E-01 
51    12    -0.23667129E+00 
51    13    -0.10154257E+00 
51    14    0.44197433E-01 
51    15    -0.39422435E-03 
51    16    -0.13113611E-01 
51    17    0.88001555E-01 
51    18    -0.18659661E-01 
51    19    0.24593798E+00 
51    20    -0.75994796E-03 
51    21    -0.10484645E-01 
51    22    0.71428614E-01 
51    23    0.12823217E+00 
51    24    -0.45808951E-02 
51    25    0.93114764E-03 
51    26    -0.32462227E-01 
51    27    0.23198542E+00 
51    28    -0.98940183E-01 
51    29    0.30911112E-01 
51    30    -0.42353569E-03 
51    31    0.47013715E-01 
51    32    0.94000639E-01 
51    33    -0.62771712E-01 
51    34    -0.10558848E+00 
51    35    0.24807324E-02 
51    36    -0.18138202E-01 
51    37    0.13187912E-01 
51    38    -0.18745438E+00 
51    39    -0.11281471E-02 
51    40    0.12282800E+00 
51    41    -0.11686230E+00 
51    42    -0.37251917E-03 
51    43    0.24240824E-02 
51    44    -0.25234972E-03 
51    45    0.11010848E+01 
51    46    -0.12576069E-03 
51    47    -0.68460656E-01 
51    48    0.47995435E+00 
51    49    0.45737950E+00 
51    50    0.46945816E+00 
51    51    0.14030971E-03 
51    52    0.68582234E-01 
51    53    -0.48186841E+00 
51    54    -0.44828866E+00 
51    55    0.48388804E+00 
51    56    -0.21631710E-03 
MO:52   0.56716510E+00
52    1    -0.19028554E-02 
52    2    0.56626869E-03 
52    3    0.17344659E+00 
52    4    0.26617748E+00 
52    5    0.10068822E-02 
52    6    0.75205008E-01 
52    7    -0.52124665E+00 
52    8    -0.18620618E+00 
52    9    -0.70922208E-01 
52    10    -0.62894224E-03 
52    11    0.27852753E-01 
52    12    -0.19957196E+00 
52    13    -0.61140084E+00 
52    14    0.80074163E+00 
52    15    -0.14853644E-02 
52    16    -0.94498476E-01 
52    17    0.65814617E+00 
52    18    -0.84641668E-01 
52    19    0.80611549E+00 
52    20    -0.59002139E-02 
52    21    -0.45692234E-01 
52    22    0.33685406E+00 
52    23    -0.34178875E-01 
52    24    0.13133829E-01 
52    25    0.24320320E-02 
52    26    -0.51387140E-03 
52    27    0.10264913E-01 
52    28    -0.31117634E+00 
52    29    0.15028117E-01 
52    30    -0.23085991E-02 
52    31    0.17474853E+00 
52    32    -0.30074224E+00 
52    33    -0.59465379E-01 
52    34    -0.10863195E+00 
52    35    0.24990973E-01 
52    36    -0.18509359E+00 
52    37    0.12326141E+00 
52    38    -0.52174269E+00 
52    39    -0.14242516E-01 
52    40    0.36803715E+00 
52    41    -0.28940479E+00 
52    42    -0.27417482E-02 
52    43    0.16111033E-01 
52    44    0.72424818E-01 
52    45    -0.27632107E+00 
52    46    -0.35216680E-05 
52    47    0.14536465E-01 
52    48    -0.10259247E+00 
52    49    -0.11139270E+00 
52    50    -0.91763777E-01 
52    51    -0.11089129E-04 
52    52    -0.17397071E-01 
52    53    0.12615518E+00 
52    54    0.89727033E-01 
52    55    -0.14358155E+00 
52    56    0.56877897E-04 
MO:53   0.58846344E+00
53    1    0.10396393E+00 
53    2    -0.80200813E+00 
53    3    -0.44003682E+00 
53    4    -0.34881757E-01 
53    5    0.17249970E-02 
53    6    -0.31612138E-01 
53    7    0.23278710E+00 
53    8    -0.84597868E-02 
53    9    -0.59022853E+00 
53    10    -0.41422759E-02 
53    11    0.21888750E-01 
53    12    -0.15008545E+00 
53    13    -0.17217221E+00 
53    14    -0.24852676E+00 
53    15    0.13782578E-01 
53    16    -0.84021557E-01 
53    17    0.59963299E+00 
53    18    0.88868334E+00 
53    19    -0.70760249E-02 
53    20    -0.54727718E-01 
53    21    -0.24645596E-01 
53    22    0.16529891E+00 
53    23    -0.16626341E+00 
53    24    0.16371396E-01 
53    25    0.11592698E-01 
53    26    -0.76682062E-02 
53    27    0.49097734E-01 
53    28    -0.10225087E+00 
53    29    0.59273117E+00 
53    30    -0.55816259E-02 
53    31    0.26792269E+00 
53    32    0.30608332E+00 
53    33    0.45433350E-02 
53    34    0.30191264E+00 
53    35    0.74951451E-01 
53    36    -0.59240914E+00 
53    37    0.75739245E+00 
53    38    0.16884163E-01 
53    39    -0.19364271E-02 
53    40    -0.10656878E+00 
53    41    -0.72462340E-01 
53    42    0.17898384E-02 
53    43    -0.10724904E-01 
53    44    -0.21801687E-01 
53    45    0.50242338E-01 
53    46    -0.26060334E-03 
53    47    -0.49825098E-03 
53    48    0.76988132E-02 
53    49    0.64216512E-02 
53    50    0.23876203E-01 
53    51    0.80273091E-04 
53    52    0.50873266E-02 
53    53    -0.32929728E-01 
53    54    -0.27514316E-01 
53    55    0.18933837E-01 
53    56    0.55373620E-04 
MO:54   0.65363423E+00
54    1    -0.60682843E-01 
54    2    0.48926156E+00 
54    3    0.16362742E+00 
54    4    0.22373058E+00 
54    5    0.10213814E-02 
54    6    0.56121567E-01 
54    7    -0.41028197E+00 
54    8    -0.18671602E+00 
54    9    0.54458385E+00 
54    10    -0.16712713E-02 
54    11    -0.49099253E-02 
54    12    0.15720115E-01 
54    13    -0.41123871E+00 
54    14    -0.49254835E+00 
54    15    0.36441525E-02 
54    16    0.16826401E-01 
54    17    -0.95506408E-01 
54    18    0.59124577E+00 
54    19    0.25180558E+00 
54    20    -0.22550127E-01 
54    21    0.48811491E-01 
54    22    -0.42722193E+00 
54    23    0.84908197E+00 
54    24    0.32813874E+00 
54    25    0.70656061E-02 
54    26    -0.87334766E-01 
54    27    0.70546400E+00 
54    28    0.63003842E+00 
54    29    -0.30821899E+00 
54    30    0.16032139E-02 
54    31    -0.24019730E+00 
54    32    0.43503308E+00 
54    33    0.15928897E-01 
54    34    -0.18619419E+00 
54    35    0.28976085E-01 
54    36    -0.24423521E+00 
54    37    0.31694810E+00 
54    38    -0.95464241E-01 
54    39    -0.12325288E-02 
54    40    0.78612882E-02 
54    41    -0.10162592E+00 
54    42    0.13864298E-02 
54    43    -0.92549430E-02 
54    44    -0.23873083E-01 
54    45    -0.18098367E+00 
54    46    -0.90442698E-04 
54    47    0.84415816E-02 
54    48    -0.66503838E-01 
54    49    -0.41356620E-01 
54    50    -0.84319849E-01 
54    51    0.26410891E-04 
54    52    -0.10753524E-01 
54    53    0.76049915E-01 
54    54    0.66832206E-01 
54    55    -0.62256074E-01 
54    56    0.66142265E-04 
MO:55   0.77880584E+00
55    1    0.50070243E-01 
55    2    -0.42435018E+00 
55    3    -0.29384524E+00 
55    4    0.11717444E+01 
55    5    -0.11401144E-02 
55    6    0.37590629E-01 
55    7    -0.34904478E+00 
55    8    0.49151387E+00 
55    9    0.26362261E+00 
55    10    0.21045476E-02 
55    11    0.20487657E-01 
55    12    -0.15589525E+00 
55    13    0.18566928E+00 
55    14    -0.25162316E-01 
55    15    -0.11892729E-02 
55    16    0.44381400E-02 
55    17    -0.55980864E-01 
55    18    -0.37392226E+00 
55    19    -0.10526304E+00 
55    20    0.11876132E-01 
55    21    0.43231142E-01 
55    22    -0.35360346E+00 
55    23    0.33163552E+00 
55    24    -0.40625547E+00 
55    25    -0.38871908E-03 
55    26    -0.12732010E+00 
55    27    0.10593223E+01 
55    28    0.32839749E-01 
55    29    0.94988674E+00 
55    30    0.83741421E-03 
55    31    0.11434781E+00 
55    32    0.77982444E-02 
55    33    -0.18425330E+00 
55    34    0.17930744E+00 
55    35    -0.23429684E-01 
55    36    0.19932721E+00 
55    37    -0.20344960E+00 
55    38    0.49583150E-01 
55    39    0.76591946E-02 
55    40    -0.17841506E-01 
55    41    0.36271354E-01 
55    42    0.25680382E-02 
55    43    -0.17970736E-01 
55    44    -0.25145077E-01 
55    45    -0.24525998E+00 
55    46    0.51692536E-04 
55    47    0.13461457E-01 
55    48    -0.99181088E-01 
55    49    -0.69132148E-01 
55    50    -0.86858384E-01 
55    51    -0.32649713E-04 
55    52    -0.12414784E-01 
55    53    0.92031450E-01 
55    54    0.71473597E-01 
55    55    -0.85166935E-01 
55    56    0.27402579E-04 
MO:56   0.79992570E+00
56    1    0.65968742E-01 
56    2    -0.55313281E+00 
56    3    -0.42801176E+00 
56    4    -0.68227876E+00 
56    5    -0.16582634E-02 
56    6    -0.74895183E-01 
56    7    0.60526011E+00 
56    8    -0.81114093E-01 
56    9    -0.76313810E+00 
56    10    0.13752275E-04 
56    11    0.29767035E-01 
56    12    -0.22357813E+00 
56    13    0.27674305E-01 
56    14    0.41821062E+00 
56    15    -0.16162597E-02 
56    16    -0.25550355E-02 
56    17    0.10747064E-01 
56    18    -0.43611223E+00 
56    19    0.30576296E+00 
56    20    0.12476329E-01 
56    21    0.78917257E-01 
56    22    -0.70274010E+00 
56    23    0.82023458E+00 
56    24    -0.46954612E-01 
56    25    0.17180785E-02 
56    26    -0.69613558E-01 
56    27    0.57430419E+00 
56    28    0.94210311E+00 
56    29    0.58101182E-01 
56    30    0.44227682E-02 
56    31    0.18702832E+00 
56    32    -0.16633638E+00 
56    33    -0.66715807E-01 
56    34    0.15051839E+00 
56    35    -0.25130815E-01 
56    36    0.21549880E+00 
56    37    -0.21796624E+00 
56    38    -0.10724571E+00 
56    39    0.87898568E-02 
56    40    0.66490000E-01 
56    41    -0.48381065E-01 
56    42    0.40895099E-02 
56    43    -0.28687118E-01 
56    44    -0.37705354E-01 
56    45    0.95166354E-01 
56    46    0.41379776E-04 
56    47    -0.50029615E-02 
56    48    0.35154897E-01 
56    49    0.36152250E-01 
56    50    0.26332966E-01 
56    51    -0.61495444E-05 
56    52    0.60171406E-02 
56    53    -0.43156766E-01 
56    54    -0.26621161E-01 
56    55    0.33479594E-01 
56    56    -0.34356249E-04 
