0.0  0.464058  -6270.292684  -6269.828626
0.5  0.530735  -6270.360371  -6269.829637
1.0  0.594280  -6270.425212  -6269.830933
1.5  0.637097  -6270.469082  -6269.831985
2.0  0.646616  -6270.478833  -6269.832217
2.5  0.623184  -6270.454434  -6269.831250
3.0  0.584243  -6270.413742  -6269.829499
3.5  0.557931  -6270.386059  -6269.828128
4.0  0.565872  -6270.394146  -6269.828274
4.5  0.607872  -6270.437809  -6269.829937
5.0  0.662831  -6270.494739  -6269.831908
5.5  0.704242  -6270.537261  -6269.833019
6.0  0.715365  -6270.548559  -6269.833194
6.5  0.694031  -6270.526844  -6269.832813
7.0  0.648879  -6270.481124  -6269.832245
7.5  0.593200  -6270.425140  -6269.831940
8.0  0.540282  -6270.372085  -6269.831803
8.5  0.500845  -6270.333030  -6269.832185
9.0  0.482099  -6270.315060  -6269.832960
9.5  0.487245  -6270.321264  -6269.834019
10.0  0.514656  -6270.350287  -6269.835631
10.5  0.557508  -6270.395400  -6269.837892
11.0  0.604112  -6270.444568  -6269.840456
11.5  0.639524  -6270.482951  -6269.843428
12.0  0.649493  -6270.495650  -6269.846157
12.5  0.626603  -6270.474913  -6269.848310
13.0  0.576543  -6270.426304  -6269.849762
13.5  0.519585  -6270.370481  -6269.850896
14.0  0.482123  -6270.335312  -6269.853189
14.5  0.480646  -6270.338222  -6269.857576
15.0  0.510381  -6270.374240  -6269.863859
15.5  0.549176  -6270.420342  -6269.871166
16.0  0.572315  -6270.450974  -6269.878659
16.5  0.565430  -6270.451227  -6269.885796
17.0  0.527728  -6270.420820  -6269.893093
17.5  0.468387  -6270.369210  -6269.900823
18.0  0.401224  -6270.310075  -6269.908851
18.5  0.340200  -6270.257281  -6269.917081
19.0  0.297074  -6270.222024  -6269.924949
19.5  0.280180  -6270.211973  -6269.931793
20.0  0.293794  -6270.230351  -6269.936556
20.5  0.337698  -6270.275758  -6269.938060
21.0  0.403623  -6270.346257  -6269.942634
21.5  0.477340  -6270.430284  -6269.952944
22.0  0.544624  -6270.513141  -6269.968517
22.5  0.593377  -6270.580698  -6269.987321
23.0  0.617922  -6270.625581  -6270.007659
23.5  0.623795  -6270.650030  -6270.026235
24.0  0.628838  -6270.669343  -6270.040505
24.5  0.655188  -6270.707571  -6270.052383
25.0  0.715257  -6270.784014  -6270.068757
25.5  0.806315  -6270.887057  -6270.080741
26.0  0.906573  -6270.996906  -6270.090333
26.5  0.986898  -6271.085260  -6270.098363
27.0  1.030133  -6271.133003  -6270.102870
27.5  1.030937  -6271.141948  -6270.111012
28.0  0.996448  -6271.119373  -6270.122925
28.5  0.939880  -6271.085146  -6270.145266
29.0  0.876889  -6271.049582  -6270.172694
29.5  0.827571  -6271.009594  -6270.182022
30.0  0.796109  -6270.984583  -6270.188474
30.5  0.776652  -6270.974910  -6270.198259
31.0  0.765341  -6270.975402  -6270.210061
31.5  0.754738  -6270.977788  -6270.223051
32.0  0.735243  -6270.972002  -6270.236760
32.5  0.697586  -6270.947886  -6270.250300
33.0  0.636280  -6270.899368  -6270.263088
33.5  0.554652  -6270.827885  -6270.273233
34.0  0.467725  -6270.747899  -6270.280174
34.5  0.399750  -6270.683635  -6270.283886
35.0  0.374473  -6270.659403  -6270.284930
35.5  0.400334  -6270.686798  -6270.286464
36.0  0.464094  -6270.755933  -6270.291839
36.5  0.539909  -6270.840334  -6270.300424
37.0  0.603604  -6270.914359  -6270.310755
37.5  0.641553  -6270.963094  -6270.321541
38.0  0.652213  -6270.984454  -6270.332241
38.5  0.642337  -6270.984942  -6270.342605
39.0  0.621949  -6270.975402  -6270.353452
39.5  0.601610  -6270.965585  -6270.363975
40.0  0.589928  -6270.963378  -6270.373450
40.5  0.592021  -6270.971941  -6270.379920
41.0  0.604697  -6270.999072  -6270.394375
41.5  0.624210  -6271.031826  -6270.407616
42.0  0.645070  -6271.064099  -6270.419029
42.5  0.656097  -6271.085789  -6270.429691
43.0  0.648565  -6271.088082  -6270.439517
43.5  0.619211  -6271.067054  -6270.447843
44.0  0.573655  -6271.028199  -6270.454544
44.5  0.527027  -6270.986770  -6270.459743
45.0  0.498874  -6270.963210  -6270.464336
45.5  0.502856  -6270.972121  -6270.469266
46.0  0.537978  -6271.012589  -6270.474611
46.5  0.588732  -6271.068378  -6270.479647
47.0  0.634236  -6271.118245  -6270.484010
47.5  0.658451  -6271.147662  -6270.489211
48.0  0.656105  -6271.151881  -6270.495777
48.5  0.632219  -6271.136129  -6270.503910
49.0  0.597107  -6271.110520  -6270.513413
49.5  0.562067  -6271.086068  -6270.524001
50.0  0.536354  -6271.071540  -6270.535186
50.5  0.525311  -6271.072212  -6270.546900
51.0  0.529965  -6271.088105  -6270.558139
51.5  0.546720  -6271.115527  -6270.568807
52.0  0.568071  -6271.146636  -6270.578565
52.5  0.584570  -6271.171065  -6270.586495
53.0  0.586321  -6271.179478  -6270.593157
53.5  0.566651  -6271.164774  -6270.598123
54.0  0.526675  -6271.125575  -6270.598901
54.5  0.475195  -6271.073220  -6270.598025
55.0  0.429204  -6271.024679  -6270.595476
55.5  0.408578  -6271.000319  -6270.591742
56.0  0.424382  -6271.013777  -6270.589395
56.5  0.468909  -6271.069885  -6270.600976
57.0  0.524545  -6271.145330  -6270.620785
57.5  0.579880  -6271.209337  -6270.629457
58.0  0.624860  -6271.251907  -6270.627047
58.5  0.647783  -6271.276802  -6270.629020
59.0  0.650880  -6271.279322  -6270.628442
59.5  0.644455  -6271.271298  -6270.626843
60.0  0.636066  -6271.262136  -6270.626070
60.5  0.633836  -6271.259540  -6270.625704
61.0  0.642611  -6271.268225  -6270.625615
61.5  0.662940  -6271.288984  -6270.626044
62.0  0.691048  -6271.317548  -6270.626500
62.5  0.719137  -6271.346168  -6270.627031
63.0  0.736620  -6271.363907  -6270.627288
63.5  0.732111  -6271.360281  -6270.628169
64.0  0.697427  -6271.327256  -6270.629829
64.5  0.632236  -6271.263981  -6270.631746
65.0  0.546832  -6271.180328  -6270.633496
65.5  0.460952  -6271.096649  -6270.635697
66.0  0.396460  -6271.037067  -6270.640607
66.5  0.368869  -6271.012013  -6270.643145
67.0  0.375917  -6271.023519  -6270.647602
67.5  0.402028  -6271.054926  -6270.652898
68.0  0.430399  -6271.087694  -6270.657295
68.5  0.449280  -6271.109836  -6270.660556
69.0  0.455733  -6271.118918  -6270.663185
69.5  0.454201  -6271.119590  -6270.665389
70.0  0.452727  -6271.120152  -6270.667425
70.5  0.459552  -6271.129417  -6270.669865
71.0  0.480502  -6271.154120  -6270.673618
71.5  0.517915  -6271.196846  -6270.678932
72.0  0.570100  -6271.255591  -6270.685491
72.5  0.630870  -6271.323780  -6270.692910
73.0  0.690071  -6271.390895  -6270.700824
73.5  0.735121  -6271.443513  -6270.708392
74.0  0.753813  -6271.468888  -6270.715075
74.5  0.738351  -6271.458650  -6270.720299
75.0  0.689109  -6271.415090  -6270.725982
75.5  0.619347  -6271.346532  -6270.727185
76.0  0.549460  -6271.276498  -6270.727038
76.5  0.497636  -6271.224527  -6270.726891
77.0  0.472468  -6271.199037  -6270.726569
77.5  0.468111  -6271.194003  -6270.725892
78.0  0.470522  -6271.194822  -6270.724300
78.5  0.467227  -6271.188751  -6270.721524
79.0  0.453278  -6271.171449  -6270.718170
79.5  0.431655  -6271.146392  -6270.714736
80.0  0.410257  -6271.121757  -6270.711500
80.5  0.398042  -6271.106969  -6270.708927
81.0  0.402308  -6271.109192  -6270.706883
81.5  0.427126  -6271.132465  -6270.705338
82.0  0.472628  -6271.176928  -6270.704300
82.5  0.534913  -6271.238604  -6270.703691
83.0  0.606293  -6271.310189  -6270.703896
83.5  0.676208  -6271.379984  -6270.703776
84.0  0.732314  -6271.436247  -6270.703933
84.5  0.762992  -6271.466961  -6270.703969
85.0  0.761286  -6271.465086  -6270.703800
85.5  0.728611  -6271.431563  -6270.702953
86.0  0.676822  -6271.378525  -6270.701704
86.5  0.624937  -6271.325542  -6270.700605
87.0  0.589921  -6271.290274  -6270.700352
87.5  0.576824  -6271.277903  -6270.701079
88.0  0.576736  -6271.278942  -6270.702206
88.5  0.574347  -6271.277190  -6270.702843
89.0  0.557933  -6271.260496  -6270.702562
89.5  0.524615  -6271.226763  -6270.702148
90.0  0.480207  -6271.182183  -6270.701976
90.5  0.435853  -6271.136285  -6270.700432
91.0  0.401562  -6271.102048  -6270.700486
91.5  0.385335  -6271.087046  -6270.701711
92.0  0.392447  -6271.096389  -6270.703942
92.5  0.423315  -6271.130531  -6270.707216
93.0  0.474038  -6271.185842  -6270.711805
93.5  0.536982  -6271.254561  -6270.717579
94.0  0.601646  -6271.325780  -6270.724134
94.5  0.656013  -6271.387204  -6270.731191
95.0  0.688948  -6271.427292  -6270.738344
95.5  0.693694  -6271.438617  -6270.744923
96.0  0.671716  -6271.422301  -6270.750585
96.5  0.634241  -6271.389696  -6270.755455
97.0  0.598405  -6271.358164  -6270.759760
97.5  0.577783  -6271.341808  -6270.764025
98.0  0.573890  -6271.341987  -6270.768097
98.5  0.576243  -6271.347501  -6270.771258
99.0  0.570833  -6271.343548  -6270.772715
99.5  0.549410  -6271.321835  -6270.772425
100.0  0.513162  -6271.283681  -6270.770519
100.5  0.470482  -6271.237821  -6270.767339
101.0  0.432238  -6271.195586  -6270.763348
101.5  0.407631  -6271.166328  -6270.758696
102.0  0.402032  -6271.155558  -6270.753526
102.5  0.416517  -6271.163920  -6270.747403
103.0  0.448190  -6271.188458  -6270.740268
103.5  0.490987  -6271.223092  -6270.732104
104.0  0.536666  -6271.259699  -6270.723033
104.5  0.575620  -6271.288908  -6270.713288
105.0  0.598053  -6271.301308  -6270.703255
105.5  0.596066  -6271.289163  -6270.693097
106.0  0.566950  -6271.249695  -6270.682745
106.5  0.516951  -6271.189165  -6270.672214
107.0  0.462366  -6271.124192  -6270.661826
107.5  0.423877  -6271.076144  -6270.652267
108.0  0.415104  -6271.059132  -6270.644027
108.5  0.433713  -6271.070902  -6270.637190
109.0  0.463484  -6271.094832  -6270.631348
109.5  0.486021  -6271.112547  -6270.626526
110.0  0.491635  -6271.114812  -6270.623177
110.5  0.482300  -6271.103937  -6270.621637
111.0  0.468731  -6271.087241  -6270.618511
111.5  0.462831  -6271.075820  -6270.612989
112.0  0.472479  -6271.077795  -6270.605316
112.5  0.501105  -6271.097120  -6270.596015
113.0  0.547776  -6271.133266  -6270.585491
113.5  0.608115  -6271.182548  -6270.574433
114.0  0.675419  -6271.239059  -6270.563640
114.5  0.741622  -6271.295261  -6270.553639
115.0  0.797920  -6271.342880  -6270.544960
115.5  0.835034  -6271.373409  -6270.538375
116.0  0.845168  -6271.377885  -6270.532717
116.5  0.824288  -6271.353023  -6270.528735
117.0  0.776338  -6271.302414  -6270.526076
117.5  0.715776  -6271.240341  -6270.524565
118.0  0.661819  -6271.186563  -6270.524743
118.5  0.628092  -6271.152780  -6270.524687
119.0  0.612756  -6271.136475  -6270.523719
119.5  0.600198  -6271.121980  -6270.521782
120.0  0.576760  -6271.085626  -6270.508866
120.5  0.530110  -6271.032741  -6270.502631
121.0  0.459731  -6270.959864  -6270.500133
121.5  0.382299  -6270.875876  -6270.493577
122.0  0.312462  -6270.794976  -6270.482514
122.5  0.258456  -6270.733197  -6270.474741
123.0  0.227421  -6270.693596  -6270.466175
123.5  0.223114  -6270.680627  -6270.457513
124.0  0.242671  -6270.695730  -6270.453059
124.5  0.282148  -6270.734468  -6270.452320
125.0  0.336889  -6270.791229  -6270.454340
125.5  0.399646  -6270.859238  -6270.459592
126.0  0.461719  -6270.928512  -6270.466793
126.5  0.514496  -6270.987233  -6270.472736
127.0  0.550644  -6271.027406  -6270.476761
127.5  0.568717  -6271.047212  -6270.478496
128.0  0.577629  -6271.055103  -6270.477474
128.5  0.593549  -6271.067468  -6270.473919
129.0  0.629940  -6271.098021  -6270.468081
129.5  0.687578  -6271.147315  -6270.459737
130.0  0.753402  -6271.200700  -6270.447298
130.5  0.808465  -6271.239573  -6270.431107
131.0  0.839401  -6271.249816  -6270.410415
131.5  0.843400  -6271.228956  -6270.385555
132.0  0.825207  -6271.182882  -6270.357675
132.5  0.793312  -6271.120069  -6270.326757
133.0  0.755506  -6271.048996  -6270.293490
133.5  0.717252  -6270.974685  -6270.257433
134.0  0.681593  -6270.900284  -6270.218691
134.5  0.649529  -6270.827798  -6270.178270
135.0  0.621482  -6270.759537  -6270.138054
135.5  0.598745  -6270.697064  -6270.098319
136.0  0.581918  -6270.643318  -6270.061400
136.5  0.568283  -6270.597763  -6270.029480
137.0  0.550950  -6270.554928  -6270.003978
137.5  0.520443  -6270.506322  -6269.985879
138.0  0.473908  -6270.443288  -6269.969380
138.5  0.422546  -6270.369873  -6269.947327
139.0  0.388052  -6270.308055  -6269.920004
139.5  0.392362  -6270.282822  -6269.890460
140.0  0.442929  -6270.303520  -6269.860591
140.5  0.524040  -6270.355977  -6269.831937
141.0  0.606384  -6270.411352  -6269.804969
141.5  0.666494  -6270.446670  -6269.780176
142.0  0.697149  -6270.455612  -6269.758463
142.5  0.704851  -6270.444807  -6269.739956
143.0  0.701550  -6270.426256  -6269.724706
143.5  0.697789  -6270.409765  -6269.711976
144.0  0.699892  -6270.401304  -6269.701412
144.5  0.710258  -6270.402721  -6269.692463
145.0  0.729590  -6270.414636  -6269.685046
145.5  0.759182  -6270.438530  -6269.679348
146.0  0.801541  -6270.476995  -6269.675453
146.5  0.857900  -6270.531686  -6269.673786
147.0  0.923977  -6270.596558  -6269.672581
147.5  0.986433  -6270.656701  -6269.670268
148.0  1.024799  -6270.691074  -6269.666275
148.5  1.022339  -6270.682454  -6269.660114
149.0  0.979558  -6270.631555  -6269.651997
149.5  0.919554  -6270.562252  -6269.642698
150.0  0.875339  -6270.509607  -6269.634267
150.5  0.865563  -6270.493633  -6269.628070
151.0  0.881179  -6270.504600  -6269.623421
151.5  0.896058  -6270.515045  -6269.618987
152.0  0.888551  -6270.502696  -6269.614145
152.5  0.852818  -6270.461745  -6269.608927
153.0  0.796099  -6270.400343  -6269.604244
153.5  0.730208  -6270.330672  -6269.600465
154.0  0.664890  -6270.262916  -6269.598026
154.5  0.605313  -6270.202577  -6269.597264
155.0  0.552744  -6270.151592  -6269.598847
155.5  0.507367  -6270.111084  -6269.603717
156.0  0.471998  -6270.083929  -6269.611931
156.5  0.454220  -6270.076233  -6269.622013
157.0  0.463066  -6270.093371  -6269.630306
157.5  0.500729  -6270.135003  -6269.634274
158.0  0.553911  -6270.194578  -6269.640668
158.5  0.598731  -6270.251890  -6269.653159
159.0  0.616467  -6270.287157  -6269.670690
159.5  0.605715  -6270.297237  -6269.691521
160.0  0.586806  -6270.301525  -6269.714719
160.5  0.589495  -6270.330017  -6269.740522
161.0  0.630496  -6270.399620  -6269.769123
161.5  0.701861  -6270.500787  -6269.798926
162.0  0.780804  -6270.608738  -6269.827933
162.5  0.847746  -6270.702851  -6269.855105
163.0  0.895525  -6270.776012  -6269.880487
163.5  0.926842  -6270.832010  -6269.905168
164.0  0.947764  -6270.877579  -6269.929815
164.5  0.962777  -6270.917657  -6269.954881
165.0  0.976845  -6270.945461  -6269.968617
165.5  0.979792  -6270.987310  -6270.007518
166.0  0.972938  -6271.014479  -6270.041542
166.5  0.966751  -6271.038695  -6270.071944
167.0  0.959797  -6271.063345  -6270.103548
167.5  0.954635  -6271.090696  -6270.136060
168.0  0.949069  -6271.118354  -6270.169285
168.5  0.934548  -6271.136886  -6270.202338
169.0  0.899431  -6271.133010  -6270.233579
169.5  0.836532  -6271.098112  -6270.261580
170.0  0.750890  -6271.035970  -6270.285080
170.5  0.661288  -6270.965059  -6270.303771
171.0  0.591700  -6270.909642  -6270.317942
171.5  0.557893  -6270.885711  -6270.327818
172.0  0.560030  -6270.894138  -6270.334108
172.5  0.586010  -6270.926637  -6270.340627
173.0  0.621728  -6270.973889  -6270.352161
173.5  0.659602  -6271.029238  -6270.369636
174.0  0.698345  -6271.090779  -6270.392434
174.5  0.737877  -6271.157912  -6270.420035
175.0  0.776460  -6271.228410  -6270.451950
175.5  0.810535  -6271.297837  -6270.487302
176.0  0.836403  -6271.361798  -6270.525395
176.5  0.852385  -6271.417432  -6270.565047
177.0  0.859293  -6271.465361  -6270.606068
177.5  0.859120  -6271.507778  -6270.648658
178.0  0.852905  -6271.544351  -6270.691446
178.5  0.838268  -6271.571663  -6270.733395
179.0  0.809942  -6271.582925  -6270.772983
179.5  0.763534  -6271.572940  -6270.809406
180.0  0.700450  -6271.541991  -6270.841541
180.5  0.630563  -6271.499663  -6270.869100
181.0  0.569317  -6271.461645  -6270.892328
181.5  0.530943  -6271.442574  -6270.911631
182.0  0.521900  -6271.448554  -6270.926655
182.5  0.539236  -6271.475946  -6270.936711
183.0  0.574312  -6271.515061  -6270.940750
183.5  0.615428  -6271.561374  -6270.945945
184.0  0.653126  -6271.609140  -6270.956014
184.5  0.683764  -6271.654932  -6270.971168
185.0  0.705894  -6271.697323  -6270.991429
185.5  0.718751  -6271.735431  -6271.016680
186.0  0.722263  -6271.768398  -6271.046135
186.5  0.717362  -6271.796264  -6271.078902
187.0  0.706080  -6271.820540  -6271.114460
187.5  0.690913  -6271.842833  -6271.151920
188.0  0.673004  -6271.863934  -6271.190929
188.5  0.650667  -6271.882638  -6271.231971
189.0  0.620104  -6271.894147  -6271.274043
189.5  0.577786  -6271.893360  -6271.315574
190.0  0.522993  -6271.878451  -6271.355459
190.5  0.460011  -6271.853237  -6271.393226
191.0  0.398273  -6271.826979  -6271.428706
191.5  0.348972  -6271.811014  -6271.462042
192.0  0.319982  -6271.813412  -6271.493430
192.5  0.312757  -6271.835149  -6271.522392
193.0  0.323208  -6271.871014  -6271.547805
193.5  0.344581  -6271.913326  -6271.568745
194.0  0.370511  -6271.955114  -6271.584604
194.5  0.396987  -6271.991459  -6271.594473
195.0  0.422536  -6272.020211  -6271.597675
195.5  0.447308  -6272.040634  -6271.593326
196.0  0.471924  -6272.053411  -6271.581488
196.5  0.497009  -6272.059288  -6271.562278
197.0  0.523166  -6272.059127  -6271.535962
197.5  0.550734  -6272.053640  -6271.502905
198.0  0.579321  -6272.043171  -6271.463849
198.5  0.607131  -6272.027062  -6271.419931
199.0  0.630323  -6272.003584  -6271.373261
199.5  0.643676  -6271.968643  -6271.324968
200.0  0.642302  -6271.916946  -6271.274643
200.5  0.623117  -6271.846363  -6271.223246
201.0  0.587609  -6271.757737  -6271.170128
201.5  0.541011  -6271.662894  -6271.121883
202.0  0.494582  -6271.571625  -6271.077042
202.5  0.461831  -6271.497708  -6271.035877
203.0  0.450872  -6271.449614  -6270.998742
203.5  0.463352  -6271.428257  -6270.964906
204.0  0.494436  -6271.429175  -6270.934739
204.5  0.536368  -6271.444939  -6270.908571
205.0  0.582410  -6271.469698  -6270.887288
205.5  0.628578  -6271.500148  -6270.871571
206.0  0.673162  -6271.534989  -6270.861827
206.5  0.715557  -6271.573590  -6270.858033
207.0  0.757123  -6271.611574  -6270.854451
207.5  0.799851  -6271.645516  -6270.845665
208.0  0.843590  -6271.673936  -6270.830345
208.5  0.886345  -6271.694714  -6270.808370
209.0  0.924479  -6271.705333  -6270.780854
209.5  0.952246  -6271.701239  -6270.748993
210.0  0.961982  -6271.676583  -6270.714601
210.5  0.946252  -6271.624483  -6270.678231
211.0  0.901091  -6271.541694  -6270.640604
211.5  0.829075  -6271.431799  -6270.602724
212.0  0.741172  -6271.306478  -6270.565306
212.5  0.654310  -6271.183014  -6270.528704
213.0  0.584736  -6271.078856  -6270.494120
213.5  0.541687  -6271.004071  -6270.462384
214.0  0.525127  -6270.958902  -6270.433776
214.5  0.528437  -6270.936262  -6270.407826
215.0  0.543482  -6270.928199  -6270.384717
215.5  0.564735  -6270.929464  -6270.364729
216.0  0.590684  -6270.939094  -6270.348410
216.5  0.622664  -6270.958481  -6270.335818
217.0  0.662637  -6270.989953  -6270.327316
217.5  0.711642  -6271.033986  -6270.322344
218.0  0.769890  -6271.088011  -6270.318121
218.5  0.836774  -6271.147491  -6270.310717
219.0  0.909512  -6271.208712  -6270.299200
219.5  0.983439  -6271.265802  -6270.282363
220.0  1.050122  -6271.314883  -6270.264761
220.5  1.101348  -6271.341305  -6270.239957
221.0  1.126771  -6271.342100  -6270.215329
221.5  1.117192  -6271.307463  -6270.190271
222.0  1.073700  -6271.238717  -6270.165016
222.5  1.004706  -6271.145481  -6270.140776
223.0  0.925844  -6271.044581  -6270.118738
223.5  0.853471  -6270.953573  -6270.100102
224.0  0.797460  -6270.882968  -6270.085507
224.5  0.758461  -6270.831062  -6270.072601
225.0  0.729335  -6270.789263  -6270.059928
225.5  0.700038  -6270.747577  -6270.047539
226.0  0.663553  -6270.699250  -6270.035697
226.5  0.618515  -6270.643174  -6270.024658
227.0  0.569077  -6270.583879  -6270.014802
227.5  0.526038  -6270.524147  -6269.998109
228.0  0.495372  -6270.485752  -6269.990379
228.5  0.486077  -6270.470265  -6269.984188
229.0  0.507387  -6270.486554  -6269.979167
229.5  0.559735  -6270.535689  -6269.975954
230.0  0.638561  -6270.612222  -6269.973661
230.5  0.732629  -6270.704763  -6269.972134
231.0  0.825842  -6270.797277  -6269.971435
231.5  0.901315  -6270.873177  -6269.971861
232.0  0.946520  -6270.919927  -6269.973407
232.5  0.958145  -6270.933753  -6269.975608
233.0  0.943451  -6270.921492  -6269.978041
233.5  0.917063  -6270.897966  -6269.980903
234.0  0.894327  -6270.879012  -6269.984684
234.5  0.884602  -6270.874361  -6269.989759
235.0  0.890319  -6270.880119  -6269.989800
235.5  0.901935  -6270.898023  -6269.996088
236.0  0.911673  -6270.906163  -6269.994489
236.5  0.909005  -6270.913264  -6270.004259
237.0  0.885514  -6270.907414  -6270.021900
237.5  0.850374  -6270.881359  -6270.030984
238.0  0.807284  -6270.850815  -6270.043531
238.5  0.762229  -6270.822156  -6270.059927
239.0  0.728725  -6270.807750  -6270.079024
239.5  0.719691  -6270.815221  -6270.095530
240.0  0.742765  -6270.849900  -6270.107135
240.5  0.795552  -6270.909119  -6270.113567
241.0  0.867019  -6270.981252  -6270.114233
241.5  0.939984  -6271.048776  -6270.108791
242.0  1.000914  -6271.083476  -6270.082562
242.5  1.026550  -6271.098808  -6270.072257
243.0  1.011656  -6271.067877  -6270.056221
243.5  0.972799  -6271.007979  -6270.035180
244.0  0.922048  -6270.936299  -6270.014251
244.5  0.875461  -6270.870080  -6269.994620
245.0  0.842671  -6270.817616  -6269.974944
245.5  0.824557  -6270.777472  -6269.952915
246.0  0.814773  -6270.742847  -6269.928074
246.5  0.804129  -6270.706054  -6269.901925
247.0  0.784570  -6270.661809  -6269.877240
247.5  0.752304  -6270.606220  -6269.853916
248.0  0.706984  -6270.542717  -6269.835734
248.5  0.651024  -6270.480988  -6269.829964
249.0  0.596542  -6270.426167  -6269.829625
249.5  0.563017  -6270.385641  -6269.822623
250.0  0.563268  -6270.374597  -6269.811329
250.5  0.603487  -6270.394953  -6269.791466
251.0  0.679945  -6270.445567  -6269.765622
251.5  0.775923  -6270.512594  -6269.736671
252.0  0.868668  -6270.574256  -6269.705588
252.5  0.936420  -6270.610498  -6269.674078
253.0  0.967642  -6270.610950  -6269.643308
253.5  0.966690  -6270.580668  -6269.613978
254.0  0.951369  -6270.537670  -6269.586301
254.5  0.943849  -6270.503291  -6269.559442
255.0  0.958188  -6270.493704  -6269.535516
255.5  0.997660  -6270.505215  -6269.507555
256.0  1.053275  -6270.533914  -6269.480640
256.5  1.110581  -6270.566174  -6269.455593
257.0  1.158787  -6270.592436  -6269.433649
257.5  1.190630  -6270.603205  -6269.412575
258.0  1.202804  -6270.591159  -6269.388355
258.5  1.192709  -6270.554324  -6269.361615
259.0  1.158925  -6270.495897  -6269.336972
259.5  1.105322  -6270.422491  -6269.317169
260.0  1.043077  -6270.343964  -6269.300887
260.5  0.986395  -6270.273745  -6269.287350
261.0  0.945964  -6270.222316  -6269.276352
261.5  0.923343  -6270.192324  -6269.268982
262.0  0.907780  -6270.174411  -6269.266632
262.5  0.877834  -6270.151621  -6269.273787
263.0  0.809849  -6270.108852  -6269.299003
263.5  0.702494  -6270.043127  -6269.340633
264.0  0.586399  -6269.969154  -6269.382756
264.5  0.497747  -6269.911314  -6269.413567
265.0  0.459868  -6269.895473  -6269.435605
265.5  0.481483  -6269.934447  -6269.452964
266.0  0.555522  -6270.023330  -6269.467807
266.5  0.662538  -6270.144455  -6269.481917
267.0  0.780441  -6270.274215  -6269.493774
267.5  0.889910  -6270.395822  -6269.505912
268.0  0.975697  -6270.482489  -6269.506791
268.5  1.034659  -6270.545552  -6269.510893
269.0  1.071709  -6270.584860  -6269.513151
269.5  1.092919  -6270.604764  -6269.511845
270.0  1.104358  -6270.615401  -6269.511043
270.5  1.112044  -6270.623846  -6269.511802
271.0  1.121662  -6270.636224  -6269.514562
271.5  1.134673  -6270.656757  -6269.522084
272.0  1.150232  -6270.678130  -6269.527898
272.5  1.160935  -6270.696637  -6269.535702
273.0  1.153331  -6270.702619  -6269.549287
273.5  1.116723  -6270.687996  -6269.571273
274.0  1.052510  -6270.641723  -6269.589214
274.5  0.970813  -6270.575694  -6269.604881
275.0  0.887079  -6270.508149  -6269.621070
275.5  0.822044  -6270.460519  -6269.638475
276.0  0.789733  -6270.445648  -6269.655915
276.5  0.789722  -6270.462049  -6269.672328
277.0  0.808155  -6270.495539  -6269.687384
277.5  0.826554  -6270.527730  -6269.701176
278.0  0.830790  -6270.543545  -6269.712755
278.5  0.815299  -6270.536384  -6269.721085
279.0  0.782832  -6270.508644  -6269.725813
279.5  0.742228  -6270.468901  -6269.726673
280.0  0.705564  -6270.428855  -6269.723290
280.5  0.684324  -6270.400131  -6269.715807
281.0  0.684087  -6270.394559  -6269.710472
281.5  0.704504  -6270.415332  -6269.710828
282.0  0.741168  -6270.458041  -6269.716873
282.5  0.784954  -6270.512274  -6269.727320
283.0  0.822886  -6270.565131  -6269.742245
283.5  0.842144  -6270.602466  -6269.760322
284.0  0.834825  -6270.615834  -6269.781009
284.5  0.801468  -6270.605767  -6269.804299
285.0  0.753221  -6270.583091  -6269.829870
285.5  0.709031  -6270.566001  -6269.856970
286.0  0.687835  -6270.572561  -6269.884727
286.5  0.699480  -6270.612367  -6269.912887
287.0  0.740768  -6270.680680  -6269.939912
287.5  0.798814  -6270.762140  -6269.963327
288.0  0.858353  -6270.839183  -6269.980830
288.5  0.906624  -6270.900017  -6269.993393
289.0  0.936868  -6270.937773  -6270.000905
289.5  0.950629  -6270.952792  -6270.002163
290.0  0.955559  -6270.953236  -6269.997677
290.5  0.961795  -6270.953251  -6269.991457
291.0  0.979330  -6270.965461  -6269.986130
291.5  1.014311  -6270.996882  -6269.982571
292.0  1.065817  -6271.044856  -6269.979040
292.5  1.125097  -6271.099891  -6269.974794
293.0  1.177312  -6271.147440  -6269.970128
293.5  1.206670  -6271.172188  -6269.965517
294.0  1.201440  -6271.162488  -6269.961048
294.5  1.157509  -6271.114081  -6269.956572
295.0  1.079985  -6271.031653  -6269.951668
295.5  0.982290  -6270.929174  -6269.946885
296.0  0.882939  -6270.825556  -6269.942617
296.5  0.799908  -6270.738894  -6269.938986
297.0  0.744230  -6270.680627  -6269.936397
297.5  0.716392  -6270.651054  -6269.934663
298.0  0.707137  -6270.640591  -6269.933454
298.5  0.701832  -6270.634336  -6269.932505
299.0  0.686126  -6270.617837  -6269.931712
299.5  0.650559  -6270.581339  -6269.930780
300.0  0.593503  -6270.523485  -6269.929982
300.5  0.522479  -6270.452022  -6269.929543
301.0  0.453321  -6270.382838  -6269.929517
301.5  0.405728  -6270.335538  -6269.929810
302.0  0.395852  -6270.326724  -6269.930872
302.5  0.429549  -6270.362330  -6269.932782
303.0  0.499783  -6270.435066  -6269.935282
303.5  0.589640  -6270.526899  -6269.937259
304.0  0.677679  -6270.618531  -6269.940852
304.5  0.745991  -6270.691549  -6269.945558
305.0  0.784888  -6270.738109  -6269.953221
305.5  0.796193  -6270.753821  -6269.957627
306.0  0.793136  -6270.742826  -6269.949689
306.5  0.784709  -6270.732088  -6269.947379
307.0  0.782716  -6270.728444  -6269.945728
307.5  0.798343  -6270.747164  -6269.948821
308.0  0.832364  -6270.786774  -6269.954410
308.5  0.879480  -6270.839617  -6269.960137
309.0  0.926810  -6270.892113  -6269.965303
309.5  0.959501  -6270.929273  -6269.969772
310.0  0.966198  -6270.937308  -6269.971110
310.5  0.941523  -6270.910878  -6269.969355
311.0  0.887763  -6270.852047  -6269.964284
311.5  0.815774  -6270.772111  -6269.956337
312.0  0.741809  -6270.688009  -6269.946201
312.5  0.682726  -6270.616320  -6269.933594
313.0  0.649341  -6270.567643  -6269.918302
313.5  0.642473  -6270.542495  -6269.900022
314.0  0.653733  -6270.532056  -6269.878323
314.5  0.669627  -6270.523280  -6269.853653
315.0  0.677742  -6270.503802  -6269.826060
315.5  0.671550  -6270.467826  -6269.796277
316.0  0.652246  -6270.418507  -6269.766260
316.5  0.629251  -6270.365552  -6269.736301
317.0  0.616612  -6270.324602  -6269.707991
317.5  0.627538  -6270.309800  -6269.682262
318.0  0.669394  -6270.329596  -6269.660202
318.5  0.740171  -6270.382558  -6269.642387
319.0  0.831023  -6270.455426  -6269.624403
319.5  0.928990  -6270.533069  -6269.604079
320.0  1.019353  -6270.600980  -6269.581627
320.5  1.090621  -6270.648741  -6269.558121
321.0  1.137608  -6270.671831  -6269.534223
321.5  1.162631  -6270.672793  -6269.510162
322.0  1.174617  -6270.660141  -6269.485523
322.5  1.185057  -6270.646123  -6269.461066
323.0  1.202398  -6270.641608  -6269.439210
323.5  1.228389  -6270.649630  -6269.421242
324.0  1.256826  -6270.663779  -6269.406953
324.5  1.275105  -6270.671399  -6269.396294
325.0  1.269339  -6270.658475  -6269.389136
325.5  1.230475  -6270.615732  -6269.385258
326.0  1.158201  -6270.542671  -6269.384471
326.5  1.062141  -6270.448363  -6269.386222
327.0  0.959332  -6270.350038  -6269.390706
327.5  0.868843  -6270.267609  -6269.398766
328.0  0.806605  -6270.214508  -6269.407903
328.5  0.779196  -6270.196802  -6269.417607
329.0  0.781908  -6270.209813  -6269.427906
329.5  0.802839  -6270.241520  -6269.438682
330.0  0.827925  -6270.277440  -6269.449516
330.5  0.845328  -6270.304989  -6269.459661
331.0  0.847842  -6270.317474  -6269.469632
331.5  0.834616  -6270.313828  -6269.479212
332.0  0.812097  -6270.298853  -6269.486756
332.5  0.791258  -6270.282737  -6269.491480
333.0  0.782994  -6270.277145  -6269.494152
333.5  0.794230  -6270.289008  -6269.494777
334.0  0.824481  -6270.317835  -6269.493354
334.5  0.865119  -6270.354227  -6269.489109
335.0  0.902238  -6270.383703  -6269.481466
335.5  0.921156  -6270.392110  -6269.470954
336.0  0.911851  -6270.371161  -6269.459309
336.5  0.873704  -6270.320355  -6269.446651
337.0  0.816280  -6270.249397  -6269.433117
337.5  0.756136  -6270.175954  -6269.419818
338.0  0.711964  -6270.119005  -6269.407041
338.5  0.698025  -6270.092884  -6269.394859
339.0  0.718871  -6270.102403  -6269.383532
339.5  0.769133  -6270.140849  -6269.371715
340.0  0.836471  -6270.194572  -6269.358101
340.5  0.905670  -6270.248483  -6269.342813
341.0  0.963208  -6270.289240  -6269.326032
341.5  1.000781  -6270.309444  -6269.308663
342.0  1.018020  -6270.309051  -6269.291031
342.5  1.023537  -6270.297404  -6269.273867
343.0  1.032684  -6270.290666  -6269.257982
343.5  1.061377  -6270.305522  -6269.244146
344.0  1.118105  -6270.350760  -6269.232655
344.5  1.198777  -6270.422127  -6269.223350
345.0  1.287147  -6270.502636  -6269.215489
345.5  1.360806  -6270.568671  -6269.207864
346.0  1.398823  -6270.599210  -6269.200388
346.5  1.388435  -6270.581573  -6269.193139
347.0  1.329594  -6270.515565  -6269.185971
347.5  1.235193  -6270.414515  -6269.179322
348.0  1.128056  -6270.300847  -6269.172791
348.5  1.034529  -6270.200895  -6269.166366
349.0  0.975701  -6270.136224  -6269.160523
349.5  0.960704  -6270.116089  -6269.155385
350.0  0.984858  -6270.135695  -6269.150836
350.5  1.032684  -6270.179383  -6269.146698
351.0  1.083227  -6270.226808  -6269.143580
351.5  1.115731  -6270.257426  -6269.141695
352.0  1.115027  -6270.255878  -6269.140851
352.5  1.076553  -6270.217217  -6269.140664
353.0  1.010550  -6270.152303  -6269.141753
353.5  0.942400  -6270.087191  -6269.144791
354.0  0.904201  -6270.054617  -6269.150416
354.5  0.919277  -6270.077699  -6269.158422
355.0  0.989406  -6270.157445  -6269.168039
355.5  1.094174  -6270.272549  -6269.178375
356.0  1.201677  -6270.390610  -6269.188933
356.5  1.282244  -6270.481223  -6269.198979
357.0  1.317716  -6270.526496  -6269.208780
357.5  1.304785  -6270.523340  -6269.218555
358.0  1.254061  -6270.482924  -6269.228862
358.5  1.186551  -6270.425248  -6269.238697
359.0  1.126581  -6270.373841  -6269.247259
359.5  1.092846  -6270.348187  -6269.255341
360.0  1.093288  -6270.354957  -6269.261669
360.5  1.123450  -6270.388775  -6269.265325
361.0  1.168774  -6270.436310  -6269.267536
361.5  1.211307  -6270.479011  -6269.267705
362.0  1.233277  -6270.502146  -6269.268869
362.5  1.220783  -6270.490682  -6269.269899
363.0  1.167154  -6270.437994  -6269.270840
363.5  1.074664  -6270.347569  -6269.272906
364.0  0.958382  -6270.235337  -6269.276955
364.5  0.844210  -6270.128367  -6269.284158
365.0  0.759452  -6270.056593  -6269.297141
365.5  0.720673  -6270.038045  -6269.317372
366.0  0.725768  -6270.070845  -6269.345077
366.5  0.755756  -6270.135417  -6269.379661
367.0  0.785398  -6270.204934  -6269.419536
367.5  0.795086  -6270.258260  -6269.463174
368.0  0.776809  -6270.289274  -6269.512465
368.5  0.737149  -6270.303125  -6269.565976
369.0  0.694779  -6270.314186  -6269.619407
369.5  0.670494  -6270.339581  -6269.669087
370.0  0.677905  -6270.392118  -6269.714213
370.5  0.719544  -6270.474103  -6269.754559
371.0  0.787692  -6270.580331  -6269.792639
371.5  0.871973  -6270.692656  -6269.820682
372.0  0.959838  -6270.801843  -6269.842005
372.5  1.035412  -6270.898804  -6269.863393
373.0  1.089126  -6270.971684  -6269.882559
373.5  1.118414  -6271.014182  -6269.895768
374.0  1.123455  -6271.030593  -6269.907137
374.5  1.108219  -6271.031824  -6269.923605
375.0  1.085996  -6271.024529  -6269.938534
375.5  1.070724  -6271.023948  -6269.953225
376.0  1.068349  -6271.037511  -6269.969162
376.5  1.077267  -6271.063564  -6269.986297
377.0  1.088793  -6271.091838  -6270.003045
377.5  1.091472  -6271.109372  -6270.017900
378.0  1.075884  -6271.106643  -6270.030759
378.5  1.039105  -6271.081121  -6270.042016
379.0  0.986313  -6271.038558  -6270.052245
379.5  0.928998  -6270.991402  -6270.062404
380.0  0.880493  -6270.954198  -6270.073704
380.5  0.850618  -6270.937703  -6270.087086
381.0  0.842028  -6270.944496  -6270.102469
381.5  0.850132  -6270.969216  -6270.119083
382.0  0.865759  -6271.001949  -6270.136190
382.5  0.878881  -6271.031808  -6270.152927
383.0  0.881492  -6271.050265  -6270.168773
383.5  0.868769  -6271.052569  -6270.183800
384.0  0.839943  -6271.038135  -6270.198192
384.5  0.799032  -6271.010913  -6270.211881
385.0  0.754532  -6270.979663  -6270.225132
385.5  0.717373  -6270.955961  -6270.238589
386.0  0.697154  -6270.950115  -6270.252961
386.5  0.698131  -6270.966342  -6270.268210
387.0  0.716976  -6271.001373  -6270.284396
387.5  0.743995  -6271.044638  -6270.300643
388.0  0.767187  -6271.083615  -6270.316428
388.5  0.776903  -6271.108322  -6270.331419
389.0  0.769517  -6271.114793  -6270.345276
389.5  0.748639  -6271.106406  -6270.357767
390.0  0.722960  -6271.091954  -6270.368994
390.5  0.702022  -6271.081348  -6270.379326
391.0  0.692014  -6271.081313  -6270.389300
391.5  0.693454  -6271.092870  -6270.399416
392.0  0.702026  -6271.111722  -6270.409696
392.5  0.711107  -6271.130882  -6270.419775
393.0  0.713907  -6271.144038  -6270.430130
393.5  0.705158  -6271.146639  -6270.441481
394.0  0.682309  -6271.136390  -6270.454081
394.5  0.645858  -6271.113809  -6270.467951
395.0  0.599150  -6271.082960  -6270.483810
395.5  0.548170  -6271.050510  -6270.502340
396.0  0.500498  -6271.024093  -6270.523595
396.5  0.462917  -6271.010489  -6270.547572
397.0  0.438741  -6271.012953  -6270.574212
397.5  0.426590  -6271.030639  -6270.604050
398.0  0.421652  -6271.058515  -6270.636862
398.5  0.418242  -6271.090601  -6270.672359
399.0  0.412386  -6271.122590  -6270.710205
399.5  0.403699  -6271.153305  -6270.749607
400.0  0.395215  -6271.185274  -6270.790059
