0.0  0.00000000 0.00000000 -0.89819660
0.5  -0.00131430 -0.00003728 -0.89819563
1.0  -0.00248847 0.00012062 -0.89819314
1.5  -0.00348146 0.00051235 -0.89818970
2.0  -0.00405306 0.00117061 -0.89818669
2.5  -0.00477043 0.00213160 -0.89818140
3.0  -0.00558884 0.00342240 -0.89817269
3.5  -0.00626504 0.00505120 -0.89816054
4.0  -0.00685018 0.00704313 -0.89814286
4.5  -0.00709495 0.00936224 -0.89811978
5.0  -0.00714909 0.01198011 -0.89808824
5.5  -0.00707985 0.01492914 -0.89804461
6.0  -0.00689885 0.01817625 -0.89798617
6.5  -0.00669177 0.02172155 -0.89790897
7.0  -0.00681820 0.02554631 -0.89780734
7.5  -0.00710923 0.02972344 -0.89767650
8.0  -0.00716789 0.03383047 -0.89753064
8.5  -0.00729392 0.03905551 -0.89731744
9.0  -0.00744177 0.04458379 -0.89705854
9.5  -0.00758209 0.04956074 -0.89679617
10.0  -0.00776107 0.05515778 -0.89646780
10.5  -0.00800477 0.06096599 -0.89608939
11.0  -0.00827226 0.06690467 -0.89566314
11.5  -0.00863705 0.07329004 -0.89515982
12.0  -0.00912520 0.07997768 -0.89458226
12.5  -0.00971963 0.08722845 -0.89389812
13.0  -0.01015060 0.09522562 -0.89307680
13.5  -0.01016529 0.10421341 -0.89207251
14.0  -0.00991752 0.11444703 -0.89082021
14.5  -0.00956082 0.12609325 -0.88925036
15.0  -0.00897212 0.13940768 -0.88726666
15.5  -0.00812222 0.15450359 -0.88477104
16.0  -0.00740914 0.17196328 -0.88155026
16.5  -0.00690873 0.19076532 -0.87767761
17.0  -0.00634943 0.21241491 -0.87269509
17.5  -0.00569647 0.23628733 -0.86654081
18.0  -0.00496952 0.26225485 -0.85904297
18.5  -0.00429828 0.28957206 -0.85022743
19.0  -0.00365715 0.31650523 -0.84057611
19.5  -0.00300967 0.33989477 -0.83139618
20.0  -0.00231805 0.35495000 -0.82508318
20.5  -0.00148474 0.35546277 -0.82486432
21.0  -0.00040750 0.37723390 -0.81513897
21.5  0.00029260 0.42087201 -0.79348837
22.0  0.00001457 0.47734218 -0.76085582
22.5  -0.00121740 0.53249104 -0.72333183
23.0  -0.00314028 0.57994220 -0.68586756
23.5  -0.00550258 0.61357971 -0.65593200
24.0  -0.00822850 0.63363704 -0.63654813
24.5  -0.01111637 0.64677500 -0.62314978
25.0  -0.01413724 0.66148181 -0.60745294
25.5  -0.01724178 0.66634107 -0.60203773
26.0  -0.02039413 0.66990974 -0.59796501
26.5  -0.02308525 0.67243532 -0.59502516
27.0  -0.02513256 0.67343356 -0.59381203
27.5  -0.02690906 0.67727975 -0.58934300
28.0  -0.02835536 0.68216891 -0.58360833
28.5  -0.02940522 0.69147501 -0.57249870
29.0  -0.03029359 0.70112161 -0.56059604
29.5  -0.03095077 0.70223492 -0.55916482
30.0  -0.03150680 0.70442833 -0.55636785
30.5  -0.03184931 0.70764121 -0.55225598
31.0  -0.03156747 0.71167683 -0.54706189
31.5  -0.03061860 0.71655125 -0.54071613
32.0  -0.02914767 0.72216781 -0.53327403
32.5  -0.02733291 0.72838867 -0.52484282
33.0  -0.02535844 0.73508857 -0.51551806
33.5  -0.02332724 0.74120550 -0.50678138
34.0  -0.02105420 0.74640504 -0.49919271
34.5  -0.01864067 0.74998745 -0.49389116
35.0  -0.01605387 0.75133915 -0.49192366
35.5  -0.01325197 0.75257724 -0.49011123
36.0  -0.01018655 0.75601672 -0.48486295
36.5  -0.00693542 0.76089422 -0.47723056
37.0  -0.00363497 0.76645372 -0.46828689
37.5  -0.00033539 0.77199923 -0.45910151
38.0  0.00286809 0.77714712 -0.45032349
38.5  0.00590875 0.78169936 -0.44234412
39.0  0.00875301 0.78620156 -0.43424373
39.5  0.01128230 0.79002831 -0.42718276
40.0  0.01348649 0.79315204 -0.42128979
40.5  0.01529767 0.79484230 -0.41802970
41.0  0.01656789 0.79996995 -0.40808175
41.5  0.01721191 0.80339369 -0.40127230
42.0  0.01709719 0.80668412 -0.39462076
42.5  0.01621599 0.81008678 -0.38762556
43.0  0.01473947 0.81356169 -0.38033834
43.5  0.01256129 0.81701465 -0.37294289
44.0  0.00948448 0.82032402 -0.36569888
44.5  0.00559746 0.82332177 -0.35898059
45.0  0.00102322 0.82586825 -0.35312563
45.5  -0.00406118 0.82791402 -0.34828007
46.0  -0.00951682 0.82926664 -0.34493970
46.5  -0.01526696 0.82989053 -0.34322843
47.0  -0.02117839 0.82988731 -0.34292223
47.5  -0.02714388 0.83045068 -0.34113342
48.0  -0.03309968 0.83154712 -0.33792147
48.5  -0.03891330 0.83304981 -0.33357293
49.0  -0.04447127 0.83487364 -0.32827648
49.5  -0.04967688 0.83680787 -0.32255531
50.0  -0.05441763 0.83872432 -0.31676073
50.5  -0.05855860 0.84072689 -0.31065465
51.0  -0.06202172 0.84245359 -0.30525788
51.5  -0.06490052 0.84404227 -0.30022941
52.0  -0.06719625 0.84542046 -0.29581418
52.5  -0.06880910 0.84643793 -0.29251540
53.0  -0.06987447 0.84754105 -0.28904820
53.5  -0.07037461 0.84852582 -0.28602181
54.0  -0.07011325 0.84873346 -0.28546938
54.5  -0.06917743 0.84932551 -0.28393273
55.0  -0.06763427 0.84970650 -0.28316356
55.5  -0.06548332 0.84992623 -0.28300967
56.0  -0.06286999 0.85067938 -0.28133446
56.5  -0.05980483 0.85630063 -0.26444233
57.0  -0.05631727 0.86350926 -0.24070158
57.5  -0.05254546 0.86638211 -0.23103712
58.0  -0.04843541 0.86681148 -0.23032369
58.5  -0.04406873 0.87012362 -0.21840322
59.0  -0.03957199 0.87136463 -0.21427753
59.5  -0.03499738 0.87272463 -0.20948518
60.0  -0.03042956 0.87410941 -0.20436222
60.5  -0.02590997 0.87527289 -0.19995790
61.0  -0.02146229 0.87628022 -0.19603435
61.5  -0.01714044 0.87709723 -0.19277910
62.0  -0.01296914 0.87766485 -0.19050809
62.5  -0.00903622 0.87796543 -0.18934670
63.0  -0.00543866 0.87801174 -0.18926946
63.5  -0.00229395 0.87829365 -0.18802163
64.0  0.00039483 0.87881870 -0.18556581
64.5  0.00259589 0.87955070 -0.18204655
65.0  0.00419723 0.88036115 -0.17805548
65.5  0.00518268 0.88141982 -0.17271181
66.0  0.00553711 0.88321695 -0.16326141
66.5  0.00524878 0.88358657 -0.16125863
67.0  0.00427390 0.88474219 -0.15482284
67.5  0.00257922 0.88587102 -0.14826669
68.0  0.00013400 0.88677511 -0.14278312
68.5  -0.00306124 0.88755326 -0.13782948
69.0  -0.00693219 0.88813189 -0.13390597
69.5  -0.01140764 0.88848547 -0.13122715
70.0  -0.01633641 0.88857473 -0.13009686
70.5  -0.02141343 0.88847298 -0.13005522
71.0  -0.02639958 0.88854133 -0.12866425
71.5  -0.03123144 0.88876557 -0.12600590
72.0  -0.03581126 0.88912292 -0.12220927
72.5  -0.03999095 0.88958931 -0.11742536
73.0  -0.04368446 0.89013331 -0.11185475
73.5  -0.04675913 0.89073417 -0.10565678
74.0  -0.04916399 0.89137093 -0.09898429
74.5  -0.05092503 0.89200636 -0.09213264
75.0  -0.05197433 0.89358015 -0.07463455
75.5  -0.05227128 0.89377792 -0.07201301
76.0  -0.05190812 0.89428603 -0.06568992
76.5  -0.05095485 0.89478693 -0.05930503
77.0  -0.04945636 0.89516183 -0.05474019
77.5  -0.04749633 0.89546797 -0.05136473
78.0  -0.04511681 0.89570486 -0.04933961
78.5  -0.04236044 0.89587050 -0.04877254
79.0  -0.03930300 0.89605335 -0.04796665
79.5  -0.03598496 0.89630551 -0.04581100
80.0  -0.03248043 0.89658495 -0.04286702
80.5  -0.02888299 0.89691004 -0.03840927
81.0  -0.02529338 0.89719937 -0.03392143
81.5  -0.02180297 0.89745221 -0.02934760
82.0  -0.01841624 0.89765980 -0.02499706
82.5  -0.01519250 0.89782080 -0.02107438
83.0  -0.01225693 0.89810573 -0.00360340
83.5  -0.00969451 0.89811703 0.00699574
84.0  -0.00750959 0.89811848 0.00916092
84.5  -0.00570377 0.89811838 0.01039094
85.0  -0.00431699 0.89812114 0.01081214
85.5  -0.00341110 0.89812731 0.01062218
86.0  -0.00296309 0.89813794 0.00982767
86.5  -0.00297749 0.89814968 0.00868445
87.0  -0.00348630 0.89818648 -0.00245178
87.5  -0.00446966 0.89818178 -0.00257790
88.0  -0.00590894 0.89815099 -0.00685606
88.5  -0.00776525 0.89800047 -0.01708774
89.0  -0.01000311 0.89771225 -0.02774485
89.5  -0.01263359 0.89754263 -0.03185507
90.0  -0.01565707 0.89734342 -0.03587146
90.5  -0.01907167 0.89643738 -0.05285287
91.0  -0.02284728 0.89610874 -0.05678259
91.5  -0.02690931 0.89573992 -0.06068779
92.0  -0.03115561 0.89539829 -0.06362666
92.5  -0.03549610 0.89509646 -0.06557039
93.0  -0.03985096 0.89491245 -0.06557992
93.5  -0.04414746 0.89476553 -0.06482886
94.0  -0.04831164 0.89469708 -0.06277145
94.5  -0.05225380 0.89468102 -0.05977073
95.0  -0.05590324 0.89475871 -0.05512536
95.5  -0.05927716 0.89486512 -0.04959603
96.0  -0.06244820 0.89496231 -0.04358691
96.5  -0.06528839 0.89507362 -0.03657549
97.0  -0.06765633 0.89517962 -0.02886518
97.5  -0.06952763 0.89526302 -0.02066766
98.0  -0.07090817 0.89530784 -0.01237078
98.5  -0.07178999 0.89531158 -0.00452841
99.0  -0.07212858 0.89529306 0.00222092
99.5  -0.07192836 0.89528353 0.00713007
100.0  -0.07114375 0.89532263 0.00964750
100.5  -0.06973721 0.89542906 0.01003188
101.0  -0.06776720 0.89553689 0.01335742
101.5  -0.06537706 0.89560496 0.01935752
102.0  -0.06259086 0.89558891 0.02756850
102.5  -0.05927041 0.89545826 0.03739863
103.0  -0.05542886 0.89518080 0.04833322
103.5  -0.05115038 0.89473850 0.05986466
104.0  -0.04653225 0.89408510 0.07213675
104.5  -0.04163570 0.89325132 0.08441370
105.0  -0.03656787 0.89220855 0.09687013
105.5  -0.03149704 0.89093931 0.10950893
106.0  -0.02660126 0.88941448 0.12243934
106.5  -0.02191415 0.88766243 0.13539687
107.0  -0.01751392 0.88560987 0.14881380
107.5  -0.01365357 0.88327052 0.16249278
108.0  -0.01045385 0.88068662 0.17617865
108.5  -0.00803537 0.87799006 0.18927761
109.0  -0.00648405 0.87544426 0.20077955
109.5  -0.00582613 0.87341381 0.20945526
110.0  -0.00567240 0.87230948 0.21401196
110.5  -0.00456745 0.87221421 0.21442628
111.0  -0.00256794 0.87081892 0.22005666
111.5  0.00022625 0.86816773 0.23030820
112.0  0.00372146 0.86442391 0.24395609
112.5  0.00776410 0.85988077 0.25942611
113.0  0.01218093 0.85488093 0.27529502
113.5  0.01679673 0.84981942 0.29031353
114.0  0.02155368 0.84500993 0.30372815
114.5  0.02625993 0.84065394 0.31522768
115.0  0.03062198 0.83685025 0.32480929
115.5  0.03455880 0.83386166 0.33202039
116.0  0.03809783 0.83115202 0.33836667
116.5  0.04115918 0.82927821 0.34257949
117.0  0.04356785 0.82804798 0.34524702
117.5  0.04531181 0.82743023 0.34650135
118.0  0.04675925 0.82725823 0.34671966
118.5  0.04800745 0.82649227 0.34837185
119.0  0.04860414 0.82539876 0.35087269
119.5  0.04829000 0.82434314 0.35338871
120.0  0.04837497 0.81808598 0.36763069
120.5  0.04894089 0.81675970 0.37049359
121.0  0.05009466 0.81531410 0.37351115
121.5  0.05179972 0.81065195 0.38329798
122.0  0.05392508 0.80284227 0.39911589
122.5  0.05633581 0.79729124 0.40976832
123.0  0.05898615 0.78936000 0.42448622
123.5  0.06181728 0.78142033 0.43854078
124.0  0.06478775 0.77638314 0.44697752
124.5  0.06791850 0.77284558 0.45260791
125.0  0.07122026 0.77042274 0.45621661
125.5  0.07477903 0.76931678 0.45751165
126.0  0.07850113 0.76852225 0.45822292
126.5  0.08225744 0.76673532 0.46055162
127.0  0.08614894 0.76415074 0.46412189
127.5  0.09005557 0.76087865 0.46873319
128.0  0.09365405 0.75701777 0.47424693
128.5  0.09685058 0.75261822 0.48056520
129.0  0.09970897 0.74760455 0.48775269
129.5  0.10236862 0.74190641 0.49583533
130.0  0.10488922 0.73520130 0.50520731
130.5  0.10724178 0.72784456 0.51526559
131.0  0.10921793 0.71937429 0.52662055
131.5  0.11063668 0.70995227 0.53896608
132.0  0.11144933 0.69963611 0.55212815
132.5  0.11165362 0.68792287 0.56661514
133.0  0.11119351 0.67502066 0.58201395
133.5  0.10981268 0.66050723 0.59868898
134.0  0.10757155 0.64421145 0.61658503
134.5  0.10468163 0.62590275 0.63564506
135.0  0.10109774 0.60657658 0.65467643
135.5  0.09681181 0.58575477 0.67399996
136.0  0.09193062 0.56565849 0.69161865
136.5  0.08655439 0.54821664 0.70620392
137.0  0.08072456 0.53617592 0.71606987
137.5  0.07456026 0.53220571 0.71969089
138.0  0.06818104 0.52762145 0.72368783
138.5  0.06172930 0.51302653 0.73467707
139.0  0.05537958 0.48994149 0.75076465
139.5  0.04938027 0.46121249 0.76915652
140.0  0.04391253 0.42995243 0.78738156
140.5  0.03909715 0.39999817 0.80326210
141.0  0.03528154 0.37242101 0.81658737
141.5  0.03248871 0.34760661 0.82756949
142.0  0.03052486 0.32664342 0.83613960
142.5  0.02916391 0.30906673 0.84284302
143.0  0.02839511 0.29448027 0.84807560
143.5  0.02749627 0.28256075 0.85215052
144.0  0.02623195 0.27300320 0.85530010
144.5  0.02455472 0.26551140 0.85770501
145.0  0.02261030 0.25993344 0.85946525
145.5  0.02089028 0.25603400 0.86067840
146.0  0.01919609 0.25388909 0.86135299
146.5  0.01731074 0.25336260 0.86154794
147.0  0.01571697 0.25183403 0.86202652
147.5  0.01462495 0.24802882 0.86314827
148.0  0.01385587 0.24237158 0.86476653
148.5  0.01357828 0.23479142 0.86685970
149.0  0.01327452 0.22638239 0.86909834
149.5  0.01276797 0.21634106 0.87165971
150.0  0.01260631 0.20500866 0.87439674
150.5  0.01236730 0.19223561 0.87729678
151.0  0.01182478 0.17905671 0.88008863
151.5  0.01137135 0.16483120 0.88286947
152.0  0.01087575 0.14912122 0.88566456
152.5  0.01034930 0.13127168 0.88849185
153.0  0.01007520 0.10974967 0.89140935
153.5  0.01019998 0.08295829 0.89429917
154.0  0.01068566 0.04904996 0.89679264
154.5  0.01150778 0.00344115 0.89811628
155.0  0.01289639 -0.05960901 0.89612364
155.5  0.01468010 -0.14221840 0.88674435
156.0  0.01641169 -0.23733237 0.86611843
156.5  0.01778487 -0.32121197 0.83860819
157.0  0.01858977 -0.37019441 0.81814891
157.5  0.01950294 -0.37714743 0.81494575
158.0  0.02061775 -0.40758243 0.80013036
158.5  0.02166213 -0.46371585 0.76893140
159.0  0.02278365 -0.53011543 0.72471765
159.5  0.02411913 -0.59379615 0.67348462
160.0  0.02569192 -0.64828884 0.62114300
160.5  0.02755978 -0.69184399 0.57214463
161.0  0.02975826 -0.72562266 0.52852940
161.5  0.03233841 -0.75111930 0.49145819
162.0  0.03531635 -0.77025356 0.46067271
162.5  0.03882523 -0.78470432 0.43530318
163.0  0.04279344 -0.79569797 0.41447629
163.5  0.04732259 -0.80444790 0.39671309
164.0  0.05253222 -0.81129533 0.38183422
164.5  0.05792927 -0.81705366 0.36854394
165.0  0.06360120 -0.81694163 0.36785649
165.5  0.07020564 -0.82722836 0.34281413
166.0  0.07740782 -0.83099780 0.33197562
166.5  0.08481258 -0.83445828 0.32131500
167.0  0.09231942 -0.83767731 0.31069435
167.5  0.09977589 -0.84072776 0.29996456
168.0  0.10706403 -0.84365655 0.28902948
168.5  0.11399585 -0.84650220 0.27784186
169.0  0.12036177 -0.84925835 0.26651532
169.5  0.12607959 -0.85187897 0.25527100
170.0  0.13102449 -0.85424096 0.24466729
170.5  0.13503708 -0.85616861 0.23557892
171.0  0.13802814 -0.85743816 0.22914005
171.5  0.13999141 -0.85790883 0.22616801
172.0  0.14087078 -0.85836600 0.22387575
172.5  0.14151083 -0.86006324 0.21684796
173.0  0.14328387 -0.86248416 0.20578613
173.5  0.14618605 -0.86529757 0.19143373
174.0  0.15016434 -0.86784207 0.17623263
174.5  0.15514435 -0.86989641 0.16114465
175.0  0.16096994 -0.87131621 0.14715255
175.5  0.16751429 -0.87208045 0.13480273
176.0  0.17456319 -0.87223568 0.12445777
176.5  0.18185202 -0.87190315 0.11606840
177.0  0.18934393 -0.87112306 0.10977528
177.5  0.19688965 -0.87008573 0.10460597
178.0  0.20419650 -0.86877394 0.10145328
178.5  0.21111341 -0.86730126 0.09988386
179.0  0.21745997 -0.86571514 0.10002793
179.5  0.22311165 -0.86440474 0.09890790
180.0  0.22802373 -0.86332959 0.09707893
180.5  0.23212909 -0.86263523 0.09345414
181.0  0.23543941 -0.86231724 0.08794535
181.5  0.23795806 -0.86234079 0.08063155
182.0  0.23966353 -0.86264042 0.07190284
182.5  0.24055389 -0.86313152 0.06240941
183.0  0.24060027 -0.86370841 0.05363229
183.5  0.24127987 -0.86390989 0.04691326
184.0  0.24283648 -0.86367931 0.04296071
184.5  0.24522557 -0.86304984 0.04203003
185.0  0.24838637 -0.86222066 0.04045833
185.5  0.25222258 -0.86127876 0.03660329
186.0  0.25662683 -0.86019593 0.03102844
186.5  0.26148628 -0.85895492 0.02405209
187.0  0.26669045 -0.85753681 0.01624683
187.5  0.27205849 -0.85596511 0.00806420
188.0  0.27756188 -0.85423414 -0.00075600
188.5  0.28324733 -0.85229201 -0.01124337
189.0  0.28895904 -0.85023029 -0.01919015
189.5  0.29453933 -0.84806146 -0.02820411
190.0  0.29992088 -0.84584557 -0.03674040
190.5  0.30505893 -0.84359443 -0.04521747
191.0  0.30990324 -0.84134543 -0.05343204
191.5  0.31437525 -0.83914528 -0.06132312
192.0  0.31841548 -0.83704404 -0.06874584
192.5  0.32195083 -0.83511479 -0.07541929
193.0  0.32490754 -0.83344158 -0.08103915
193.5  0.32727579 -0.83209428 -0.08524551
194.0  0.32899718 -0.83115600 -0.08773649
194.5  0.32998558 -0.83069651 -0.08837398
195.0  0.33021367 -0.83044907 -0.08983538
195.5  0.32964815 -0.83029159 -0.09330112
196.0  0.32829001 -0.83022905 -0.09850138
196.5  0.32615225 -0.83025897 -0.10512788
197.0  0.32323518 -0.83039905 -0.11275442
197.5  0.31956979 -0.83065679 -0.12100233
198.0  0.31522318 -0.83103034 -0.12953780
198.5  0.31031406 -0.83152499 -0.13794384
199.0  0.30507651 -0.83209969 -0.14592994
199.5  0.29957521 -0.83274005 -0.15347910
200.0  0.29370570 -0.83354754 -0.16028907
200.5  0.28757020 -0.83451458 -0.16627065
201.0  0.28133440 -0.83495387 -0.17452826
201.5  0.27515772 -0.83687726 -0.17516221
202.0  0.26931248 -0.83826925 -0.17757415
202.5  0.26377751 -0.83981032 -0.17859781
203.0  0.25864617 -0.84134092 -0.17889868
203.5  0.25399004 -0.84261607 -0.17956708
204.0  0.24989082 -0.84362064 -0.18059877
204.5  0.24641665 -0.84435792 -0.18192216
205.0  0.24368341 -0.84483306 -0.18339198
205.5  0.24174866 -0.84506382 -0.18488336
206.0  0.24067256 -0.84510077 -0.18611432
206.5  0.24048486 -0.84477722 -0.18781803
207.0  0.24002100 -0.84456416 -0.18936320
207.5  0.23854189 -0.84482233 -0.19007925
208.0  0.23600598 -0.84543180 -0.19053446
208.5  0.23239501 -0.84645819 -0.19041589
209.0  0.22779658 -0.84790572 -0.18953029
209.5  0.22236134 -0.84971831 -0.18785991
210.0  0.21623931 -0.85196967 -0.18478467
210.5  0.20959719 -0.85434444 -0.18144346
211.0  0.20247917 -0.85691454 -0.17736062
211.5  0.19509757 -0.85952491 -0.17294796
212.0  0.18749623 -0.86208756 -0.16854476
212.5  0.17970945 -0.86451013 -0.16457180
213.0  0.17199865 -0.86668904 -0.16131864
213.5  0.16459937 -0.86854676 -0.15903052
214.0  0.15766181 -0.87012225 -0.15743937
214.5  0.15129974 -0.87133195 -0.15699090
215.0  0.14565645 -0.87221209 -0.15744011
215.5  0.14085647 -0.87278711 -0.15861662
216.0  0.13702859 -0.87308708 -0.16030983
216.5  0.13423322 -0.87314661 -0.16233781
217.0  0.13250796 -0.87307492 -0.16413091
217.5  0.13187774 -0.87267707 -0.16673367
218.0  0.13121529 -0.87223463 -0.16954773
218.5  0.12951138 -0.87184811 -0.17281436
219.0  0.12681220 -0.87143151 -0.17686975
219.5  0.12318037 -0.87027517 -0.18494552
220.0  0.11867105 -0.87006851 -0.18882556
220.5  0.11328060 -0.86753720 -0.20323345
221.0  0.10707031 -0.86652430 -0.21078118
221.5  0.10006034 -0.86528718 -0.21914186
222.0  0.09249247 -0.86412763 -0.22690463
222.5  0.08453253 -0.86311156 -0.23377299
223.0  0.07626223 -0.86243852 -0.23904182
223.5  0.06773909 -0.86229097 -0.24212151
224.0  0.05895252 -0.86280113 -0.24260244
224.5  0.04995768 -0.86269980 -0.24497024
225.0  0.04091902 -0.86180403 -0.24975301
225.5  0.03215247 -0.86020289 -0.25646506
226.0  0.02383091 -0.85809520 -0.26431391
226.5  0.01587361 -0.85572525 -0.27246917
227.0  0.00832535 -0.85335070 -0.28014352
227.5  0.00148365 -0.84736418 -0.29787391
228.0  -0.00447977 -0.84601402 -0.30165766
228.5  -0.00955123 -0.84363975 -0.30811991
229.0  -0.01366205 -0.84193151 -0.31260488
229.5  -0.01674202 -0.84068565 -0.31579180
230.0  -0.01865941 -0.83965956 -0.31840347
230.5  -0.01939825 -0.83897354 -0.32016282
231.0  -0.02018995 -0.83845331 -0.32147402
231.5  -0.02219000 -0.83810209 -0.32225708
232.0  -0.02545643 -0.83790924 -0.32251697
232.5  -0.02988070 -0.83766956 -0.32275993
233.0  -0.03525799 -0.83712569 -0.32362723
233.5  -0.04138235 -0.83615188 -0.32541459
234.0  -0.04816446 -0.83467488 -0.32826082
234.5  -0.05555632 -0.83255839 -0.33244120
235.0  -0.06337713 -0.82683056 -0.34509664
235.5  -0.07156397 -0.82372764 -0.35086820
236.0  -0.07990855 -0.81445117 -0.37019054
236.5  -0.08821642 -0.81194066 -0.37380123
237.0  -0.09661323 -0.81012370 -0.37566289
237.5  -0.10488011 -0.80274943 -0.38903809
238.0  -0.11258238 -0.79892497 -0.39471665
238.5  -0.11967383 -0.79622256 -0.39807654
239.0  -0.12604546 -0.79515708 -0.39823974
239.5  -0.13160019 -0.79302006 -0.40069652
240.0  -0.13624099 -0.78997120 -0.40514322
240.5  -0.13997746 -0.78622502 -0.41111270
241.0  -0.14274729 -0.78196262 -0.41822816
241.5  -0.14456743 -0.77725677 -0.42629720
242.0  -0.14560501 -0.76649205 -0.44502387
242.5  -0.14571682 -0.76563042 -0.44646813
243.0  -0.14620421 -0.75891523 -0.45763427
243.5  -0.14724477 -0.75072966 -0.47061776
244.0  -0.14908325 -0.74046806 -0.48604358
244.5  -0.15204501 -0.72740772 -0.50449723
245.0  -0.15562819 -0.71080893 -0.52658110
245.5  -0.15932675 -0.69008261 -0.55241117
246.0  -0.16284733 -0.66558629 -0.58071746
246.5  -0.16601528 -0.63892904 -0.60906957
247.0  -0.16863645 -0.61312925 -0.63434328
247.5  -0.17059310 -0.58889289 -0.65639949
248.0  -0.17192102 -0.57119622 -0.67151706
248.5  -0.17305448 -0.56538154 -0.67613090
249.0  -0.17425294 -0.56158331 -0.67898250
249.5  -0.17545690 -0.55009207 -0.68801942
250.0  -0.17661406 -0.53650613 -0.69837367
250.5  -0.17766936 -0.51509930 -0.71404722
251.0  -0.17862504 -0.49079347 -0.73073388
251.5  -0.17947714 -0.46523665 -0.74706087
252.0  -0.18003829 -0.43941769 -0.76240110
252.5  -0.18029885 -0.41515018 -0.77582200
253.0  -0.18020265 -0.39324790 -0.78717229
253.5  -0.17973544 -0.37434055 -0.79644300
254.0  -0.17893903 -0.35781111 -0.80418229
254.5  -0.17761479 -0.34327490 -0.81078509
255.0  -0.17578638 -0.33293570 -0.81548151
255.5  -0.17342162 -0.31948971 -0.82134548
256.0  -0.17067078 -0.30985228 -0.82560292
256.5  -0.16798252 -0.30075503 -0.82950914
257.0  -0.16585433 -0.29174737 -0.83314641
257.5  -0.16351021 -0.28282147 -0.83668008
258.0  -0.16013156 -0.27340150 -0.84045620
258.5  -0.15618737 -0.26300215 -0.84450726
259.0  -0.15292226 -0.25101261 -0.84874294
259.5  -0.15091858 -0.23691203 -0.85314325
260.0  -0.14959706 -0.21950610 -0.85801802
260.5  -0.14883712 -0.19695741 -0.86360432
261.0  -0.14850328 -0.16575855 -0.87018849
261.5  -0.14868469 -0.11856482 -0.87783391
262.0  -0.14924192 -0.04274458 -0.88467897
262.5  -0.15005940 0.08610254 -0.88137714
263.0  -0.15132684 0.28435292 -0.83845139
263.5  -0.15275305 0.48261386 -0.74196192
264.0  -0.15402142 0.60780334 -0.64312489
264.5  -0.15528268 0.67242675 -0.57487971
265.0  -0.15659577 0.70945408 -0.52811911
265.5  -0.15790828 0.73298670 -0.49452259
266.0  -0.15932295 0.74971741 -0.46829172
266.5  -0.16092021 0.76593211 -0.44069242
267.0  -0.16269081 0.77780441 -0.41869932
267.5  -0.16406305 0.85240496 -0.23075145
268.0  -0.16479298 0.88017574 0.06993612
268.5  -0.16539019 0.87508996 0.11670805
269.0  -0.16558114 0.87253848 0.13422599
269.5  -0.16495291 0.87104162 0.14434045
270.0  -0.16472770 0.86979311 0.15192715
270.5  -0.16480656 0.86858256 0.15861988
271.0  -0.16517420 0.86726343 0.16531410
271.5  -0.16572751 0.86396231 0.18127504
272.0  -0.16663167 0.86366738 0.18185069
272.5  -0.16819499 0.86309780 0.18311133
273.0  -0.17008800 0.86066796 0.19255613
273.5  -0.17159698 0.85427650 0.21799833
274.0  -0.17257818 0.84979003 0.23415976
274.5  -0.17324835 0.84454435 0.25196624
275.0  -0.17375546 0.83845772 0.27120992
275.5  -0.17409611 0.83153240 0.29155024
276.0  -0.17388067 0.82389220 0.31260882
276.5  -0.17304516 0.81564166 0.33397782
277.0  -0.17187630 0.80680169 0.35536839
277.5  -0.17058253 0.79748362 0.37640219
278.0  -0.16915783 0.78800652 0.39647003
278.5  -0.16754151 0.77892797 0.41467842
279.0  -0.16579984 0.77099251 0.42992801
279.5  -0.16405026 0.76505666 0.44105890
280.0  -0.16224409 0.76190662 0.44713787
280.5  -0.16045409 0.76184696 0.44788483
281.0  -0.15890526 0.75992600 0.45168432
281.5  -0.15774181 0.75531212 0.45975891
282.0  -0.15686362 0.74848577 0.47108384
282.5  -0.15611548 0.74006655 0.48444461
283.0  -0.15567496 0.73021687 0.49930527
283.5  -0.15545354 0.71964217 0.51449632
284.0  -0.15548425 0.70842170 0.52983060
284.5  -0.15588883 0.69672605 0.54500331
285.0  -0.15660797 0.68475480 0.55976954
285.5  -0.15743264 0.67274310 0.57392404
286.0  -0.15816614 0.66098975 0.58722495
286.5  -0.15882041 0.64985815 0.59934763
287.0  -0.15916491 0.63981229 0.60997040
287.5  -0.15888553 0.63102918 0.61912413
288.0  -0.15806385 0.62402975 0.62638631
288.5  -0.15720075 0.61857682 0.63198716
289.0  -0.15630969 0.61479961 0.63588195
289.5  -0.15502326 0.61273493 0.63818557
290.0  -0.15336454 0.61198589 0.63930409
290.5  -0.15132755 0.61085691 0.64086733
291.0  -0.14915380 0.60917771 0.64297184
291.5  -0.14684688 0.60676995 0.64577345
292.0  -0.14415017 0.60417825 0.64880389
292.5  -0.14111233 0.60160277 0.65185776
293.0  -0.13802346 0.59913966 0.65478112
293.5  -0.13506527 0.59683220 0.65749968
294.0  -0.13230906 0.59467851 0.66000675
294.5  -0.12970529 0.59271211 0.66228848
295.0  -0.12719061 0.59093739 0.66435885
295.5  -0.12485220 0.58932267 0.66623408
296.0  -0.12268140 0.58787491 0.66791428
296.5  -0.12063545 0.58656162 0.66943982
297.0  -0.11873266 0.58532071 0.67086463
297.5  -0.11696949 0.58419044 0.67215831
298.0  -0.11542442 0.58323585 0.67325350
298.5  -0.11418957 0.58248657 0.67411220
299.0  -0.11327034 0.58195777 0.67472373
299.5  -0.11272693 0.58167088 0.67506204
300.0  -0.11267760 0.58164971 0.67508852
300.5  -0.11325380 0.58187709 0.67479609
301.0  -0.11431389 0.58239562 0.67416972
301.5  -0.11576172 0.58325715 0.67317713
302.0  -0.11757271 0.58445849 0.67181996
302.5  -0.11971368 0.58599392 0.67010215
303.0  -0.12203925 0.58782503 0.66807581
303.5  -0.12453331 0.59018074 0.66553383
304.0  -0.12733978 0.59199171 0.66339092
304.5  -0.13056636 0.59396891 0.66099205
305.0  -0.13427483 0.59508027 0.65924720
305.5  -0.13822578 0.59829336 0.65551187
306.0  -0.14202789 0.60618998 0.64739394
306.5  -0.14556383 0.60979179 0.64321247
307.0  -0.14864059 0.61410050 0.63839148
307.5  -0.15129468 0.61577449 0.63615158
308.0  -0.15376541 0.61720138 0.63417331
308.5  -0.15598855 0.61856797 0.63229610
309.0  -0.15795063 0.61990685 0.63049522
309.5  -0.15962331 0.62101192 0.62898468
310.0  -0.16082871 0.62263684 0.62706828
310.5  -0.16165124 0.62445503 0.62504553
311.0  -0.16206228 0.62667418 0.62271375
311.5  -0.16213545 0.62921309 0.62012911
312.0  -0.16193344 0.63208392 0.61725571
312.5  -0.16121931 0.63537967 0.61405060
313.0  -0.15997535 0.63908481 0.61052078
313.5  -0.15812550 0.64325522 0.60661040
314.0  -0.15570714 0.64790249 0.60227467
314.5  -0.15286736 0.65288580 0.59760257
315.0  -0.14951639 0.65810580 0.59270459
315.5  -0.14573195 0.66340697 0.58771636
316.0  -0.14169379 0.66830443 0.58313737
316.5  -0.13734477 0.67297187 0.57879392
317.0  -0.13289854 0.67695330 0.57517765
317.5  -0.12833398 0.68001577 0.57259590
318.0  -0.12375792 0.68192326 0.57133333
318.5  -0.11915030 0.68251891 0.57160150
319.0  -0.11449716 0.68395284 0.57083802
319.5  -0.10999235 0.68679797 0.56830217
320.0  -0.10582004 0.69093424 0.56406482
320.5  -0.10222973 0.69615050 0.55828371
321.0  -0.09932211 0.70220442 0.55118164
321.5  -0.09698935 0.70885231 0.54302726
322.0  -0.09473338 0.71589992 0.53410675
322.5  -0.09270309 0.72302411 0.52478510
323.0  -0.09164453 0.72988742 0.51538604
323.5  -0.09163705 0.73624014 0.50627091
324.0  -0.09236131 0.74193306 0.49775681
324.5  -0.09375912 0.74678723 0.49017874
325.0  -0.09578011 0.75078138 0.48364307
325.5  -0.09829963 0.75389823 0.47825909
326.0  -0.10138659 0.75625491 0.47387382
326.5  -0.10477032 0.75797462 0.47037727
327.0  -0.10841342 0.75900815 0.46787850
327.5  -0.11245780 0.75934832 0.46636948
328.0  -0.11628295 0.75968766 0.46487640
328.5  -0.11983278 0.75991558 0.46360062
329.0  -0.12354556 0.76030979 0.46197688
329.5  -0.12734738 0.76080136 0.46013157
330.0  -0.13112920 0.76133413 0.45818402
330.5  -0.13472547 0.76191775 0.45616611
331.0  -0.13835928 0.76248789 0.45412119
331.5  -0.14194654 0.76309273 0.45199313
332.0  -0.14494601 0.76388700 0.44969371
332.5  -0.14726406 0.76488595 0.44723585
333.0  -0.14909856 0.76607968 0.44457696
333.5  -0.15039199 0.76755165 0.44159240
334.0  -0.15116136 0.76930267 0.43827020
334.5  -0.15125475 0.77138036 0.43457043
335.0  -0.15056889 0.77376721 0.43054668
335.5  -0.14939715 0.77633838 0.42630544
336.0  -0.14805958 0.77887180 0.42213055
336.5  -0.14646488 0.78134752 0.41809235
337.0  -0.14459926 0.78368803 0.41434437
337.5  -0.14259295 0.78567483 0.41126565
338.0  -0.14024119 0.78721310 0.40912721
338.5  -0.13747401 0.78820632 0.40815293
339.0  -0.13430827 0.78859500 0.40845605
339.5  -0.13085946 0.78923591 0.40833762
340.0  -0.12729164 0.79060269 0.40681856
340.5  -0.12373017 0.79265444 0.40391449
341.0  -0.12026151 0.79529636 0.39974742
341.5  -0.11706881 0.79836455 0.39454540
342.0  -0.11406608 0.80159866 0.38882599
342.5  -0.11139617 0.80485410 0.38282880
343.0  -0.10904848 0.80800384 0.37682270
343.5  -0.10698548 0.81082638 0.37131093
344.0  -0.10512946 0.81327408 0.36645626
344.5  -0.10336943 0.81537787 0.36225794
345.0  -0.10167556 0.81718211 0.35865389
345.5  -0.09977369 0.81876019 0.35557572
346.0  -0.09784728 0.82010395 0.35300503
346.5  -0.09604117 0.82116320 0.35103307
347.0  -0.09419954 0.82190683 0.34978956
347.5  -0.09240722 0.82223141 0.34950471
348.0  -0.09079172 0.82276635 0.34866821
348.5  -0.08937293 0.82385672 0.34645303
349.0  -0.08821616 0.82553221 0.34274131
349.5  -0.08735960 0.82770476 0.33768366
350.0  -0.08675359 0.83023697 0.33156826
350.5  -0.08638661 0.83292276 0.32486020
351.0  -0.08653712 0.83552119 0.31807672
351.5  -0.08726776 0.83785235 0.31168078
352.0  -0.08839770 0.83979805 0.30607548
352.5  -0.08990491 0.84127900 0.30153586
353.0  -0.09209334 0.84224544 0.29815863
353.5  -0.09487576 0.84268943 0.29602405
354.0  -0.09799182 0.84263931 0.29515035
354.5  -0.10151362 0.84294942 0.29306720
355.0  -0.10516629 0.84360661 0.28987078
355.5  -0.10891850 0.84450878 0.28583002
356.0  -0.11284178 0.84551008 0.28131221
356.5  -0.11676004 0.84648746 0.27673670
357.0  -0.12070335 0.84728173 0.27258301
357.5  -0.12460082 0.84775560 0.26933661
358.0  -0.12851104 0.84778347 0.26740460
358.5  -0.13209253 0.84787229 0.26537006
359.0  -0.13558859 0.84861136 0.26121184
359.5  -0.13919857 0.85002280 0.25464116
360.0  -0.14238760 0.85222903 0.24533359
360.5  -0.14510468 0.85518831 0.23314099
361.0  -0.14787495 0.85872573 0.21789961
361.5  -0.15079117 0.86358364 0.19555678
362.0  -0.15360514 0.86747538 0.17506873
362.5  -0.15630581 0.87155354 0.15073172
363.0  -0.15898084 0.87552920 0.12219185
363.5  -0.16184663 0.87899861 0.08901817
364.0  -0.16480543 0.88148498 0.05079884
364.5  -0.16784098 0.88234582 0.00723838
365.0  -0.17121047 0.88072852 -0.04196876
365.5  -0.17480060 0.87555066 -0.09804547
366.0  -0.17832235 0.86550111 -0.16082942
366.5  -0.18148703 0.84897335 -0.23035587
367.0  -0.18406997 0.82434343 -0.30550497
367.5  -0.18598408 0.79064090 -0.38347622
368.0  -0.18859550 0.74793230 -0.46020228
368.5  -0.19206131 0.69947096 -0.52972630
369.0  -0.19587102 0.65019546 -0.58790946
369.5  -0.19949638 0.60434648 -0.63381673
370.0  -0.20285850 0.56416531 -0.66882214
370.5  -0.20593318 0.53041592 -0.69498748
371.0  -0.20862973 0.49745998 -0.71816735
371.5  -0.21080916 0.47844686 -0.73034596
372.0  -0.21251972 0.46271340 -0.73992486
372.5  -0.21392341 0.44206885 -0.75204324
373.0  -0.21504844 0.42317680 -0.76251734
373.5  -0.21595360 0.41175526 -0.76849123
374.0  -0.21672436 0.39858187 -0.77519041
374.5  -0.21726808 0.37079385 -0.78871011
375.0  -0.21756100 0.34633826 -0.79967128
375.5  -0.21771551 0.31727074 -0.81160111
376.0  -0.21790313 0.28397986 -0.82379050
376.5  -0.21834088 0.24713123 -0.83547025
377.0  -0.21878323 0.20853616 -0.84581540
377.5  -0.21928225 0.17018319 -0.85423071
378.0  -0.22004459 0.13433175 -0.86040251
378.5  -0.22116221 0.10241353 -0.86449747
379.0  -0.22267922 0.07479095 -0.86693564
379.5  -0.22464540 0.05154962 -0.86812108
380.0  -0.22713936 0.03231821 -0.86840104
380.5  -0.23017927 0.01648442 -0.86804545
381.0  -0.23363761 0.00333813 -0.86727127
381.5  -0.23723455 -0.00764410 -0.86626697
382.0  -0.24088780 -0.01685901 -0.86512772
382.5  -0.24447633 -0.02463322 -0.86393382
383.0  -0.24792194 -0.03119292 -0.86273915
383.5  -0.25129050 -0.03666880 -0.86154838
384.0  -0.25460182 -0.04109573 -0.86037561
384.5  -0.25787419 -0.04462695 -0.85922434
385.0  -0.26113773 -0.04748020 -0.85808498
385.5  -0.26447535 -0.04982930 -0.85692879
386.0  -0.26793564 -0.05172781 -0.85574053
386.5  -0.27147106 -0.05326327 -0.85453123
387.0  -0.27505627 -0.05448987 -0.85330653
387.5  -0.27862202 -0.05545094 -0.85208690
388.0  -0.28210434 -0.05599367 -0.85090480
388.5  -0.28554689 -0.05610236 -0.84974857
389.0  -0.28890650 -0.05569176 -0.84863926
389.5  -0.29204513 -0.05480037 -0.84762238
390.0  -0.29492121 -0.05343384 -0.84671331
390.5  -0.29754930 -0.05160665 -0.84590679
391.0  -0.29998977 -0.04934433 -0.84517951
391.5  -0.30241950 -0.04681522 -0.84445717
392.0  -0.30481277 -0.04419288 -0.84373769
392.5  -0.30717466 -0.04155808 -0.84301470
393.0  -0.30976832 -0.03899400 -0.84218774
393.5  -0.31283778 -0.03673022 -0.84115429
394.0  -0.31641789 -0.03494170 -0.83989042
394.5  -0.32056571 -0.03376918 -0.83836412
395.0  -0.32554710 -0.03325455 -0.83646300
395.5  -0.33148534 -0.03345293 -0.83411959
396.0  -0.33831599 -0.03443273 -0.83133255
396.5  -0.34585634 -0.03628812 -0.82814473
397.0  -0.35408435 -0.03900003 -0.82453648
397.5  -0.36308801 -0.04254871 -0.82043515
398.0  -0.37278505 -0.04684459 -0.81583945
398.5  -0.38313899 -0.05177619 -0.81072860
399.0  -0.39408085 -0.05725132 -0.80509608
399.5  -0.40535768 -0.06328312 -0.79902286
400.0  -0.41680287 -0.06978500 -0.79256706
