0.0  -0.00000000 0.00000000 -1.09235657
0.5  -0.00159841 -0.00004533 -1.09235540
1.0  -0.00302639 0.00014670 -1.09235237
1.5  -0.00423403 0.00062310 -1.09234819
2.0  -0.00492919 0.00142366 -1.09234452
2.5  -0.00580164 0.00259238 -1.09233809
3.0  -0.00679695 0.00416221 -1.09232749
3.5  -0.00761933 0.00614310 -1.09231272
4.0  -0.00833096 0.00856562 -1.09229121
4.5  -0.00862865 0.01138605 -1.09226314
5.0  -0.00869449 0.01456981 -1.09222479
5.5  -0.00861027 0.01815632 -1.09217173
6.0  -0.00839015 0.02210535 -1.09210065
6.5  -0.00813831 0.02641702 -1.09200677
7.0  -0.00829206 0.03106856 -1.09188317
7.5  -0.00864600 0.03614865 -1.09172405
8.0  -0.00871734 0.04114348 -1.09154665
8.5  -0.00887063 0.04749800 -1.09128737
9.0  -0.00905043 0.05422131 -1.09097251
9.5  -0.00922109 0.06027411 -1.09065342
10.0  -0.00943875 0.06708104 -1.09025406
10.5  -0.00973513 0.07414479 -1.08979386
11.0  -0.01006044 0.08136722 -1.08927546
11.5  -0.01050409 0.08913288 -1.08866334
12.0  -0.01109776 0.09726617 -1.08796094
12.5  -0.01182069 0.10608432 -1.08712891
13.0  -0.01234482 0.11581020 -1.08613005
13.5  -0.01236269 0.12674086 -1.08490866
14.0  -0.01206135 0.13918664 -1.08338565
14.5  -0.01162755 0.15335039 -1.08147646
15.0  -0.01091159 0.16954294 -1.07906395
15.5  -0.00987797 0.18790209 -1.07602886
16.0  -0.00901074 0.20913597 -1.07211185
16.5  -0.00840216 0.23200238 -1.06740207
17.0  -0.00772197 0.25833189 -1.06134249
17.5  -0.00692786 0.28736473 -1.05385786
18.0  -0.00604377 0.31894555 -1.04473924
18.5  -0.00522742 0.35216782 -1.03401807
19.0  -0.00444770 0.38492304 -1.02228046
19.5  -0.00366026 0.41336861 -1.01111615
20.0  -0.00281913 0.43167829 -1.00343848
20.5  -0.00180569 0.43230189 -1.00317231
21.0  -0.00049559 0.45877921 -0.99134467
21.5  0.00035585 0.51185042 -0.96501394
22.0  0.00001772 0.58052754 -0.92532732
22.5  -0.00148056 0.64759774 -0.87969190
23.0  -0.00381910 0.70530625 -0.83412912
23.5  -0.00669205 0.74621506 -0.79772250
24.0  -0.01000722 0.77060811 -0.77414848
24.5  -0.01351935 0.78658606 -0.75785386
25.0  -0.01719324 0.80447199 -0.73876389
25.5  -0.02096888 0.81038166 -0.73217809
26.0  -0.02480266 0.81472175 -0.72722498
26.5  -0.02807551 0.81779327 -0.72364964
27.0  -0.03056537 0.81900730 -0.72217427
27.5  -0.03272589 0.82368491 -0.71673918
28.0  -0.03448484 0.82963094 -0.70976487
28.5  -0.03576164 0.84094871 -0.69625372
29.0  -0.03684205 0.85268058 -0.68177809
29.5  -0.03764129 0.85403455 -0.68003749
30.0  -0.03831751 0.85670210 -0.67663591
30.5  -0.03873406 0.86060950 -0.67163519
31.0  -0.03839130 0.86551749 -0.66531831
31.5  -0.03723731 0.87144560 -0.65760081
32.0  -0.03544842 0.87827626 -0.64854999
32.5  -0.03324137 0.88584186 -0.63829623
33.0  -0.03084009 0.89399006 -0.62695577
33.5  -0.02836981 0.90142927 -0.61633051
34.0  -0.02560541 0.90775277 -0.60710142
34.5  -0.02267016 0.91210958 -0.60065385
35.0  -0.01952417 0.91375347 -0.59826105
35.5  -0.01611660 0.91525919 -0.59605683
36.0  -0.01238853 0.91944217 -0.58967405
36.5  -0.00843463 0.92537403 -0.58039180
37.0  -0.00442073 0.93213530 -0.56951480
37.5  -0.00040790 0.93887957 -0.55834386
38.0  0.00348808 0.94514026 -0.54766833
38.5  0.00718602 0.95067654 -0.53796408
39.0  0.01064511 0.95615196 -0.52811266
39.5  0.01372116 0.96080592 -0.51952534
40.0  0.01640182 0.96460490 -0.51235850
40.5  0.01860451 0.96666054 -0.50839370
41.0  0.02014931 0.97289661 -0.49629534
41.5  0.02093255 0.97706045 -0.48801391
42.0  0.02079303 0.98106216 -0.47992453
42.5  0.01972135 0.98520037 -0.47141720
43.0  0.01792565 0.98942643 -0.46255473
43.5  0.01527662 0.99362581 -0.45356063
44.0  0.01153470 0.99765056 -0.44475070
44.5  0.00680744 1.00129631 -0.43658015
45.0  0.00124440 1.00439326 -0.42945955
45.5  -0.00493907 1.00688126 -0.42356653
46.0  -0.01157404 1.00852627 -0.41950410
46.5  -0.01856716 1.00928502 -0.41742291
47.0  -0.02575645 1.00928110 -0.41705052
47.5  -0.03301147 1.00996625 -0.41487502
48.0  -0.04025472 1.01129972 -0.41096875
48.5  -0.04732505 1.01312723 -0.40568020
49.0  -0.05408446 1.01534531 -0.39923884
49.5  -0.06041536 1.01769765 -0.39228095
50.0  -0.06618090 1.02002838 -0.38523377
50.5  -0.07121701 1.02246384 -0.37780776
51.0  -0.07542874 1.02456380 -0.37124440
51.5  -0.07892983 1.02649589 -0.36512894
52.0  -0.08172182 1.02817200 -0.35975929
52.5  -0.08368332 1.02940942 -0.35574742
53.0  -0.08497898 1.03075099 -0.35153072
53.5  -0.08558723 1.03194864 -0.34785013
54.0  -0.08526938 1.03220117 -0.34717828
54.5  -0.08413126 1.03292119 -0.34530946
55.0  -0.08225453 1.03338454 -0.34437402
55.5  -0.07963861 1.03365176 -0.34418687
56.0  -0.07646038 1.03456773 -0.34214953
56.5  -0.07273262 1.04140410 -0.32160589
57.0  -0.06849118 1.05017099 -0.29273319
57.5  -0.06390402 1.05366485 -0.28097959
58.0  -0.05890552 1.05418704 -0.28011194
58.5  -0.05359491 1.05821515 -0.26561467
59.0  -0.04812613 1.05972444 -0.26059714
59.5  -0.04256264 1.06137841 -0.25476884
60.0  -0.03700741 1.06306253 -0.24853847
60.5  -0.03151083 1.06447753 -0.24318209
61.0  -0.02610172 1.06570261 -0.23841039
61.5  -0.02084562 1.06669623 -0.23445148
62.0  -0.01577263 1.06738655 -0.23168955
62.5  -0.01098955 1.06775211 -0.23027710
63.0  -0.00661432 1.06780842 -0.23018317
63.5  -0.00278982 1.06815127 -0.22866560
64.0  0.00048018 1.06878982 -0.22567891
64.5  0.00315703 1.06968006 -0.22139891
65.0  0.00510453 1.07066570 -0.21654510
65.5  0.00630300 1.07195322 -0.21004630
66.0  0.00673404 1.07413882 -0.19855305
66.5  0.00638339 1.07458835 -0.19611733
67.0  0.00519777 1.07599377 -0.18829035
67.5  0.00313677 1.07736662 -0.18031697
68.0  0.00016296 1.07846614 -0.17364804
68.5  -0.00372298 1.07941250 -0.16762358
69.0  -0.00843069 1.08011621 -0.16285195
69.5  -0.01387359 1.08054622 -0.15959405
70.0  -0.01986779 1.08065478 -0.15821944
70.5  -0.02604230 1.08053103 -0.15816880
71.0  -0.03210628 1.08061416 -0.15647714
71.5  -0.03798263 1.08088687 -0.15324415
72.0  -0.04355245 1.08132147 -0.14862681
72.5  -0.04863565 1.08188867 -0.14280879
73.0  -0.05312757 1.08255027 -0.13603400
73.5  -0.05686689 1.08328101 -0.12849623
74.0  -0.05979160 1.08405542 -0.12038137
74.5  -0.06193331 1.08482821 -0.11204863
75.0  -0.06320943 1.08674220 -0.09076804
75.5  -0.06357058 1.08698272 -0.08757980
76.0  -0.06312892 1.08760067 -0.07988988
76.5  -0.06196958 1.08820984 -0.07212479
77.0  -0.06014717 1.08866579 -0.06657318
77.5  -0.05776344 1.08903811 -0.06246806
78.0  -0.05486955 1.08932621 -0.06000517
78.5  -0.05151735 1.08952765 -0.05931553
79.0  -0.04779898 1.08975002 -0.05833543
79.5  -0.04376371 1.09005669 -0.05571380
80.0  -0.03950161 1.09039653 -0.05213343
80.5  -0.03512652 1.09079191 -0.04671207
81.0  -0.03076096 1.09114377 -0.04125410
81.5  -0.02651604 1.09145127 -0.03569156
82.0  -0.02239721 1.09170373 -0.03040058
82.5  -0.01847661 1.09189953 -0.02562995
83.0  -0.01490647 1.09224606 -0.00438234
83.5  -0.01179014 1.09225980 0.00850799
84.0  -0.00913291 1.09226157 0.01114121
84.5  -0.00693674 1.09226144 0.01263712
85.0  -0.00525018 1.09226480 0.01314936
85.5  -0.00414847 1.09227230 0.01291834
86.0  -0.00360361 1.09228524 0.01195209
86.5  -0.00362113 1.09229951 0.01056173
87.0  -0.00423992 1.09234427 -0.00298177
87.5  -0.00543585 1.09233854 -0.00313515
88.0  -0.00718625 1.09230111 -0.00833811
88.5  -0.00944383 1.09211804 -0.02078154
89.0  -0.01216545 1.09176752 -0.03374235
89.5  -0.01536455 1.09156124 -0.03874106
90.0  -0.01904161 1.09131897 -0.04362567
90.5  -0.02319432 1.09021707 -0.06427788
91.0  -0.02778609 1.08981738 -0.06905708
91.5  -0.03272619 1.08936884 -0.07380646
92.0  -0.03789040 1.08895337 -0.07738061
92.5  -0.04316917 1.08858629 -0.07974451
93.0  -0.04846540 1.08836251 -0.07975610
93.5  -0.05369067 1.08818382 -0.07884268
94.0  -0.05875499 1.08810057 -0.07634053
94.5  -0.06354932 1.08808104 -0.07269115
95.0  -0.06798765 1.08817553 -0.06704162
95.5  -0.07209090 1.08830493 -0.06031703
96.0  -0.07594741 1.08842313 -0.05300894
96.5  -0.07940155 1.08855851 -0.04448189
97.0  -0.08228136 1.08868742 -0.03510487
97.5  -0.08455717 1.08878886 -0.02513532
98.0  -0.08623614 1.08884335 -0.01504492
98.5  -0.08730857 1.08884790 -0.00550730
99.0  -0.08772036 1.08882538 0.00270101
99.5  -0.08747686 1.08881379 0.00867136
100.0  -0.08652265 1.08886135 0.01173296
100.5  -0.08481205 1.08899079 0.01220043
101.0  -0.08241619 1.08912192 0.01624485
101.5  -0.07950939 1.08920471 0.02354196
102.0  -0.07612090 1.08918518 0.03352789
102.5  -0.07208268 1.08902629 0.04548296
103.0  -0.06741072 1.08868886 0.05878124
103.5  -0.06220738 1.08815095 0.07280539
104.0  -0.05659096 1.08735630 0.08773029
104.5  -0.05063594 1.08634229 0.10266111
105.0  -0.04447262 1.08507411 0.11781020
105.5  -0.03830564 1.08353050 0.13318109
106.0  -0.03235156 1.08167605 0.14890661
106.5  -0.02665125 1.07954526 0.16466513
107.0  -0.02129984 1.07704901 0.18098235
107.5  -0.01660501 1.07420397 0.19761827
108.0  -0.01271362 1.07106152 0.21426257
108.5  -0.00977235 1.06778206 0.23019308
109.0  -0.00788569 1.06468594 0.24418136
109.5  -0.00708554 1.06221657 0.25473246
110.0  -0.00689859 1.06087353 0.26027417
110.5  -0.00555478 1.06075767 0.26077805
111.0  -0.00312304 1.05906076 0.26762552
111.5  0.00027516 1.05583647 0.28009311
112.0  0.00452591 1.05128336 0.29669122
112.5  0.00944243 1.04575814 0.31550534
113.0  0.01481404 1.03967751 0.33480456
113.5  0.02042761 1.03352187 0.35306957
114.0  0.02621287 1.02767272 0.36938399
114.5  0.03193644 1.02237512 0.38336933
115.0  0.03724142 1.01774920 0.39502216
115.5  0.04202925 1.01411458 0.40379206
116.0  0.04633330 1.01081920 0.41151020
116.5  0.05005641 1.00854033 0.41663368
117.0  0.05298576 1.00704418 0.41987784
117.5  0.05510670 1.00629288 0.42140332
118.0  0.05686703 1.00608370 0.42166882
118.5  0.05838505 1.00515217 0.42367815
119.0  0.05911072 1.00382229 0.42671959
119.5  0.05872868 1.00253848 0.42977950
120.0  0.05883201 0.99492872 0.44710011
120.5  0.05952027 0.99331575 0.45058188
121.0  0.06092345 0.99155765 0.45425173
121.5  0.06299708 0.98588770 0.46615414
122.0  0.06558188 0.97638984 0.48539136
122.5  0.06851372 0.96963886 0.49834648
123.0  0.07173697 0.95999315 0.51624589
123.5  0.07518011 0.95033719 0.53333858
124.0  0.07879269 0.94421112 0.54359906
124.5  0.08260020 0.93990886 0.55044655
125.0  0.08661569 0.93696229 0.55483534
125.5  0.09094374 0.93561726 0.55641033
126.0  0.09547044 0.93465098 0.55727535
126.5  0.10003874 0.93247777 0.56010743
127.0  0.10477145 0.92933450 0.56444947
127.5  0.10952256 0.92535508 0.57005758
128.0  0.11389891 0.92065961 0.57676320
128.5  0.11778643 0.91530903 0.58444727
129.0  0.12126271 0.90921157 0.59318846
129.5  0.12449728 0.90228168 0.60301830
130.0  0.12756275 0.89412716 0.61441618
130.5  0.13042386 0.88518013 0.62664872
131.0  0.13282719 0.87487887 0.64045825
131.5  0.13455261 0.86342013 0.65547246
132.0  0.13554093 0.85087396 0.67147973
132.5  0.13578939 0.83662872 0.68909832
133.0  0.13522981 0.82093748 0.70782585
133.5  0.13355049 0.80328674 0.72810546
134.0  0.13082491 0.78346835 0.74987003
134.5  0.12731028 0.76120192 0.77305019
135.0  0.12295167 0.73769809 0.79619551
135.5  0.11773927 0.71237530 0.81969614
136.0  0.11180294 0.68793488 0.84112340
136.5  0.10526455 0.66672269 0.85886152
137.0  0.09817451 0.65207916 0.87086015
137.5  0.09067769 0.64725073 0.87526391
138.0  0.08291950 0.64167550 0.88012487
138.5  0.07507311 0.62392566 0.89348961
139.0  0.06735079 0.59585040 0.91305478
139.5  0.06005463 0.56091115 0.93542236
140.0  0.05340495 0.52289372 0.95758704
140.5  0.04754864 0.48646436 0.97690042
141.0  0.04290823 0.45292593 0.99310617
141.5  0.03951168 0.42274749 1.00646225
142.0  0.03712331 0.39725277 1.01688494
142.5  0.03546817 0.37587659 1.02503740
143.0  0.03453318 0.35813702 1.03140109
143.5  0.03344004 0.34364090 1.03635687
144.0  0.03190242 0.33201734 1.04018729
144.5  0.02986263 0.32290606 1.04311206
145.0  0.02749789 0.31612233 1.04525280
145.5  0.02540606 0.31137996 1.04672820
146.0  0.02334564 0.30877139 1.04754861
146.5  0.02105274 0.30813110 1.04778570
147.0  0.01911445 0.30627209 1.04836774
147.5  0.01778638 0.30164433 1.04973197
148.0  0.01685105 0.29476419 1.05170005
148.5  0.01651345 0.28554545 1.05424569
149.0  0.01614403 0.27531867 1.05696825
149.5  0.01552797 0.26310673 1.06008330
150.0  0.01533137 0.24932465 1.06341198
150.5  0.01504070 0.23379050 1.06693892
151.0  0.01438090 0.21776276 1.07033427
151.5  0.01382945 0.20046217 1.07371623
152.0  0.01322672 0.18135622 1.07711552
152.5  0.01258647 0.15964822 1.08055398
153.0  0.01225312 0.13347387 1.08410214
153.5  0.01240487 0.10089109 1.08761665
154.0  0.01299554 0.05965292 1.09064913
154.5  0.01399538 0.00418501 1.09225889
155.0  0.01568416 -0.07249448 1.08983551
155.5  0.01785344 -0.17296124 1.07842874
156.0  0.01995935 -0.28863567 1.05334417
156.5  0.02162936 -0.39064723 1.01988714
157.0  0.02260825 -0.45021803 0.99500526
157.5  0.02371882 -0.45867406 0.99110968
158.0  0.02507462 -0.49568807 0.97309171
158.5  0.02634475 -0.56395565 0.93514857
159.0  0.02770871 -0.64470860 0.88137729
159.5  0.02933287 -0.72215495 0.81906940
160.0  0.03124565 -0.78842714 0.75541328
160.5  0.03351728 -0.84139745 0.69582310
161.0  0.03619099 -0.88247794 0.64277973
161.5  0.03932888 -0.91348609 0.59769496
162.0  0.04295056 -0.93675653 0.56025469
162.5  0.04721795 -0.95433107 0.52940113
163.0  0.05204395 -0.96770117 0.50407216
163.5  0.05755215 -0.97834255 0.48246915
164.0  0.06388792 -0.98667017 0.46437397
164.5  0.07045163 -0.99367326 0.44821078
165.0  0.07734965 -0.99353700 0.44737472
165.5  0.08538175 -1.00604739 0.41691904
166.0  0.09414079 -1.01063165 0.40373761
166.5  0.10314621 -1.01484017 0.39077253
167.0  0.11227578 -1.01875504 0.37785605
167.5  0.12134409 -1.02246489 0.36480684
168.0  0.13020769 -1.02602680 0.35150796
168.5  0.13863793 -1.02948758 0.33790195
169.0  0.14637995 -1.03283952 0.32412699
169.5  0.15333377 -1.03602663 0.31045202
170.0  0.15934759 -1.03889920 0.29755615
170.5  0.16422756 -1.04124354 0.28650318
171.0  0.16786519 -1.04278752 0.27867245
171.5  0.17025285 -1.04335994 0.27505795
172.0  0.17132232 -1.04391594 0.27227018
172.5  0.17210072 -1.04598006 0.26372322
173.0  0.17425703 -1.04892430 0.25027019
173.5  0.17778657 -1.05234588 0.23281529
174.0  0.18262484 -1.05544041 0.21432821
174.5  0.18868135 -1.05793883 0.19597872
175.0  0.19576624 -1.05966554 0.17896200
175.5  0.20372526 -1.06059499 0.16394256
176.0  0.21229790 -1.06078377 0.15136136
176.5  0.22116232 -1.06037936 0.14115849
177.0  0.23027373 -1.05943065 0.13350501
177.5  0.23945058 -1.05816908 0.12721827
178.0  0.24833693 -1.05657371 0.12338407
178.5  0.25674904 -1.05478269 0.12147540
179.0  0.26446752 -1.05285371 0.12165062
179.5  0.27134090 -1.05126004 0.12028848
180.0  0.27731480 -1.04995249 0.11806414
180.5  0.28230761 -1.04910803 0.11365579
181.0  0.28633351 -1.04872130 0.10695619
181.5  0.28939662 -1.04874994 0.09806139
182.0  0.29147075 -1.04911434 0.08744583
182.5  0.29255357 -1.04971160 0.07590023
183.0  0.29260997 -1.05041319 0.06522579
183.5  0.29343648 -1.05065823 0.05705434
184.0  0.29532958 -1.05037780 0.05224738
184.5  0.29823511 -1.04961226 0.05111551
185.0  0.30207917 -1.04860384 0.04920406
185.5  0.30674464 -1.04745833 0.04451569
186.0  0.31210094 -1.04614143 0.03773575
186.5  0.31801084 -1.04463216 0.02925134
187.0  0.32433997 -1.04290749 0.01975884
187.5  0.33086841 -1.04099605 0.00980740
188.0  0.33756145 -1.03889090 -0.00091943
188.5  0.34447590 -1.03652894 -0.01367382
189.0  0.35142229 -1.03402155 -0.02333841
189.5  0.35820885 -1.03138390 -0.03430089
190.0  0.36475372 -1.02868901 -0.04468244
190.5  0.37100244 -1.02595124 -0.05499197
191.0  0.37689393 -1.02321608 -0.06498225
191.5  0.38233264 -1.02054034 -0.07457913
192.0  0.38724623 -1.01798487 -0.08360638
192.5  0.39154580 -1.01563860 -0.09172241
193.0  0.39514165 -1.01360369 -0.09855710
193.5  0.39802183 -1.01196515 -0.10367273
194.0  0.40011533 -1.01082404 -0.10670218
194.5  0.40131739 -1.01026522 -0.10747747
195.0  0.40159479 -1.00996430 -0.10925478
195.5  0.40090702 -1.00977278 -0.11346969
196.0  0.39925530 -1.00969672 -0.11979407
196.5  0.39665543 -1.00973311 -0.12785301
197.0  0.39310778 -1.00990347 -0.13712814
197.5  0.38865006 -1.01021693 -0.14715898
198.0  0.38336386 -1.01067123 -0.15753953
198.5  0.37739356 -1.01127279 -0.16776268
199.0  0.37102382 -1.01197173 -0.17747510
199.5  0.36433333 -1.01275051 -0.18665614
200.0  0.35719502 -1.01373255 -0.19493819
200.5  0.34973323 -1.01490863 -0.20221278
201.0  0.34214946 -1.01544289 -0.21225541
201.5  0.33463759 -1.01778205 -0.21302641
202.0  0.32752881 -1.01947494 -0.21595972
202.5  0.32079736 -1.02134914 -0.21720466
203.0  0.31455680 -1.02321060 -0.21757057
203.5  0.30889417 -1.02476140 -0.21838346
204.0  0.30390883 -1.02598313 -0.21963816
204.5  0.29968366 -1.02687977 -0.22124763
205.0  0.29635959 -1.02745763 -0.22303517
205.5  0.29400661 -1.02773827 -0.22484893
206.0  0.29269789 -1.02778320 -0.22634600
206.5  0.29246962 -1.02738971 -0.22841799
207.0  0.29190549 -1.02713060 -0.23029717
207.5  0.29010665 -1.02744458 -0.23116801
208.0  0.28702255 -1.02818579 -0.23172162
208.5  0.28263102 -1.02943406 -0.23157742
209.0  0.27703856 -1.03119450 -0.23050038
209.5  0.27042841 -1.03339891 -0.22846892
210.0  0.26298299 -1.03613693 -0.22472892
210.5  0.25490507 -1.03902504 -0.22066545
211.0  0.24624837 -1.04215071 -0.21570003
211.5  0.23727112 -1.04532536 -0.21033351
212.0  0.22802662 -1.04844197 -0.20497848
212.5  0.21855660 -1.05138822 -0.20014670
213.0  0.20917899 -1.05403813 -0.19619032
213.5  0.20018023 -1.05629743 -0.19340758
214.0  0.19174300 -1.05821349 -0.19147248
214.5  0.18400566 -1.05968469 -0.19092706
215.0  0.17714249 -1.06075509 -0.19147337
215.5  0.17130492 -1.06145441 -0.19290422
216.0  0.16664957 -1.06181922 -0.19496344
216.5  0.16324994 -1.06189162 -0.19742980
217.0  0.16115173 -1.06180442 -0.19961051
217.5  0.16038529 -1.06132058 -0.20277590
218.0  0.15957963 -1.06078249 -0.20619826
218.5  0.15750740 -1.06031242 -0.21017102
219.0  0.15422475 -1.05980577 -0.21510306
219.5  0.14980783 -1.05839947 -0.22492454
220.0  0.14432376 -1.05814814 -0.22964331
220.5  0.13776806 -1.05506964 -0.24716571
221.0  0.13021532 -1.05383779 -0.25634500
221.5  0.12169003 -1.05233324 -0.26651298
222.0  0.11248624 -1.05092303 -0.27595380
222.5  0.10280563 -1.04968732 -0.28430687
223.0  0.09274756 -1.04886880 -0.29071464
223.5  0.08238201 -1.04868935 -0.29446006
224.0  0.07169608 -1.04930978 -0.29504495
224.5  0.06075685 -1.04918655 -0.29792458
225.0  0.04976434 -1.04809715 -0.30374124
225.5  0.03910275 -1.04614990 -0.31190421
226.0  0.02898235 -1.04358659 -0.32144971
226.5  0.01930495 -1.04070434 -0.33136786
227.0  0.01012502 -1.03781650 -0.34070115
227.5  0.00180436 -1.03053589 -0.36226426
228.0  -0.00544814 -1.02889387 -0.36686592
228.5  -0.01161588 -1.02600636 -0.37472509
229.0  -0.01661533 -1.02392886 -0.38017956
229.5  -0.02036109 -1.02241369 -0.38405539
230.0  -0.02269294 -1.02116579 -0.38723162
230.5  -0.02359150 -1.02033147 -0.38937128
231.0  -0.02455434 -1.01969878 -0.39096592
231.5  -0.02698673 -1.01927164 -0.39191824
232.0  -0.03095925 -1.01903711 -0.39223432
232.5  -0.03633990 -1.01874562 -0.39252980
233.0  -0.04287959 -1.01808418 -0.39358458
233.5  -0.05032783 -1.01689987 -0.39575830
234.0  -0.05857600 -1.01510358 -0.39921979
234.5  -0.06756573 -1.01252958 -0.40430383
235.0  -0.07707714 -1.00556359 -0.41969496
235.5  -0.08703370 -1.00178993 -0.42671413
236.0  -0.09718209 -0.99050820 -0.45021332
236.5  -0.10728585 -0.98745499 -0.45460452
237.0  -0.11749776 -0.98524526 -0.45686861
237.5  -0.12755167 -0.97627693 -0.47313508
238.0  -0.13691891 -0.97162574 -0.48004115
238.5  -0.14554329 -0.96833917 -0.48412734
239.0  -0.15329226 -0.96704336 -0.48432582
239.5  -0.16004773 -0.96444439 -0.48731366
240.0  -0.16569172 -0.96073647 -0.49272159
240.5  -0.17023589 -0.95618050 -0.49998147
241.0  -0.17360447 -0.95099671 -0.50863505
241.5  -0.17581806 -0.94527360 -0.51844835
242.0  -0.17707993 -0.93218192 -0.54122310
242.5  -0.17721591 -0.93113403 -0.54297956
243.0  -0.17780865 -0.92296725 -0.55655945
243.5  -0.17907415 -0.91301223 -0.57234954
244.0  -0.18131005 -0.90053242 -0.59110989
244.5  -0.18491204 -0.88464886 -0.61355260
245.0  -0.18926978 -0.86446198 -0.64041027
245.5  -0.19376785 -0.83925532 -0.67182393
246.0  -0.19804946 -0.80946372 -0.70624909
246.5  -0.20190221 -0.77704406 -0.74072998
247.0  -0.20509000 -0.74566723 -0.77146701
247.5  -0.20746960 -0.71619177 -0.79829104
248.0  -0.20908458 -0.69466968 -0.81667652
248.5  -0.21046306 -0.68759806 -0.82228772
249.0  -0.21192058 -0.68297878 -0.82575573
249.5  -0.21338479 -0.66900352 -0.83674613
250.0  -0.21479209 -0.65248075 -0.84933862
250.5  -0.21607551 -0.62644649 -0.86840028
251.0  -0.21723778 -0.59688655 -0.88869402
251.5  -0.21827408 -0.56580520 -0.90855037
252.0  -0.21895653 -0.53440505 -0.92720664
252.5  -0.21927342 -0.50489172 -0.94352869
253.0  -0.21915642 -0.47825490 -0.95733254
253.5  -0.21858821 -0.45526042 -0.96860725
254.0  -0.21761964 -0.43515787 -0.97801953
254.5  -0.21600915 -0.41747942 -0.98604962
255.0  -0.21378550 -0.40490523 -0.99176125
255.5  -0.21090955 -0.38855267 -0.99889282
256.0  -0.20756407 -0.37683195 -1.00407057
256.5  -0.20429470 -0.36576818 -1.00882119
257.0  -0.20170647 -0.35481336 -1.01324471
257.5  -0.19885564 -0.34395798 -1.01754224
258.0  -0.19474663 -0.33250173 -1.02213464
258.5  -0.18994983 -0.31985439 -1.02706139
259.0  -0.18597892 -0.30527311 -1.03221269
259.5  -0.18354212 -0.28812446 -1.03756419
260.0  -0.18193492 -0.26695596 -1.04349273
260.5  -0.18101071 -0.23953299 -1.05028660
261.0  -0.18060471 -0.20158998 -1.05829405
261.5  -0.18082533 -0.14419455 -1.06759215
262.0  -0.18150301 -0.05198453 -1.07591688
262.5  -0.18249721 0.10471502 -1.07190130
263.0  -0.18403863 0.34582048 -1.01969645
263.5  -0.18577314 0.58693878 -0.90234920
264.0  -0.18731568 0.73919004 -0.78214692
264.5  -0.18884959 0.81778285 -0.69914942
265.0  -0.19044652 0.86281425 -0.64228075
265.5  -0.19204275 0.89143384 -0.60142179
266.0  -0.19376323 0.91178116 -0.56952067
266.5  -0.19570576 0.93150094 -0.53595534
267.0  -0.19785910 0.94593963 -0.50920807
267.5  -0.19952798 1.03666631 -0.28063217
268.0  -0.20041570 1.07044021 0.08505397
268.5  -0.20114200 1.06425506 0.14193641
269.0  -0.20137423 1.06115203 0.16324114
269.5  -0.20061019 1.05933159 0.17554202
270.0  -0.20033630 1.05781320 0.18476870
270.5  -0.20043222 1.05634097 0.19290818
271.0  -0.20087932 1.05473669 0.20104947
271.5  -0.20155224 1.05072198 0.22046063
272.0  -0.20265185 1.05036329 0.22116071
272.5  -0.20455310 1.04967059 0.22269385
273.0  -0.20685531 1.04671550 0.23418030
273.5  -0.20869049 1.03894242 0.26512226
274.0  -0.20988380 1.03348613 0.28477725
274.5  -0.21069883 1.02710650 0.30643289
275.0  -0.21131556 1.01970415 0.32983640
275.5  -0.21172985 1.01128181 0.35457362
276.0  -0.21146783 1.00199006 0.38018437
276.5  -0.21045172 0.99195602 0.40617262
277.0  -0.20903019 0.98120515 0.43218712
277.5  -0.20745675 0.96987282 0.45776771
278.0  -0.20572408 0.95834709 0.48217355
278.5  -0.20375837 0.94730606 0.50431798
279.0  -0.20164020 0.93765522 0.52286402
279.5  -0.19951242 0.93043624 0.53640104
280.0  -0.19731583 0.92660528 0.54379408
280.5  -0.19513888 0.92653271 0.54470251
281.0  -0.19325525 0.92419650 0.54932332
281.5  -0.19184030 0.91858526 0.55914336
282.0  -0.19077227 0.91028328 0.57291637
282.5  -0.18986241 0.90004411 0.58916529
283.0  -0.18932666 0.88806527 0.60723832
283.5  -0.18905738 0.87520467 0.62571317
284.0  -0.18909473 0.86155871 0.64436220
284.5  -0.18958677 0.84733485 0.66281474
285.0  -0.19046136 0.83277581 0.68077294
285.5  -0.19146430 0.81816759 0.69798717
286.0  -0.19235636 0.80387356 0.71416329
286.5  -0.19315205 0.79033569 0.72890648
287.0  -0.19357102 0.77811825 0.74182554
287.5  -0.19323126 0.76743652 0.75295800
288.0  -0.19223195 0.75892405 0.76179002
288.5  -0.19118228 0.75229238 0.76860158
289.0  -0.19009860 0.74769866 0.77333829
289.5  -0.18853409 0.74518767 0.77613988
290.0  -0.18651681 0.74427671 0.77750019
290.5  -0.18403949 0.74290368 0.77940135
291.0  -0.18139585 0.74086149 0.78196078
291.5  -0.17859025 0.73793326 0.78536800
292.0  -0.17531060 0.73478132 0.78905353
292.5  -0.17161608 0.73164911 0.79276754
293.0  -0.16785950 0.72865356 0.79632283
293.5  -0.16426185 0.72584729 0.79962905
294.0  -0.16090984 0.72322806 0.80267806
294.5  -0.15774322 0.72083658 0.80545302
295.0  -0.15468495 0.71867823 0.80797094
295.5  -0.15184106 0.71671446 0.81025153
296.0  -0.14920101 0.71495374 0.81229494
296.5  -0.14671279 0.71335657 0.81415026
297.0  -0.14439868 0.71184741 0.81588305
297.5  -0.14225436 0.71047282 0.81745638
298.0  -0.14037531 0.70931187 0.81878832
298.5  -0.13887353 0.70840062 0.81983265
299.0  -0.13775558 0.70775752 0.82057636
299.5  -0.13709471 0.70740861 0.82098780
300.0  -0.13703472 0.70738286 0.82102001
300.5  -0.13773548 0.70765939 0.82066436
301.0  -0.13902471 0.70829001 0.81990259
301.5  -0.14078552 0.70933778 0.81869544
302.0  -0.14298799 0.71079881 0.81704489
302.5  -0.14559176 0.71266614 0.81495576
303.0  -0.14842004 0.71489308 0.81249139
303.5  -0.15145324 0.71775802 0.80939991
304.0  -0.15486637 0.71996046 0.80679379
304.5  -0.15879043 0.72236506 0.80387635
305.0  -0.16330054 0.72371666 0.80175433
305.5  -0.16810556 0.72762431 0.79721155
306.0  -0.17272956 0.73722792 0.78733879
306.5  -0.17702985 0.74160831 0.78225342
307.0  -0.18077170 0.74684843 0.77639030
307.5  -0.18399952 0.74888427 0.77366620
308.0  -0.18700433 0.75061961 0.77126030
308.5  -0.18970804 0.75228162 0.76897731
309.0  -0.19209426 0.75390991 0.76678714
309.5  -0.19412851 0.75525386 0.76495006
310.0  -0.19559448 0.75723003 0.76261940
310.5  -0.19659481 0.75944126 0.76015941
311.0  -0.19709471 0.76214011 0.75732358
311.5  -0.19718369 0.76522785 0.75418022
312.0  -0.19693802 0.76871925 0.75068569
312.5  -0.19606951 0.77272744 0.74678774
313.0  -0.19455665 0.77723351 0.74249489
313.5  -0.19230693 0.78230542 0.73773922
314.0  -0.18936580 0.78795727 0.73246625
314.5  -0.18591215 0.79401781 0.72678419
315.0  -0.18183681 0.80036620 0.72082743
315.5  -0.17723431 0.80681330 0.71476092
316.0  -0.17232324 0.81276943 0.70919210
316.5  -0.16703411 0.81844581 0.70390975
317.0  -0.16162674 0.82328789 0.69951177
317.5  -0.15607548 0.82701237 0.69637193
318.0  -0.15051023 0.82933219 0.69483643
318.5  -0.14490660 0.83005660 0.69516256
319.0  -0.13924761 0.83180049 0.69423405
319.5  -0.13376901 0.83526065 0.69115003
320.0  -0.12869478 0.84029105 0.68599671
320.5  -0.12432837 0.84663488 0.67896591
321.0  -0.12079222 0.85399746 0.67032861
321.5  -0.11795519 0.86208239 0.66041153
322.0  -0.11521156 0.87065347 0.64956271
322.5  -0.11274239 0.87931766 0.63822604
323.0  -0.11145500 0.88766459 0.62679521
323.5  -0.11144590 0.89539056 0.61570970
324.0  -0.11232672 0.90231410 0.60535514
324.5  -0.11402670 0.90821757 0.59613893
325.0  -0.11648456 0.91307513 0.58819047
325.5  -0.11954871 0.91686574 0.58164267
326.0  -0.12330297 0.91973185 0.57630945
326.5  -0.12741815 0.92182331 0.57205706
327.0  -0.13184877 0.92308025 0.56901813
327.5  -0.13676740 0.92349396 0.56718292
328.0  -0.14141942 0.92390664 0.56536708
328.5  -0.14573661 0.92418384 0.56381552
329.0  -0.15025197 0.92466326 0.56184079
329.5  -0.15487561 0.92526110 0.55959657
330.0  -0.15947494 0.92590903 0.55722803
330.5  -0.16384860 0.92661880 0.55477392
331.0  -0.16826792 0.92731219 0.55228696
331.5  -0.17263062 0.92804778 0.54969888
332.0  -0.17627848 0.92901374 0.54690240
332.5  -0.17909761 0.93022863 0.54391324
333.0  -0.18132867 0.93168040 0.54067959
333.5  -0.18290170 0.93347056 0.53704986
334.0  -0.18383737 0.93560010 0.53300951
334.5  -0.18395095 0.93812692 0.52850998
335.0  -0.18311683 0.94102972 0.52361643
335.5  -0.18169180 0.94415670 0.51845838
336.0  -0.18006509 0.94723776 0.51338102
336.5  -0.17812568 0.95024864 0.50846989
337.0  -0.17585677 0.95309509 0.50391173
337.5  -0.17341677 0.95551137 0.50016749
338.0  -0.17055663 0.95738216 0.49756678
338.5  -0.16719128 0.95859009 0.49638190
339.0  -0.16334121 0.95906278 0.49675054
339.5  -0.15914689 0.95984223 0.49660652
340.0  -0.15480782 0.96150447 0.49475909
340.5  -0.15047648 0.96399974 0.49122725
341.0  -0.14625802 0.96721275 0.48615940
341.5  -0.14237516 0.97094418 0.47983288
342.0  -0.13872334 0.97487739 0.47287713
342.5  -0.13547629 0.97883656 0.46558355
343.0  -0.13262111 0.98266717 0.45827912
343.5  -0.13011215 0.98609985 0.45157590
344.0  -0.12785492 0.98907666 0.44567181
344.5  -0.12571444 0.99163521 0.44056596
345.0  -0.12365440 0.99382946 0.43618282
345.5  -0.12134141 0.99574867 0.43243926
346.0  -0.11899858 0.99738291 0.42931287
346.5  -0.11680205 0.99867114 0.42691464
347.0  -0.11456232 0.99957551 0.42540233
347.5  -0.11238256 0.99997025 0.42505591
348.0  -0.11041785 1.00062083 0.42403858
348.5  -0.10869236 1.00194691 0.42134456
349.0  -0.10728554 1.00398458 0.41683049
349.5  -0.10624381 1.00662676 0.41067954
350.0  -0.10550680 1.00970635 0.40324220
350.5  -0.10506050 1.01297272 0.39508408
351.0  -0.10524354 1.01613284 0.38683424
351.5  -0.10613213 1.01896792 0.37905570
352.0  -0.10750632 1.02133422 0.37223874
352.5  -0.10933933 1.02313530 0.36671779
353.0  -0.11200083 1.02431064 0.36261053
353.5  -0.11538471 1.02485062 0.36001451
354.0  -0.11917437 1.02478966 0.35895195
354.5  -0.12345745 1.02516681 0.35641849
355.0  -0.12789971 1.02596605 0.35253112
355.5  -0.13246303 1.02706325 0.34761688
356.0  -0.13723439 1.02828100 0.34212247
356.5  -0.14199964 1.02946965 0.33655789
357.0  -0.14679537 1.03043561 0.33150632
357.5  -0.15153534 1.03101192 0.32755815
358.0  -0.15629082 1.03104582 0.32520850
358.5  -0.16064650 1.03115384 0.32273417
359.0  -0.16489829 1.03205266 0.31767708
359.5  -0.16928863 1.03376922 0.30968604
360.0  -0.17316702 1.03645236 0.29836648
360.5  -0.17647145 1.04005133 0.28353825
361.0  -0.17984055 1.04435343 0.26500219
361.5  -0.18338717 1.05026145 0.23782959
362.0  -0.18680942 1.05499445 0.21291272
362.5  -0.19009388 1.05995417 0.18331486
363.0  -0.19334717 1.06478923 0.14860563
363.5  -0.19683245 1.06900862 0.10826091
364.0  -0.20043083 1.07203246 0.06177985
364.5  -0.20412257 1.07307938 0.00880307
365.0  -0.20822043 1.07111248 -0.05104100
365.5  -0.21258663 1.06481534 -0.11923961
366.0  -0.21686966 1.05259341 -0.19559535
366.5  -0.22071844 1.03249291 -0.28015109
367.0  -0.22385972 1.00253882 -0.37154489
367.5  -0.22618760 0.96155094 -0.46637091
368.0  -0.22936352 0.90961017 -0.55968257
368.5  -0.23357852 0.85067312 -0.64423536
369.0  -0.23821176 0.79074590 -0.71499577
369.5  -0.24262080 0.73498592 -0.77082665
370.0  -0.24670970 0.68611893 -0.81339905
370.5  -0.25044903 0.64507405 -0.84522046
371.0  -0.25372848 0.60499413 -0.87341103
371.5  -0.25637903 0.58187102 -0.88822226
372.0  -0.25845936 0.56273652 -0.89987179
372.5  -0.26016647 0.53762931 -0.91460976
373.0  -0.26153470 0.51465343 -0.92734801
373.5  -0.26263553 0.50076293 -0.93461326
374.0  -0.26357290 0.48474190 -0.94276057
374.5  -0.26423415 0.45094704 -0.95920277
375.0  -0.26459038 0.42120498 -0.97253338
375.5  -0.26477830 0.38585403 -0.98704204
376.0  -0.26500647 0.34536678 -1.00186637
376.5  -0.26553885 0.30055271 -1.01607089
377.0  -0.26607682 0.25361468 -1.02865232
377.5  -0.26668371 0.20697108 -1.03888673
378.0  -0.26761085 0.16336977 -1.04639267
378.5  -0.26897006 0.12455190 -1.05137282
379.0  -0.27081500 0.09095824 -1.05433804
379.5  -0.27320620 0.06269292 -1.05577973
380.0  -0.27623926 0.03930432 -1.05612022
380.5  -0.27993630 0.02004779 -1.05568775
381.0  -0.28414223 0.00405972 -1.05474622
381.5  -0.28851670 -0.00929650 -1.05352483
382.0  -0.29295967 -0.02050337 -1.05213931
382.5  -0.29732392 -0.02995809 -1.05068733
383.0  -0.30151435 -0.03793578 -1.04923441
383.5  -0.30561107 -0.04459537 -1.04778624
384.0  -0.30963819 -0.04997925 -1.04635995
384.5  -0.31361794 -0.05427380 -1.04495981
385.0  -0.31758695 -0.05774383 -1.04357417
385.5  -0.32164604 -0.06060073 -1.04216805
386.0  -0.32585433 -0.06290963 -1.04072292
386.5  -0.33015399 -0.06477700 -1.03925221
387.0  -0.33451421 -0.06626876 -1.03776277
387.5  -0.33885075 -0.06743757 -1.03627951
388.0  -0.34308583 -0.06809763 -1.03484187
388.5  -0.34727255 -0.06822981 -1.03343570
389.0  -0.35135839 -0.06773045 -1.03208660
389.5  -0.35517549 -0.06664637 -1.03084990
390.0  -0.35867329 -0.06498444 -1.02974432
390.5  -0.36186948 -0.06276227 -1.02876346
391.0  -0.36483750 -0.06001092 -1.02787896
391.5  -0.36779245 -0.05693511 -1.02700048
392.0  -0.37070306 -0.05374590 -1.02612547
392.5  -0.37357552 -0.05054155 -1.02524619
393.0  -0.37672984 -0.04742320 -1.02424047
393.5  -0.38046281 -0.04467006 -1.02298363
394.0  -0.38481683 -0.04249493 -1.02144656
394.5  -0.38986127 -0.04106895 -1.01959031
395.0  -0.39591946 -0.04044307 -1.01727824
395.5  -0.40314136 -0.04068434 -1.01442827
396.0  -0.41144856 -0.04187594 -1.01103875
396.5  -0.42061887 -0.04413239 -1.00716184
397.0  -0.43062550 -0.04743052 -1.00277360
397.5  -0.44157546 -0.05174632 -0.99778570
398.0  -0.45336868 -0.05697082 -0.99219657
398.5  -0.46596079 -0.06296846 -0.98598093
399.0  -0.47926791 -0.06962713 -0.97913084
399.5  -0.49298241 -0.07696281 -0.97174479
400.0  -0.50690167 -0.08487018 -0.96389347
