# Step 0-0 0-1 0-2 1-1 1-2 2-2
0.5  0.99999557 0.00259049 -0.00146337 0.99999664 -0.00003771 0.99999893
1.0  0.99999481 0.00294346 -0.00130684 0.99999565 0.00018395 0.99999913
1.5  0.99999413 0.00324386 -0.00110368 0.99999464 0.00044870 0.99999929
2.0  0.99999387 0.00344325 -0.00063188 0.99999379 0.00074840 0.99999952
2.5  0.99999346 0.00352843 -0.00079029 0.99999319 0.00108865 0.99999910
3.0  0.99999326 0.00355972 -0.00089758 0.99999260 0.00145926 0.99999853
3.5  0.99999339 0.00356224 -0.00073279 0.99999197 0.00183828 0.99999804
4.0  0.99999375 0.00347896 -0.00062417 0.99999143 0.00224429 0.99999729
4.5  0.99999477 0.00322442 -0.00023889 0.99999140 0.00260756 0.99999657
5.0  0.99999560 0.00296804 -0.00002066 0.99999128 0.00293844 0.99999568
5.5  0.99999630 0.00271574 0.00012229 0.99999085 0.00330510 0.99999453
6.0  0.99999705 0.00241761 0.00025051 0.99999047 0.00363438 0.99999336
6.5  0.99999790 0.00202955 0.00027974 0.99999008 0.00396329 0.99999211
7.0  0.99999874 0.00158692 -0.00009565 0.99998962 0.00427186 0.99999087
7.5  0.99999940 0.00106039 -0.00028909 0.99998858 0.00466129 0.99998909
8.0  0.99999987 0.00051445 -0.00004596 0.99998938 0.00457962 0.99998951
8.5  0.99999999 -0.00000224 -0.00014056 0.99998305 0.00582220 0.99998304
9.0  0.99999983 -0.00054557 -0.00019193 0.99998089 0.00615719 0.99998103
9.5  0.99999935 -0.00112012 -0.00021837 0.99998403 0.00553934 0.99998463
10.0  0.99999848 -0.00171431 -0.00030511 0.99997914 0.00622729 0.99998056
10.5  0.99999738 -0.00224917 -0.00042496 0.99997660 0.00646002 0.99997904
11.0  0.99999628 -0.00268024 -0.00049882 0.99997459 0.00660381 0.99997807
11.5  0.99999517 -0.00303677 -0.00065610 0.99997016 0.00710142 0.99997457
12.0  0.99999397 -0.00336813 -0.00084673 0.99996664 0.00743831 0.99997198
12.5  0.99999265 -0.00369507 -0.00102548 0.99996060 0.00806730 0.99996693
13.0  0.99999189 -0.00392460 -0.00090094 0.99995262 0.00890487 0.99995994
13.5  0.99999192 -0.00399073 -0.00048258 0.99994179 0.01002286 0.99994965
14.0  0.99999205 -0.00398095 -0.00023322 0.99992669 0.01143410 0.99993460
14.5  0.99999214 -0.00396122 -0.00016049 0.99990711 0.01304089 0.99991495
15.0  0.99999211 -0.00397234 0.00003944 0.99988040 0.01494716 0.99988828
15.5  0.99999199 -0.00399499 0.00026304 0.99984755 0.01699870 0.99985548
16.0  0.99999206 -0.00398506 0.00003160 0.99979736 0.01973265 0.99980529
16.5  0.99999280 -0.00378580 -0.00025264 0.99976506 0.02134159 0.99977221
17.0  0.99999403 -0.00345059 -0.00019895 0.99968877 0.02470685 0.99969472
17.5  0.99999523 -0.00308734 -0.00008830 0.99961909 0.02742494 0.99962386
18.0  0.99999656 -0.00262435 0.00004507 0.99954423 0.03007412 0.99954767
18.5  0.99999792 -0.00203646 0.00009592 0.99948758 0.03194450 0.99948964
19.0  0.99999902 -0.00137704 0.00024423 0.99949191 0.03184406 0.99949282
19.5  0.99999965 -0.00067288 0.00050369 0.99960853 0.02797042 0.99960862
20.0  0.99999963 0.00005376 0.00086138 0.99983480 0.01817606 0.99983443
20.5  0.99999875 0.00081258 0.00135953 0.99999948 -0.00062397 0.99999888
21.0  0.99999700 0.00148740 0.00194739 0.99964649 -0.02654859 0.99964563
21.5  0.99999530 0.00236332 0.00195385 0.99852659 -0.05421781 0.99852722
22.0  0.99999350 0.00331850 0.00140885 0.99735835 -0.07256739 0.99736252
22.5  0.99999098 0.00413433 0.00097012 0.99723376 -0.07421869 0.99724152
23.0  0.99998929 0.00457533 0.00070378 0.99772358 -0.06728487 0.99773356
23.5  0.99998826 0.00480679 0.00061580 0.99873085 -0.05013924 0.99874205
24.0  0.99998747 0.00498066 0.00050116 0.99950446 -0.03108390 0.99951665
24.5  0.99998710 0.00505609 0.00049504 0.99976810 -0.02093568 0.99978070
25.0  0.99998792 0.00490848 0.00024520 0.99969995 -0.02399987 0.99971193
25.5  0.99998937 0.00460945 -0.00009174 0.99995612 -0.00815455 0.99996675
26.0  0.99999118 0.00415110 -0.00064200 0.99997290 -0.00607668 0.99998133
26.5  0.99999340 0.00360452 -0.00046253 0.99998397 -0.00436461 0.99999037
27.0  0.99999555 0.00298178 -0.00007118 0.99999393 -0.00180020 0.99999838
27.5  0.99999723 0.00232731 -0.00035250 0.99997548 -0.00660354 0.99997813
28.0  0.99999834 0.00178030 -0.00039718 0.99996297 0.00842051 0.99996447
28.5  0.99999923 0.00116095 -0.00043156 0.99986882 0.01615606 0.99986939
29.0  0.99999949 0.00062426 -0.00079801 0.99985429 -0.01705874 0.99985417
29.5  0.99999935 0.00002788 -0.00114024 0.99999802 0.00198996 0.99999737
30.0  0.99999835 -0.00057255 -0.00172422 0.99999223 0.00389972 0.99999091
30.5  0.99999746 -0.00106520 -0.00198496 0.99998298 0.00573385 0.99998159
31.0  0.99999714 -0.00169390 -0.00168825 0.99997232 0.00724244 0.99997235
31.5  0.99999672 -0.00224921 -0.00122560 0.99995845 0.00883171 0.99996025
32.0  0.99999613 -0.00265451 -0.00083626 0.99994331 0.01030988 0.99994650
32.5  0.99999534 -0.00297873 -0.00067599 0.99992828 0.01159775 0.99993252
33.0  0.99999482 -0.00314880 -0.00065963 0.99991413 0.01271871 0.99991890
33.5  0.99999474 -0.00318051 -0.00064344 0.99992513 0.01181392 0.99993001
34.0  0.99999453 -0.00328734 -0.00036164 0.99994265 0.01019135 0.99994800
34.5  0.99999400 -0.00344690 -0.00034721 0.99996901 0.00707620 0.99997490
35.0  0.99999364 -0.00356302 -0.00018321 0.99999023 0.00261656 0.99999656
35.5  0.99999326 -0.00367156 0.00008784 0.99999035 -0.00241176 0.99999709
36.0  0.99999267 -0.00380688 0.00040895 0.99996850 -0.00696318 0.99997567
36.5  0.99999194 -0.00398595 0.00049037 0.99994136 -0.01006722 0.99994920
37.0  0.99999114 -0.00420406 0.00021325 0.99992257 -0.01171194 0.99993139
37.5  0.99999075 -0.00430229 0.00000484 0.99991945 -0.01194067 0.99992871
38.0  0.99999087 -0.00426891 -0.00020019 0.99992668 -0.01133325 0.99993576
38.5  0.99999135 -0.00414140 -0.00039447 0.99993901 -0.01024051 0.99994749
39.0  0.99999232 -0.00389347 -0.00045003 0.99993900 -0.01033786 0.99994646
39.5  0.99999368 -0.00351419 -0.00053752 0.99995364 -0.00896717 0.99995965
40.0  0.99999510 -0.00308265 -0.00054093 0.99996748 -0.00745389 0.99997207
40.5  0.99999647 -0.00259392 -0.00058424 0.99998817 -0.00411735 0.99999135
41.0  0.99999781 -0.00196872 -0.00070442 0.99992008 -0.01248994 0.99992175
41.5  0.99999909 -0.00115860 -0.00069296 0.99996313 -0.00850891 0.99996356
42.0  0.99999971 -0.00022268 -0.00073172 0.99996571 -0.00827793 0.99996547
42.5  0.99999949 0.00076888 -0.00066134 0.99996215 -0.00866645 0.99996223
43.0  0.99999852 0.00170300 -0.00025018 0.99995822 -0.00898059 0.99995964
43.5  0.99999664 0.00258620 -0.00019507 0.99995549 -0.00907363 0.99995881
44.0  0.99999339 0.00362348 -0.00031215 0.99995425 -0.00885183 0.99996077
44.5  0.99998939 0.00459574 -0.00032007 0.99995600 -0.00817684 0.99996652
45.0  0.99998527 0.00541899 -0.00031396 0.99996009 -0.00710075 0.99997474
45.5  0.99998133 0.00611029 -0.00010810 0.99996416 -0.00585954 0.99998283
46.0  0.99997812 0.00661546 0.00006104 0.99996999 -0.00403226 0.99999187
46.5  0.99997547 0.00700192 0.00016257 0.99997335 -0.00206597 0.99999785
47.0  0.99997398 0.00721101 0.00021127 0.99997393 -0.00037440 0.99999991
47.5  0.99997378 0.00723952 0.00013862 0.99997146 0.00215806 0.99999766
48.0  0.99997423 0.00717895 0.00004346 0.99996676 0.00386607 0.99999253
48.5  0.99997558 0.00698829 0.00002676 0.99996193 0.00522497 0.99998635
49.0  0.99997797 0.00663684 -0.00004894 0.99995783 0.00634755 0.99997985
49.5  0.99998098 0.00616553 -0.00014046 0.99995763 0.00683606 0.99997662
50.0  0.99998441 0.00558073 -0.00018693 0.99996060 0.00690434 0.99997615
50.5  0.99998815 0.00486565 -0.00015964 0.99996182 0.00725988 0.99997363
51.0  0.99999160 0.00409839 -0.00003240 0.99997106 0.00640932 0.99997946
51.5  0.99999441 0.00333897 -0.00020051 0.99997674 0.00594766 0.99998229
52.0  0.99999663 0.00255562 -0.00045614 0.99998327 0.00519115 0.99998642
52.5  0.99999833 0.00180302 -0.00029602 0.99999087 0.00387577 0.99999245
53.0  0.99999929 0.00109303 -0.00048065 0.99999119 0.00405427 0.99999167
53.5  0.99999970 0.00035731 -0.00068852 0.99999377 0.00351184 0.99999360
54.0  0.99999984 -0.00043241 -0.00037003 0.99999971 0.00062027 0.99999974
54.5  0.99999929 -0.00117303 -0.00021276 0.99999771 0.00179240 0.99999837
55.0  0.99999841 -0.00178216 0.00010224 0.99999799 0.00091381 0.99999958
55.5  0.99999711 -0.00232331 0.00062378 0.99999727 -0.00022919 0.99999978
56.0  0.99999575 -0.00276891 0.00091758 0.99999408 -0.00203791 0.99999750
56.5  0.99999410 -0.00315552 0.00135452 0.99979725 -0.01988289 0.99980140
57.0  0.99999243 -0.00372089 0.00114232 0.99960987 0.02768598 0.99961602
57.5  0.99999113 -0.00410208 0.00095295 0.99992849 -0.01122980 0.99993649
58.0  0.99998950 -0.00442861 0.00118003 0.99998980 0.00089473 0.99999890
58.5  0.99998814 -0.00468253 0.00133575 0.99989384 -0.01379164 0.99990400
59.0  0.99998743 -0.00489762 0.00107462 0.99997653 -0.00478657 0.99998797
59.5  0.99998687 -0.00507714 0.00070064 0.99997184 -0.00552314 0.99998450
60.0  0.99998661 -0.00516667 0.00027853 0.99996939 -0.00587459 0.99998271
60.5  0.99998638 -0.00521557 -0.00019448 0.99997376 -0.00502915 0.99998733
61.0  0.99998638 -0.00519558 -0.00050102 0.99997654 -0.00446756 0.99998989
61.5  0.99998693 -0.00507350 -0.00063358 0.99998029 -0.00370060 0.99999295
62.0  0.99998785 -0.00489127 -0.00061738 0.99998472 -0.00257923 0.99999648
62.5  0.99998909 -0.00462420 -0.00065994 0.99998845 -0.00131628 0.99999892
63.0  0.99999052 -0.00427528 -0.00082492 0.99999086 0.00007940 0.99999966
63.5  0.99999226 -0.00379986 -0.00102464 0.99999177 0.00141453 0.99999847
64.0  0.99999440 -0.00323748 -0.00084274 0.99999085 0.00279302 0.99999574
64.5  0.99999638 -0.00262457 -0.00058995 0.99998854 0.00400306 0.99999181
65.0  0.99999794 -0.00194027 -0.00059988 0.99998782 0.00453723 0.99998953
65.5  0.99999903 -0.00124070 -0.00062609 0.99998081 0.00606908 0.99998139
66.0  0.99999972 -0.00050312 -0.00055089 0.99994248 0.01071375 0.99994245
66.5  0.99999993 0.00027982 -0.00025226 0.99999739 -0.00226863 0.99999739
67.0  0.99999937 0.00112098 0.00010916 0.99997288 0.00727822 0.99997351
67.5  0.99999800 0.00197038 0.00034275 0.99997065 0.00740378 0.99997253
68.0  0.99999606 0.00279654 0.00024289 0.99997695 0.00618612 0.99998084
68.5  0.99999346 0.00361455 0.00009349 0.99997788 0.00558361 0.99998441
69.0  0.99999041 0.00437672 0.00012114 0.99998065 0.00441948 0.99999023
69.5  0.99998741 0.00501612 -0.00014142 0.99998288 0.00301446 0.99999545
70.0  0.99998491 0.00546721 -0.00054193 0.99998426 0.00126505 0.99999905
70.5  0.99998396 0.00564536 -0.00046848 0.99998406 0.00003823 0.99999989
71.0  0.99998439 0.00558465 -0.00018976 0.99998319 -0.00156002 0.99999877
71.5  0.99998537 0.00540418 -0.00023653 0.99998094 -0.00298342 0.99999552
72.0  0.99998695 0.00508484 -0.00048440 0.99997802 -0.00425189 0.99999084
72.5  0.99998915 0.00461528 -0.00062672 0.99997502 -0.00535146 0.99998548
73.0  0.99999151 0.00405789 -0.00071591 0.99997237 -0.00622556 0.99998036
73.5  0.99999407 0.00336109 -0.00074377 0.99997038 -0.00692214 0.99997577
74.0  0.99999628 0.00260282 -0.00082036 0.99996889 -0.00744355 0.99997196
74.5  0.99999794 0.00189476 -0.00072994 0.99996899 -0.00764255 0.99997053
75.0  0.99999922 0.00111983 -0.00054971 0.99980793 -0.01956605 0.99980842
75.5  0.99999991 0.00030779 -0.00030354 0.99999570 0.00291574 0.99999570
76.0  0.99999992 -0.00040136 0.00006162 0.99997488 -0.00707596 0.99997496
76.5  0.99999931 -0.00102304 0.00058404 0.99997376 -0.00717063 0.99997412
77.0  0.99999818 -0.00160654 0.00102696 0.99998540 -0.00515705 0.99998617
77.5  0.99999701 -0.00211452 0.00122521 0.99999040 -0.00383495 0.99999190
78.0  0.99999587 -0.00258523 0.00125271 0.99999395 -0.00232423 0.99999651
78.5  0.99999486 -0.00301756 0.00108015 0.99999521 -0.00068410 0.99999918
79.0  0.99999393 -0.00336363 0.00091093 0.99999390 0.00094259 0.99999914
79.5  0.99999273 -0.00364511 0.00111668 0.99999035 0.00245450 0.99999636
80.0  0.99999174 -0.00384631 0.00131229 0.99998705 0.00333693 0.99999357
80.5  0.99999153 -0.00396352 0.00111357 0.99997961 0.00501163 0.99998682
81.0  0.99999172 -0.00396695 0.00090413 0.99997949 0.00503223 0.99998693
81.5  0.99999217 -0.00386107 0.00086720 0.99997945 0.00512183 0.99998651
82.0  0.99999253 -0.00374640 0.00095530 0.99998114 0.00487046 0.99998768
82.5  0.99999318 -0.00356846 0.00094915 0.99998402 0.00438908 0.99998992
83.0  0.99999445 -0.00326608 0.00065087 0.99980523 0.01946587 0.99981031
83.5  0.99999581 -0.00285127 0.00050234 0.99992622 -0.01180645 0.99993018
84.0  0.99999696 -0.00243663 0.00037589 0.99999412 0.00241488 0.99999701
84.5  0.99999783 -0.00201662 0.00051358 0.99999702 0.00137386 0.99999892
85.0  0.99999873 -0.00154863 0.00037625 0.99999869 0.00047137 0.99999982
85.5  0.99999944 -0.00101231 0.00030980 0.99999947 -0.00021001 0.99999993
86.0  0.99999964 -0.00050620 0.00067416 0.99999948 -0.00088206 0.99999938
86.5  0.99999966 0.00000805 0.00082582 0.99999919 -0.00127015 0.99999885
87.0  0.99999940 0.00056905 0.00094073 0.99992302 -0.01239521 0.99992273
87.5  0.99999892 0.00109764 0.00097876 0.99999939 -0.00013662 0.99999951
88.0  0.99999826 0.00160967 0.00094278 0.99998739 -0.00475848 0.99998823
88.5  0.99999723 0.00208782 0.00108671 0.99993303 -0.01138529 0.99993460
89.0  0.99999629 0.00251227 0.00105163 0.99992651 0.01185754 0.99992914
89.5  0.99999541 0.00295155 0.00068813 0.99998520 0.00456937 0.99998932
90.0  0.99999406 0.00339345 0.00060491 0.99998428 -0.00446672 0.99998984
90.5  0.99999260 0.00383042 0.00036481 0.99981360 -0.01892489 0.99982084
91.0  0.99999113 0.00421215 -0.00001525 0.99998152 -0.00438460 0.99999039
91.5  0.99998976 0.00452139 -0.00019392 0.99998025 -0.00436350 0.99999046
92.0  0.99998880 0.00472819 -0.00019389 0.99998342 -0.00328713 0.99999458
92.5  0.99998831 0.00482728 -0.00029272 0.99998597 -0.00218116 0.99999758
93.0  0.99998822 0.00483317 -0.00044404 0.99998832 -0.00002827 0.99999990
93.5  0.99998842 0.00474241 -0.00081217 0.99998844 0.00080305 0.99999935
94.0  0.99998874 0.00456219 -0.00130396 0.99998711 0.00223480 0.99999665
94.5  0.99998925 0.00428744 -0.00176852 0.99998553 0.00325792 0.99999313
95.0  0.99998989 0.00394504 -0.00215897 0.99997943 0.00506509 0.99998484
95.5  0.99999055 0.00363763 -0.00238276 0.99997526 0.00602952 0.99997898
96.0  0.99999162 0.00343408 -0.00222873 0.99997260 0.00656615 0.99997596
96.5  0.99999349 0.00309691 -0.00185362 0.99996558 0.00770345 0.99996861
97.0  0.99999566 0.00260030 -0.00138278 0.99996042 0.00851178 0.99996282
97.5  0.99999744 0.00206888 -0.00091611 0.99995659 0.00908682 0.99995829
98.0  0.99999872 0.00153568 -0.00044810 0.99995621 0.00923176 0.99995729
98.5  0.99999951 0.00098538 0.00009802 0.99996109 0.00876664 0.99996157
99.0  0.99999982 0.00037703 0.00046233 0.99997123 0.00757545 0.99997120
99.5  0.99999991 -0.00022654 0.00036408 0.99998478 0.00551266 0.99998474
100.0  0.99999961 -0.00087472 -0.00015295 0.99999570 0.00279962 0.99999607
100.5  0.99999858 -0.00156421 -0.00061926 0.99999870 -0.00038104 0.99999974
101.0  0.99999726 -0.00219064 -0.00082408 0.99999094 -0.00365101 0.99999300
101.5  0.99999602 -0.00265440 -0.00095870 0.99997452 -0.00662905 0.99997757
102.0  0.99999457 -0.00308564 -0.00116009 0.99995399 -0.00908594 0.99995805
102.5  0.99999252 -0.00366962 -0.00122285 0.99993397 -0.01089440 0.99993991
103.0  0.99999027 -0.00423868 -0.00122175 0.99991744 -0.01213540 0.99992562
103.5  0.99998797 -0.00470390 -0.00139299 0.99990706 -0.01280303 0.99991707
104.0  0.99998582 -0.00504744 -0.00169884 0.99989449 -0.01363004 0.99990566
104.5  0.99998423 -0.00533471 -0.00175499 0.99989268 -0.01365359 0.99990525
105.0  0.99998353 -0.00552754 -0.00154196 0.99988840 -0.01388778 0.99990237
105.5  0.99998386 -0.00555257 -0.00120479 0.99988483 -0.01413121 0.99989942
106.0  0.99998511 -0.00543210 -0.00051276 0.99988003 -0.01450848 0.99989461
106.5  0.99998614 -0.00526460 -0.00003944 0.99987985 -0.01458038 0.99989370
107.0  0.99998760 -0.00497866 0.00013964 0.99987308 -0.01513364 0.99988547
107.5  0.99999004 -0.00443865 0.00047224 0.99987042 -0.01547215 0.99988019
108.0  0.99999289 -0.00372702 0.00056591 0.99987254 -0.01552270 0.99987936
108.5  0.99999569 -0.00287087 0.00062232 0.99988483 -0.01490103 0.99988878
109.0  0.99999800 -0.00190115 0.00062212 0.99991206 -0.01312325 0.99991369
109.5  0.99999955 -0.00084940 0.00042656 0.99995039 -0.00992412 0.99995066
110.0  0.99999986 0.00028366 0.00043789 0.99998632 -0.00522334 0.99998626
110.5  0.99999886 0.00140290 0.00055517 0.99999890 0.00047786 0.99999973
111.0  0.99999688 0.00243146 0.00056530 0.99997616 0.00646198 0.99997896
111.5  0.99999414 0.00336693 0.00062540 0.99992481 0.01178967 0.99993030
112.0  0.99999108 0.00418209 0.00058666 0.99986716 0.01575098 0.99987577
112.5  0.99998815 0.00483579 0.00056092 0.99982737 0.01793745 0.99983895
113.0  0.99998566 0.00532025 0.00060548 0.99981467 0.01849918 0.99982869
113.5  0.99998389 0.00563043 0.00071432 0.99982909 0.01760572 0.99984475
114.0  0.99998320 0.00577342 0.00051163 0.99985819 0.01581732 0.99987477
114.5  0.99998359 0.00571409 0.00039981 0.99989072 0.01363213 0.99990700
115.0  0.99998529 0.00539621 0.00055078 0.99992038 0.01140432 0.99993482
115.5  0.99998755 0.00494939 0.00062975 0.99995068 0.00860703 0.99996276
116.0  0.99999014 0.00441962 0.00043937 0.99996131 0.00760365 0.99997100
116.5  0.99999265 0.00381891 0.00033226 0.99997991 0.00505834 0.99998715
117.0  0.99999476 0.00317275 0.00064858 0.99998989 0.00318516 0.99999472
117.5  0.99999634 0.00251796 0.00098732 0.99999576 0.00146122 0.99999845
118.0  0.99999808 0.00191889 0.00040466 0.99999813 0.00024098 0.99999989
118.5  0.99999899 0.00139203 -0.00028031 0.99999700 -0.00201389 0.99999793
119.0  0.99999968 0.00078235 0.00013986 0.99999514 -0.00301966 0.99999543
119.5  0.99999978 0.00010058 0.00065866 0.99999546 -0.00301154 0.99999525
120.0  0.99999928 -0.00055780 0.00106061 0.99985054 -0.01727886 0.99985015
120.5  0.99999851 -0.00123938 0.00120496 0.99999335 0.00343124 0.99999339
121.0  0.99999764 -0.00189983 0.00105834 0.99999160 0.00363437 0.99999284
121.5  0.99999649 -0.00249670 0.00088416 0.99992507 -0.01198221 0.99992782
122.0  0.99999503 -0.00303126 0.00086426 0.99980425 -0.01954927 0.99980852
122.5  0.99999340 -0.00349555 0.00098990 0.99990612 -0.01324558 0.99991178
123.0  0.99999192 -0.00387560 0.00107069 0.99982177 -0.01847343 0.99982878
123.5  0.99999073 -0.00416807 0.00107890 0.99983260 -0.01781139 0.99984078
124.0  0.99998997 -0.00436473 0.00100204 0.99993265 -0.01074966 0.99994172
124.5  0.99998943 -0.00451894 0.00084325 0.99996387 -0.00719588 0.99997375
125.0  0.99998925 -0.00460240 0.00056213 0.99997870 -0.00462572 0.99998914
125.5  0.99998931 -0.00462322 0.00000505 0.99998790 -0.00168205 0.99999859
126.0  0.99998946 -0.00456705 -0.00046134 0.99998910 0.00096973 0.99999942
126.5  0.99998986 -0.00443862 -0.00076481 0.99998530 0.00311128 0.99999487
127.0  0.99998993 -0.00428945 -0.00132045 0.99997923 0.00480557 0.99998758
127.5  0.99999010 -0.00415812 -0.00158279 0.99997194 0.00622552 0.99997937
128.0  0.99999147 -0.00389798 -0.00136393 0.99996479 0.00742552 0.99997150
128.5  0.99999315 -0.00352691 -0.00112670 0.99995755 0.00850873 0.99996317
129.0  0.99999444 -0.00318850 -0.00097201 0.99994779 0.00970544 0.99995243
129.5  0.99999531 -0.00286727 -0.00107277 0.99993542 0.01099427 0.99993899
130.0  0.99999595 -0.00251599 -0.00132702 0.99991395 0.01287135 0.99991628
130.5  0.99999651 -0.00222979 -0.00141528 0.99990016 0.01395046 0.99990169
131.0  0.99999754 -0.00184528 -0.00123131 0.99987229 0.01587195 0.99987327
131.5  0.99999873 -0.00128046 -0.00094539 0.99984748 0.01741637 0.99984788
132.0  0.99999958 -0.00065736 -0.00063879 0.99982355 0.01877286 0.99982357
132.5  0.99999985 0.00014153 -0.00053235 0.99978021 0.02096483 0.99978007
133.0  0.99999904 0.00123279 -0.00063904 0.99974157 0.02270065 0.99974210
133.5  0.99999741 0.00226599 -0.00019307 0.99968479 0.02500439 0.99968732
134.0  0.99999499 0.00314668 0.00034795 0.99962022 0.02737633 0.99962514
134.5  0.99999146 0.00410171 0.00050900 0.99954351 0.02993053 0.99955185
135.0  0.99998689 0.00505863 0.00078935 0.99951404 0.03075499 0.99952664
135.5  0.99998151 0.00596595 0.00117675 0.99946273 0.03222176 0.99948005
136.0  0.99997567 0.00681480 0.00148720 0.99951537 0.03036466 0.99953778
136.5  0.99997013 0.00752208 0.00177722 0.99963570 0.02590810 0.99966275
137.0  0.99996532 0.00805620 0.00211304 0.99980754 0.01787143 0.99983806
137.5  0.99996206 0.00838210 0.00237064 0.99994408 0.00642784 0.99997653
138.0  0.99996085 0.00845633 0.00260673 0.99993849 -0.00719866 0.99997069
138.5  0.99996072 0.00841690 0.00277689 0.99974929 -0.02077269 0.99978037
139.0  0.99996183 0.00824769 0.00288476 0.99946314 -0.03173301 0.99949222
139.5  0.99996485 0.00788553 0.00284831 0.99923450 -0.03834096 0.99926066
140.0  0.99996984 0.00725988 0.00275949 0.99915028 -0.04059191 0.99917200
140.5  0.99997572 0.00647191 0.00258481 0.99925769 -0.03799345 0.99927465
141.0  0.99998299 0.00546813 0.00202920 0.99939721 -0.03429436 0.99940972
141.5  0.99998978 0.00427495 0.00147160 0.99953019 -0.03035659 0.99953805
142.0  0.99999480 0.00303021 0.00110081 0.99967508 -0.02531248 0.99967898
142.5  0.99999798 0.00178185 0.00093185 0.99977795 -0.02099884 0.99977907
143.0  0.99999961 0.00047448 0.00073829 0.99985080 -0.01726753 0.99985063
143.5  0.99999932 -0.00087743 0.00076408 0.99990091 -0.01404910 0.99990101
144.0  0.99999730 -0.00219099 0.00077914 0.99993415 -0.01126302 0.99993627
144.5  0.99999354 -0.00348492 0.00087704 0.99995475 -0.00884881 0.99996046
145.0  0.99998877 -0.00466200 0.00085282 0.99996718 -0.00662290 0.99997770
145.5  0.99998370 -0.00570137 0.00030285 0.99997280 -0.00467732 0.99998902
146.0  0.99997763 -0.00668805 -0.00000394 0.99997413 -0.00264696 0.99999650
146.5  0.99997156 -0.00754175 -0.00002896 0.99997126 -0.00077112 0.99999970
147.0  0.99996640 -0.00817840 -0.00055588 0.99996469 0.00192825 0.99999799
147.5  0.99996224 -0.00860018 -0.00124640 0.99995258 0.00455748 0.99998884
148.0  0.99995997 -0.00879654 -0.00163742 0.99993886 0.00668611 0.99997631
148.5  0.99995854 -0.00884589 -0.00215900 0.99992123 0.00888588 0.99995819
149.0  0.99995891 -0.00883242 -0.00204258 0.99991264 0.00981597 0.99994974
149.5  0.99996041 -0.00873546 -0.00169318 0.99989369 0.01166021 0.99993058
150.0  0.99996136 -0.00857389 -0.00194315 0.99987726 0.01309693 0.99991234
150.5  0.99996332 -0.00839515 -0.00169552 0.99985656 0.01469612 0.99989057
151.0  0.99996662 -0.00808861 -0.00115443 0.99985307 0.01510472 0.99988525
151.5  0.99996967 -0.00771708 -0.00105522 0.99983829 0.01623521 0.99986764
152.0  0.99997216 -0.00741676 -0.00082365 0.99981297 0.01785549 0.99984024
152.5  0.99997496 -0.00705246 -0.00059323 0.99977096 0.02020249 0.99979573
153.0  0.99997825 -0.00656168 -0.00066114 0.99968421 0.02425353 0.99970562
153.5  0.99998184 -0.00596356 -0.00087449 0.99953000 0.03006541 0.99954755
154.0  0.99998542 -0.00529965 -0.00103528 0.99926694 0.03790944 0.99928064
154.5  0.99998915 -0.00451079 -0.00116478 0.99869632 0.05084126 0.99870607
155.0  0.99999228 -0.00360343 -0.00156388 0.99752317 0.07024105 0.99752882
155.5  0.99999492 -0.00261310 -0.00182530 0.99570782 0.09251090 0.99571000
156.0  0.99999727 -0.00159361 -0.00170876 0.99412389 0.10823381 0.99412400
156.5  0.99999879 -0.00063134 -0.00142016 0.99516798 0.09818407 0.99516726
157.0  0.99999954 0.00007165 -0.00095138 0.99825326 0.05907982 0.99825281
157.5  0.99999940 0.00078782 -0.00075592 0.99996328 0.00853359 0.99996330
158.0  0.99999860 0.00153594 -0.00065815 0.99928739 -0.03771317 0.99928839
158.5  0.99999787 0.00204855 -0.00026515 0.99743748 -0.07151382 0.99743957
159.0  0.99999689 0.00249323 0.00003916 0.99604571 -0.08880759 0.99604880
159.5  0.99999566 0.00293181 0.00029399 0.99584682 -0.09099857 0.99585098
160.0  0.99999405 0.00338820 0.00064347 0.99644641 -0.08416367 0.99645174
160.5  0.99999247 0.00377067 0.00091995 0.99731990 -0.07307103 0.99732631
161.0  0.99999064 0.00416135 0.00118170 0.99809645 -0.06153718 0.99810409
161.5  0.99998778 0.00469308 0.00155456 0.99872606 -0.05024944 0.99873549
162.0  0.99998519 0.00513964 0.00178981 0.99916496 -0.04054328 0.99917618
162.5  0.99998293 0.00558514 0.00171622 0.99944950 -0.03271318 0.99946331
163.0  0.99997922 0.00614345 0.00195356 0.99963124 -0.02646337 0.99964787
163.5  0.99997522 0.00674536 0.00201685 0.99972834 -0.02232430 0.99974875
164.0  0.99997218 0.00727996 0.00162463 0.99980209 -0.01852673 0.99982705
164.5  0.99996821 0.00767415 0.00216471 0.99983499 -0.01648241 0.99986181
165.0  0.99996545 0.00798322 0.00231636 0.99996761 0.00100418 0.99999681
165.5  0.99996287 0.00855514 0.00103077 0.99949678 -0.03055488 0.99953256
166.0  0.99996092 0.00883581 0.00030250 0.99987512 -0.01310578 0.99991407
166.5  0.99996066 0.00886883 -0.00011578 0.99987879 -0.01279575 0.99991812
167.0  0.99996200 0.00867729 -0.00083979 0.99988267 -0.01261628 0.99992006
167.5  0.99996350 0.00845760 -0.00120930 0.99988411 -0.01264826 0.99991928
168.0  0.99996565 0.00816559 -0.00142398 0.99988447 -0.01280974 0.99991694
168.5  0.99996929 0.00767168 -0.00160347 0.99988553 -0.01302906 0.99991383
169.0  0.99997424 0.00698971 -0.00162909 0.99988917 -0.01313394 0.99991242
169.5  0.99997934 0.00614334 -0.00188928 0.99989718 -0.01294576 0.99991442
170.0  0.99998445 0.00521894 -0.00196390 0.99991264 -0.01213364 0.99992446
170.5  0.99998971 0.00422650 -0.00165006 0.99993722 -0.01037021 0.99994487
171.0  0.99999426 0.00315101 -0.00124852 0.99996825 -0.00731585 0.99997246
171.5  0.99999749 0.00204633 -0.00091222 0.99999240 -0.00331700 0.99999408
172.0  0.99999934 0.00081200 -0.00081426 0.99999645 0.00253811 0.99999645
172.5  0.99999947 -0.00051380 -0.00088939 0.99996760 0.00803315 0.99996734
173.0  0.99999798 -0.00189314 -0.00066981 0.99991712 0.01273371 0.99991870
173.5  0.99999455 -0.00328561 -0.00033814 0.99985746 0.01655998 0.99986282
174.0  0.99998960 -0.00455510 -0.00020324 0.99983626 0.01751215 0.99984663
174.5  0.99998392 -0.00565345 -0.00043617 0.99983441 0.01729479 0.99985034
175.0  0.99997818 -0.00656601 -0.00073207 0.99985124 0.01594522 0.99987260
175.5  0.99997236 -0.00740672 -0.00065138 0.99987377 0.01405191 0.99990105
176.0  0.99996747 -0.00806388 -0.00016687 0.99989741 0.01183728 0.99992992
176.5  0.99996433 -0.00843227 0.00047828 0.99991717 0.00972831 0.99995256
177.0  0.99996254 -0.00864837 0.00035858 0.99993594 0.00730572 0.99997325
177.5  0.99996208 -0.00870447 0.00026992 0.99994410 0.00600462 0.99998194
178.0  0.99996441 -0.00843352 0.00022922 0.99995766 0.00368370 0.99999319
178.5  0.99996790 -0.00800598 0.00031451 0.99996618 0.00188637 0.99999817
179.0  0.99997216 -0.00741744 0.00080807 0.99997249 0.00003659 0.99999967
179.5  0.99997692 -0.00667646 0.00125991 0.99997640 -0.00161006 0.99999791
180.0  0.99998139 -0.00587138 0.00165911 0.99997950 -0.00254366 0.99999539
180.5  0.99998630 -0.00494233 0.00172440 0.99997692 -0.00465279 0.99998769
181.0  0.99999068 -0.00400196 0.00162223 0.99996869 -0.00681996 0.99997543
181.5  0.99999399 -0.00307008 0.00161255 0.99995548 -0.00891772 0.99995894
182.0  0.99999662 -0.00210348 0.00152555 0.99994223 -0.01053780 0.99994331
182.5  0.99999842 -0.00113040 0.00137150 0.99993458 -0.01138064 0.99993430
183.0  0.99999929 -0.00012713 0.00118571 0.99994491 -0.01049532 0.99994422
183.5  0.99999907 0.00085300 0.00106090 0.99996704 -0.00807556 0.99996683
184.0  0.99999788 0.00185124 0.00089866 0.99998663 -0.00482969 0.99998793
184.5  0.99999584 0.00280127 0.00068207 0.99999527 -0.00127222 0.99999896
185.0  0.99999311 0.00368510 0.00045176 0.99999131 0.00194937 0.99999800
185.5  0.99998993 0.00446873 0.00041389 0.99997947 0.00458979 0.99998938
186.0  0.99998678 0.00512903 0.00035830 0.99996521 0.00657676 0.99997831
186.5  0.99998402 0.00565324 0.00002517 0.99995108 0.00811651 0.99996706
187.0  0.99998160 0.00606530 0.00012013 0.99993999 0.00912234 0.99995838
187.5  0.99998036 0.00626644 0.00014313 0.99993441 0.00958566 0.99995405
188.0  0.99997927 0.00643591 -0.00017480 0.99992679 0.01024834 0.99994747
188.5  0.99997766 0.00666929 -0.00045028 0.99990422 0.01213069 0.99992632
189.0  0.99997731 0.00672050 -0.00045952 0.99993538 0.00917184 0.99995783
189.5  0.99997833 0.00657990 -0.00022194 0.99992295 0.01052761 0.99994456
190.0  0.99997981 0.00635412 0.00002449 0.99992905 0.01007585 0.99994924
190.5  0.99998154 0.00606822 0.00029408 0.99993028 0.01012851 0.99994866
191.0  0.99998351 0.00571759 0.00053766 0.99993427 0.00993467 0.99995051
191.5  0.99998588 0.00528080 0.00059058 0.99993995 0.00959960 0.99995375
192.0  0.99998844 0.00477658 0.00055765 0.99994755 0.00905749 0.99995882
192.5  0.99999111 0.00418220 0.00052865 0.99995781 0.00817650 0.99996643
193.0  0.99999377 0.00350196 0.00044426 0.99997003 0.00690288 0.99997608
193.5  0.99999599 0.00280344 0.00040131 0.99998252 0.00520474 0.99998637
194.0  0.99999788 0.00204244 0.00026339 0.99999311 0.00309772 0.99999517
194.5  0.99999930 0.00118670 0.00002691 0.99999899 0.00077767 0.99999970
195.0  0.99999991 0.00030597 -0.00029471 0.99999860 -0.00164244 0.99999861
195.5  0.99999962 -0.00061477 -0.00061073 0.99999209 -0.00393076 0.99999209
196.0  0.99999843 -0.00153628 -0.00087971 0.99998134 -0.00591369 0.99998213
196.5  0.99999630 -0.00242751 -0.00123065 0.99996899 -0.00749420 0.99997116
197.0  0.99999342 -0.00332887 -0.00143838 0.99995735 -0.00861918 0.99996182
197.5  0.99998985 -0.00418305 -0.00167327 0.99994826 -0.00927930 0.99995555
198.0  0.99998597 -0.00495463 -0.00187389 0.99994218 -0.00955294 0.99995261
198.5  0.99998262 -0.00562689 -0.00175815 0.99993965 -0.00944562 0.99995384
199.0  0.99998067 -0.00606316 -0.00137814 0.99994043 -0.00908505 0.99995778
199.5  0.99997883 -0.00637480 -0.00130595 0.99994287 -0.00858889 0.99996226
200.0  0.99997599 -0.00675742 -0.00153328 0.99994818 -0.00762400 0.99996976
200.5  0.99997394 -0.00710561 -0.00127977 0.99995222 -0.00672226 0.99997659
201.0  0.99997300 -0.00730537 -0.00079320 0.99992716 -0.00961319 0.99995348
201.5  0.99997300 -0.00734568 -0.00020941 0.99997278 0.00068877 0.99999974
202.0  0.99997534 -0.00701933 0.00020460 0.99997103 -0.00294217 0.99999565
202.5  0.99997773 -0.00666524 0.00032824 0.99997691 -0.00132184 0.99999907
203.0  0.99998039 -0.00623270 0.00060536 0.99998043 -0.00054365 0.99999967
203.5  0.99998328 -0.00571693 0.00087322 0.99998310 0.00106309 0.99999905
204.0  0.99998656 -0.00508240 0.00102455 0.99998592 0.00153358 0.99999830
204.5  0.99998976 -0.00437015 0.00117237 0.99998862 0.00191651 0.99999748
205.0  0.99999298 -0.00351728 0.00128994 0.99999158 0.00211787 0.99999693
205.5  0.99999591 -0.00256646 0.00126070 0.99999445 0.00212959 0.99999694
206.0  0.99999824 -0.00151713 0.00110473 0.99999728 0.00177317 0.99999782
206.5  0.99999954 -0.00041412 0.00086276 0.99999736 0.00226233 0.99999707
207.0  0.99999936 0.00073900 0.00085497 0.99999758 0.00207195 0.99999749
207.5  0.99999769 0.00195170 0.00089662 0.99999749 0.00110052 0.99999899
208.0  0.99999463 0.00317975 0.00079801 0.99999465 0.00076107 0.99999939
208.5  0.99999012 0.00440453 0.00060407 0.99999030 0.00002572 0.99999982
209.0  0.99998455 0.00553811 0.00048804 0.99998425 -0.00091348 0.99999946
209.5  0.99997858 0.00652381 0.00053401 0.99997706 -0.00182650 0.99999819
210.0  0.99997324 0.00730071 0.00046537 0.99996726 -0.00349289 0.99999379
210.5  0.99996886 0.00788054 0.00042508 0.99996171 -0.00380824 0.99999266
211.0  0.99996445 0.00841988 0.00045651 0.99995372 -0.00465916 0.99998904
211.5  0.99996145 0.00875173 0.00070818 0.99994935 -0.00497583 0.99998737
212.0  0.99995912 0.00900301 0.00083759 0.99994737 -0.00492810 0.99998751
212.5  0.99995807 0.00913852 0.00058861 0.99994825 -0.00447539 0.99998981
213.0  0.99995962 0.00897949 0.00036017 0.99995291 -0.00368350 0.99999315
213.5  0.99996273 0.00862031 0.00048495 0.99995962 -0.00254324 0.99999665
214.0  0.99996719 0.00808232 0.00055151 0.99996585 -0.00172907 0.99999835
214.5  0.99997279 0.00736845 0.00034092 0.99997275 -0.00045555 0.99999984
215.0  0.99997890 0.00649498 0.00012225 0.99997876 0.00053542 0.99999985
215.5  0.99998497 0.00548259 -0.00010045 0.99998408 0.00133165 0.99999911
216.0  0.99999049 0.00436005 -0.00013338 0.99998866 0.00191808 0.99999815
216.5  0.99999499 0.00315561 -0.00024680 0.99999241 0.00228419 0.99999736
217.0  0.99999811 0.00189168 -0.00045155 0.99999624 0.00198486 0.99999793
217.5  0.99999964 0.00061312 -0.00057803 0.99999562 0.00289432 0.99999564
218.0  0.99999950 -0.00060580 -0.00079106 0.99999499 0.00310606 0.99999486
218.5  0.99999799 -0.00176810 -0.00094115 0.99999193 0.00360489 0.99999306
219.0  0.99999533 -0.00290470 -0.00095285 0.99998559 0.00451206 0.99998937
219.5  0.99999164 -0.00395314 -0.00104107 0.99995052 0.00912431 0.99995783
220.0  0.99998714 -0.00491308 -0.00125466 0.99997877 -0.00428623 0.99999003
220.5  0.99998168 -0.00585890 -0.00152395 0.99984851 0.01638101 0.99986466
221.0  0.99997567 -0.00668580 -0.00199011 0.99994184 0.00844914 0.99996233
221.5  0.99996892 -0.00745747 -0.00255644 0.99992836 0.00934406 0.99995308
222.0  0.99996402 -0.00809765 -0.00252880 0.99992928 0.00868926 0.99995905
222.5  0.99996035 -0.00860746 -0.00228467 0.99993306 0.00771228 0.99996765
223.0  0.99995717 -0.00902824 -0.00203842 0.99994167 0.00591011 0.99998046
223.5  0.99995432 -0.00939799 -0.00174472 0.99994994 0.00341867 0.99999263
224.0  0.99995139 -0.00971813 -0.00166782 0.99995268 0.00042713 0.99999852
224.5  0.99994922 -0.00991501 -0.00180228 0.99994741 -0.00263896 0.99999489
225.0  0.99994874 -0.00996346 -0.00179936 0.99993556 -0.00545979 0.99998348
225.5  0.99995087 -0.00985132 -0.00110075 0.99992151 -0.00775297 0.99996934
226.0  0.99995401 -0.00958603 -0.00029050 0.99991243 -0.00912634 0.99995831
226.5  0.99995753 -0.00921423 -0.00018903 0.99991232 -0.00951272 0.99995474
227.0  0.99996118 -0.00881078 -0.00003059 0.99992087 -0.00898001 0.99995968
227.5  0.99996732 -0.00808227 0.00019310 0.99974995 -0.02084878 0.99978262
228.0  0.99997432 -0.00715997 0.00031207 0.99996439 0.00446939 0.99998996
228.5  0.99998133 -0.00610341 0.00030457 0.99995213 -0.00764597 0.99997072
229.0  0.99998813 -0.00487234 -0.00000162 0.99997397 -0.00532183 0.99998584
229.5  0.99999365 -0.00355075 -0.00028979 0.99998650 -0.00379394 0.99999276
230.0  0.99999764 -0.00213861 -0.00037852 0.99999286 -0.00311695 0.99999507
230.5  0.99999964 -0.00070001 -0.00047450 0.99999754 -0.00210711 0.99999767
231.0  0.99999955 0.00069613 -0.00064708 0.99999851 -0.00157838 0.99999854
231.5  0.99999752 0.00207558 -0.00080822 0.99999739 -0.00095369 0.99999922
232.0  0.99999338 0.00343537 -0.00120223 0.99999404 -0.00034224 0.99999922
232.5  0.99998781 0.00470535 -0.00149429 0.99998887 0.00034289 0.99999882
233.0  0.99998162 0.00592580 -0.00128268 0.99998186 0.00108954 0.99999858
233.5  0.99997498 0.00703717 -0.00072387 0.99997289 0.00217246 0.99999738
234.0  0.99996729 0.00808797 -0.00006372 0.99996147 0.00341149 0.99999418
234.5  0.99995896 0.00904696 0.00047935 0.99994663 0.00498434 0.99998746
235.0  0.99995160 0.00978962 0.00098075 0.99983667 0.01518324 0.99988425
235.5  0.99994498 0.01042642 0.00115506 0.99992190 -0.00690280 0.99997551
236.0  0.99993977 0.01084828 0.00166694 0.99966607 0.02343681 0.99972393
236.5  0.99993650 0.01109769 0.00195990 0.99992938 0.00422933 0.99998914
237.0  0.99993642 0.01114329 0.00172628 0.99993569 0.00209057 0.99999632
237.5  0.99993908 0.01092926 0.00154447 0.99980559 0.01639528 0.99986440
238.0  0.99994454 0.01040208 0.00165027 0.99992223 0.00686328 0.99997509
238.5  0.99995176 0.00968701 0.00162719 0.99994513 0.00397082 0.99999079
239.0  0.99996218 0.00861222 0.00120838 0.99996291 -0.00002373 0.99999927
239.5  0.99997201 0.00743243 0.00085599 0.99996803 -0.00295653 0.99999526
240.0  0.99998060 0.00619642 0.00063361 0.99996564 -0.00551014 0.99998462
240.5  0.99998808 0.00487737 0.00024251 0.99995977 -0.00752949 0.99997162
241.0  0.99999384 0.00350975 -0.00005903 0.99995259 -0.00908234 0.99995875
241.5  0.99999758 0.00217946 -0.00029555 0.99994352 -0.01040192 0.99994585
242.0  0.99999931 0.00107722 -0.00047729 0.99970303 -0.02434465 0.99970351
242.5  0.99999999 0.00013617 -0.00001692 0.99999821 -0.00188850 0.99999822
243.0  0.99999940 -0.00095465 0.00054513 0.99989376 -0.01454442 0.99989408
243.5  0.99999749 -0.00199110 0.00102702 0.99985344 -0.01700219 0.99985492
244.0  0.99999556 -0.00289439 0.00070839 0.99978457 -0.02055122 0.99978855
244.5  0.99999265 -0.00382317 -0.00027336 0.99967500 -0.02520599 0.99968224
245.0  0.99998881 -0.00471992 -0.00030381 0.99951496 -0.03078434 0.99952600
245.5  0.99998576 -0.00533386 0.00016725 0.99930661 -0.03684869 0.99932084
246.0  0.99998364 -0.00567688 0.00070832 0.99911806 -0.04160039 0.99913408
246.5  0.99998202 -0.00586442 0.00125613 0.99905067 -0.04316012 0.99906738
247.0  0.99998141 -0.00582655 0.00180015 0.99918624 -0.03990129 0.99920200
247.5  0.99998205 -0.00554519 0.00226847 0.99933346 -0.03606948 0.99934671
248.0  0.99998264 -0.00524707 0.00267926 0.99966627 -0.02528085 0.99967680
248.5  0.99998454 -0.00495542 0.00252322 0.99996060 -0.00735227 0.99996979
249.0  0.99998773 -0.00453627 0.00199000 0.99997986 0.00444876 0.99998812
249.5  0.99999101 -0.00398851 0.00144134 0.99986736 0.01579675 0.99987418
250.0  0.99999413 -0.00330893 0.00088654 0.99981859 0.01876060 0.99982361
250.5  0.99999667 -0.00255320 0.00036474 0.99955660 0.02966711 0.99955977
251.0  0.99999845 -0.00175543 -0.00012844 0.99944706 0.03320369 0.99944860
251.5  0.99999945 -0.00086322 -0.00060290 0.99940894 0.03436567 0.99940914
252.0  0.99999967 0.00011416 -0.00080175 0.99941420 0.03422342 0.99941389
252.5  0.99999911 0.00100832 -0.00087521 0.99949447 0.03177800 0.99949457
253.0  0.99999805 0.00181290 -0.00078302 0.99959400 0.02843658 0.99959529
253.5  0.99999647 0.00258290 -0.00062658 0.99969749 0.02446118 0.99970058
254.0  0.99999456 0.00326607 -0.00046165 0.99976606 0.02138281 0.99977125
254.5  0.99999254 0.00386389 -0.00000100 0.99981480 0.01885326 0.99982226
255.0  0.99999048 0.00433884 0.00047275 0.99989730 0.01365716 0.99990662
255.5  0.99998820 0.00474647 0.00103533 0.99983656 0.01744011 0.99984737
256.0  0.99998644 0.00499934 0.00145844 0.99990618 0.01274565 0.99991771
256.5  0.99998586 0.00513417 0.00138215 0.99991424 0.01204113 0.99992655
257.0  0.99998654 0.00513279 0.00075970 0.99991640 0.01186440 0.99992933
257.5  0.99998669 0.00504152 0.00110011 0.99991898 0.01168332 0.99993114
258.0  0.99998531 0.00483415 0.00245026 0.99991420 0.01216273 0.99992303
258.5  0.99998460 0.00447813 0.00327865 0.99990291 0.01318048 0.99990776
259.0  0.99998848 0.00398889 0.00266937 0.99988107 0.01488719 0.99988562
259.5  0.99999283 0.00353011 0.00136956 0.99984577 0.01719916 0.99985115
260.0  0.99999567 0.00282806 0.00081746 0.99977880 0.02083873 0.99978252
260.5  0.99999794 0.00198295 0.00042807 0.99964591 0.02653432 0.99964781
261.0  0.99999936 0.00112166 0.00017009 0.99934501 0.03617010 0.99934563
261.5  0.99999996 0.00016368 -0.00022875 0.99854178 0.05398411 0.99854177
262.0  0.99999958 -0.00069649 -0.00059614 0.99631589 0.08575599 0.99631599
262.5  0.99999848 -0.00138245 -0.00106231 0.98944539 0.14489823 0.98944599
263.0  0.99999690 -0.00146912 -0.00200932 0.97383810 0.22723509 0.97383786
263.5  0.99999541 -0.00127303 -0.00274932 0.96908728 0.24671074 0.96908527
264.0  0.99999422 -0.00125673 -0.00315852 0.98385345 0.17896688 0.98385003
264.5  0.99999346 -0.00107678 -0.00345169 0.99441868 0.10549609 0.99441373
265.0  0.99999287 -0.00088450 -0.00367243 0.99776723 0.06677789 0.99776111
265.5  0.99999262 -0.00075303 -0.00376789 0.99895298 0.04573940 0.99894630
266.0  0.99999251 -0.00051124 -0.00383684 0.99940270 0.03455191 0.99939554
266.5  0.99999260 -0.00012875 -0.00384550 0.99936625 0.03559527 0.99935889
267.0  0.99999286 0.00024456 -0.00377173 0.99961636 0.02769691 0.99960925
267.5  0.99999349 0.00064729 -0.00355108 0.97392786 0.22685787 0.97392140
268.0  0.99999357 -0.00120260 -0.00337962 0.94171892 -0.33640077 0.94171285
268.5  0.99999430 -0.00093826 -0.00324373 0.99861238 0.05265054 0.99860773
269.0  0.99999519 -0.00062439 -0.00303851 0.99981019 0.01947070 0.99980581
269.5  0.99999589 -0.00024898 -0.00285462 0.99993879 0.01106032 0.99993476
270.0  0.99999642 0.00020614 -0.00266641 0.99996627 0.00821114 0.99996273
270.5  0.99999691 0.00053350 -0.00242740 0.99997366 0.00724000 0.99997084
271.0  0.99999731 0.00083544 -0.00216170 0.99997300 0.00730219 0.99997100
271.5  0.99999755 0.00104882 -0.00194861 0.99983632 0.01806414 0.99983493
272.0  0.99999739 0.00142296 -0.00178847 0.99999894 0.00032356 0.99999835
272.5  0.99999644 0.00214708 -0.00158608 0.99999703 0.00115403 0.99999808
273.0  0.99999598 0.00249850 -0.00134015 0.99993973 0.01069407 0.99994192
273.5  0.99999732 0.00204347 -0.00108792 0.99956444 0.02944312 0.99956587
274.0  0.99999871 0.00138006 -0.00081900 0.99982235 0.01879894 0.99982295
274.5  0.99999942 0.00094766 -0.00051703 0.99978094 0.02090925 0.99978124
275.0  0.99999972 0.00069496 -0.00027889 0.99973967 0.02280627 0.99973986
275.5  0.99999992 0.00040202 0.00002176 0.99970318 0.02435971 0.99970326
276.0  0.99999991 -0.00035166 0.00023759 0.99967505 0.02548870 0.99967508
276.5  0.99999920 -0.00119518 0.00041679 0.99965721 0.02615443 0.99965783
277.0  0.99999825 -0.00174549 0.00067283 0.99964700 0.02651222 0.99964826
277.5  0.99999728 -0.00210062 0.00101214 0.99964824 0.02644042 0.99964988
278.0  0.99999577 -0.00253052 0.00143427 0.99966849 0.02562624 0.99967057
278.5  0.99999370 -0.00304612 0.00182150 0.99971604 0.02363935 0.99971889
279.0  0.99999150 -0.00348671 0.00219839 0.99979084 0.02016000 0.99979435
279.5  0.99998962 -0.00376690 0.00256340 0.99987974 0.01505336 0.99988341
280.0  0.99998751 -0.00407322 0.00289669 0.99995491 0.00859061 0.99995890
280.5  0.99998574 -0.00425237 0.00323155 0.99998958 0.00167241 0.99999338
281.0  0.99998491 -0.00414789 0.00360276 0.99997484 -0.00573959 0.99997704
281.5  0.99998463 -0.00388164 0.00396000 0.99992648 -0.01147270 0.99992635
282.0  0.99998448 -0.00369677 0.00416815 0.99986621 -0.01591891 0.99986460
282.5  0.99998459 -0.00363625 0.00419419 0.99981605 -0.01881670 0.99981415
283.0  0.99998607 -0.00329231 0.00412446 0.99977224 -0.02107275 0.99976944
283.5  0.99998770 -0.00300041 0.00394825 0.99975788 -0.02178685 0.99975484
284.0  0.99998976 -0.00260219 0.00370255 0.99974844 -0.02226778 0.99974519
284.5  0.99999227 -0.00197125 0.00340175 0.99974837 -0.02233853 0.99974468
285.0  0.99999449 -0.00134235 0.00303746 0.99975574 -0.02205627 0.99975212
285.5  0.99999643 -0.00086193 0.00252895 0.99976987 -0.02143304 0.99976709
286.0  0.99999805 -0.00053180 0.00190221 0.99979191 -0.02039150 0.99979026
286.5  0.99999927 -0.00008005 0.00120466 0.99982354 -0.01878531 0.99982281
287.0  0.99999989 0.00010037 0.00046608 0.99986241 -0.01658760 0.99986231
287.5  0.99999992 -0.00005419 -0.00040120 0.99989768 -0.01430457 0.99989760
288.0  0.99999918 -0.00004660 -0.00127954 0.99993673 -0.01124915 0.99993591
288.5  0.99999748 0.00074202 -0.00211654 0.99996378 -0.00847756 0.99996182
289.0  0.99999487 0.00146980 -0.00284729 0.99998327 -0.00559083 0.99998032
289.5  0.99999253 0.00156539 -0.00353472 0.99999468 -0.00285455 0.99998968
290.0  0.99998919 0.00177288 -0.00429866 0.99999815 -0.00074051 0.99999049
290.5  0.99998506 0.00199932 -0.00508771 0.99999718 0.00129378 0.99998622
291.0  0.99998007 0.00253077 -0.00578317 0.99999476 0.00203223 0.99998121
291.5  0.99997675 0.00280713 -0.00621521 0.99999130 0.00310270 0.99997587
292.0  0.99997560 0.00252456 -0.00651277 0.99999093 0.00344710 0.99997285
292.5  0.99997523 0.00219122 -0.00668793 0.99999156 0.00348947 0.99997155
293.0  0.99997484 0.00220635 -0.00674158 0.99999214 0.00330854 0.99997180
293.5  0.99997481 0.00239781 -0.00668088 0.99999259 0.00302777 0.99997310
294.0  0.99997549 0.00258188 -0.00650727 0.99999292 0.00275551 0.99997503
294.5  0.99997718 0.00257942 -0.00624438 0.99999366 0.00247264 0.99997745
295.0  0.99997984 0.00236474 -0.00589238 0.99999476 0.00222576 0.99998016
295.5  0.99998305 0.00214674 -0.00541198 0.99999566 0.00202724 0.99998330
296.0  0.99998641 0.00184530 -0.00487677 0.99999663 0.00183324 0.99998643
296.5  0.99998959 0.00144799 -0.00432682 0.99999751 0.00170435 0.99998919
297.0  0.99999247 0.00103365 -0.00373950 0.99999808 0.00166956 0.99999161
297.5  0.99999466 0.00066397 -0.00320116 0.99999855 0.00156813 0.99999365
298.0  0.99999632 0.00043890 -0.00267578 0.99999900 0.00134412 0.99999552
298.5  0.99999790 0.00023813 -0.00203793 0.99999940 0.00107206 0.99999735
299.0  0.99999917 -0.00008961 -0.00128524 0.99999968 0.00079922 0.99999885
299.5  0.99999981 -0.00037472 -0.00048212 0.99999981 0.00048776 0.99999976
300.0  0.99999990 -0.00037372 0.00024891 0.99999993 0.00009380 0.99999996
300.5  0.99999949 -0.00016125 0.00099285 0.99999994 -0.00030979 0.99999946
301.0  0.99999840 -0.00023253 0.00177304 0.99999971 -0.00072924 0.99999816
301.5  0.99999680 -0.00040200 0.00249850 0.99999919 -0.00120945 0.99999615
302.0  0.99999499 -0.00049587 0.00312616 0.99999843 -0.00169911 0.99999367
302.5  0.99999326 -0.00050747 0.00363755 0.99999745 -0.00219701 0.99999097
303.0  0.99999172 -0.00061618 0.00402164 0.99999636 -0.00262319 0.99998847
303.5  0.99999043 -0.00065425 0.00432585 0.99999397 -0.00340905 0.99998483
304.0  0.99998944 -0.00039331 0.00457944 0.99999641 -0.00264885 0.99998601
304.5  0.99998828 0.00004263 0.00484080 0.99999552 -0.00299279 0.99998380
305.0  0.99998653 0.00049797 0.00516565 0.99999828 0.00178310 0.99998507
305.5  0.99998542 0.00074019 0.00534863 0.99998704 -0.00504022 0.99997299
306.0  0.99998549 0.00054399 0.00536039 0.99992507 -0.01223234 0.99991081
306.5  0.99998590 0.00019692 0.00530743 0.99998418 -0.00562252 0.99997011
307.0  0.99998624 -0.00046380 0.00522634 0.99997798 0.00662258 0.99996441
307.5  0.99998665 -0.00094241 0.00508115 0.99999666 -0.00240116 0.99998421
308.0  0.99998780 -0.00097500 0.00484193 0.99999750 -0.00200880 0.99998626
308.5  0.99998938 -0.00100528 0.00449682 0.99999766 -0.00190891 0.99998807
309.0  0.99999179 -0.00086377 0.00395918 0.99999781 -0.00190309 0.99999035
309.5  0.99999415 -0.00069911 0.00334808 0.99999851 -0.00157668 0.99999315
310.0  0.99999586 -0.00083895 0.00275424 0.99999683 -0.00237130 0.99999340
310.5  0.99999763 -0.00073633 0.00205097 0.99999604 -0.00271308 0.99999422
311.0  0.99999917 -0.00051797 0.00118112 0.99999401 -0.00342179 0.99999345
311.5  0.99999994 -0.00017903 0.00029962 0.99999183 -0.00403875 0.99999180
312.0  0.99999990 0.00009924 -0.00042892 0.99998911 -0.00466636 0.99998902
312.5  0.99999933 -0.00000625 -0.00115669 0.99998568 -0.00535240 0.99998501
313.0  0.99999813 -0.00010177 -0.00193149 0.99998184 -0.00602619 0.99997998
313.5  0.99999634 -0.00034793 -0.00268149 0.99997707 -0.00676465 0.99997352
314.0  0.99999430 -0.00065576 -0.00331142 0.99997151 -0.00752246 0.99996622
314.5  0.99999224 -0.00082692 -0.00385052 0.99996689 -0.00809912 0.99995979
315.0  0.99998985 -0.00117727 -0.00434908 0.99996340 -0.00847879 0.99995460
315.5  0.99998740 -0.00144954 -0.00480612 0.99996179 -0.00862767 0.99995123
316.0  0.99998557 -0.00156014 -0.00514039 0.99996691 -0.00799144 0.99995486
316.5  0.99998385 -0.00184150 -0.00537663 0.99996949 -0.00760133 0.99995665
317.0  0.99998326 -0.00193858 -0.00545246 0.99997735 -0.00645565 0.99996430
317.5  0.99998299 -0.00215055 -0.00542151 0.99998596 -0.00485562 0.99997351
318.0  0.99998311 -0.00220892 -0.00537662 0.99999352 -0.00285576 0.99998147
318.5  0.99998363 -0.00240505 -0.00519256 0.99999697 -0.00053769 0.99998637
319.0  0.99998441 -0.00273954 -0.00486621 0.99999433 0.00194238 0.99998627
319.5  0.99998622 -0.00297229 -0.00432768 0.99998584 0.00440118 0.99998095
320.0  0.99998876 -0.00311637 -0.00357358 0.99997260 0.00670371 0.99997114
320.5  0.99999186 -0.00294596 -0.00275524 0.99995737 0.00874275 0.99995799
321.0  0.99999467 -0.00266181 -0.00188832 0.99994206 0.01042515 0.99994387
321.5  0.99999624 -0.00257221 -0.00095493 0.99992837 0.01168700 0.99993125
322.0  0.99999485 -0.00320934 0.00003555 0.99991654 0.01251434 0.99992169
322.5  0.99999298 -0.00360208 0.00102776 0.99991137 0.01282094 0.99991728
323.0  0.99999322 -0.00300651 0.00212613 0.99991531 0.01266884 0.99991749
323.5  0.99999207 -0.00230377 0.00324948 0.99992508 0.01202970 0.99992236
324.0  0.99998930 -0.00191181 0.00421281 0.99993778 0.01099780 0.99993065
324.5  0.99998601 -0.00151463 0.00506857 0.99995333 0.00954974 0.99994155
325.0  0.99998252 -0.00110467 0.00580939 0.99996747 0.00799565 0.99995116
325.5  0.99997894 -0.00079076 0.00644124 0.99997970 0.00632766 0.99995923
326.0  0.99997590 -0.00030212 0.00693583 0.99998800 0.00489152 0.99996398
326.5  0.99997367 -0.00006861 0.00725576 0.99999341 0.00363063 0.99996709
327.0  0.99997200 0.00016742 0.00748153 0.99999747 0.00224239 0.99996950
327.5  0.99997043 0.00060680 0.00766660 0.99999943 0.00087015 0.99997023
328.0  0.99996994 0.00028302 0.00774842 0.99999964 0.00079795 0.99996966
328.5  0.99997013 -0.00004839 0.00772869 0.99999988 -0.00047799 0.99997002
329.0  0.99997087 0.00024311 0.00762882 0.99999955 -0.00091572 0.99997048
329.5  0.99997209 0.00048340 0.00745545 0.99999917 -0.00119827 0.99997149
330.0  0.99997390 0.00063151 0.00719713 0.99999891 -0.00133896 0.99997320
330.5  0.99997655 0.00063355 0.00681857 0.99999874 -0.00146145 0.99997569
331.0  0.99997986 0.00103255 0.00626202 0.99999825 -0.00156417 0.99997917
331.5  0.99998340 0.00138446 0.00559396 0.99999750 -0.00176563 0.99998279
332.0  0.99998735 0.00102531 0.00492427 0.99999730 -0.00208883 0.99998569
332.5  0.99999124 0.00060721 0.00414169 0.99999688 -0.00242491 0.99998848
333.0  0.99999480 0.00054892 0.00317877 0.99999577 -0.00285883 0.99999086
333.5  0.99999758 0.00044549 0.00215387 0.99999388 -0.00347185 0.99999165
334.0  0.99999927 0.00034137 0.00115599 0.99999155 -0.00409659 0.99999094
334.5  0.99999998 0.00001394 0.00019017 0.99998865 -0.00476540 0.99998863
335.0  0.99999962 -0.00048301 -0.00072509 0.99998557 -0.00535026 0.99998542
335.5  0.99999856 -0.00064688 -0.00157106 0.99998311 -0.00577703 0.99998208
336.0  0.99999711 -0.00043700 -0.00236333 0.99998296 -0.00582162 0.99998026
336.5  0.99999523 -0.00040323 -0.00306231 0.99998336 -0.00575529 0.99997875
337.0  0.99999317 -0.00044188 -0.00366921 0.99998493 -0.00547300 0.99997829
337.5  0.99999094 -0.00033390 -0.00424363 0.99998890 -0.00470090 0.99997995
338.0  0.99998866 -0.00052949 -0.00473332 0.99999349 -0.00357165 0.99998242
338.5  0.99998597 -0.00080188 -0.00523595 0.99999735 -0.00216207 0.99998396
339.0  0.99998350 -0.00109636 -0.00563921 0.99999923 -0.00059067 0.99998393
339.5  0.99998157 -0.00129795 -0.00593159 0.99999850 0.00114300 0.99998175
340.0  0.99997984 -0.00130152 -0.00621549 0.99999482 0.00293433 0.99997638
340.5  0.99997883 -0.00121201 -0.00639257 0.99998829 0.00467766 0.99996863
341.0  0.99997861 -0.00108632 -0.00644944 0.99997993 0.00623523 0.99995976
341.5  0.99997922 -0.00079628 -0.00639660 0.99997168 0.00747788 0.99995158
342.0  0.99998033 -0.00067705 -0.00623504 0.99996735 0.00804750 0.99994818
342.5  0.99998266 -0.00048159 -0.00586891 0.99996551 0.00828821 0.99994843
343.0  0.99998530 -0.00034145 -0.00541057 0.99996642 0.00818602 0.99995186
343.5  0.99998805 -0.00027570 -0.00488027 0.99997213 0.00745991 0.99996027
344.0  0.99999052 -0.00029803 -0.00434513 0.99997853 0.00654493 0.99996914
344.5  0.99999233 -0.00040752 -0.00389631 0.99998393 0.00565338 0.99997643
345.0  0.99999402 -0.00056087 -0.00341182 0.99998811 0.00484258 0.99998245
345.5  0.99999527 -0.00106022 -0.00288583 0.99999095 0.00411672 0.99998736
346.0  0.99999635 -0.00133229 -0.00234897 0.99999326 0.00341856 0.99999140
346.5  0.99999735 -0.00142235 -0.00181125 0.99999556 0.00261543 0.99999494
347.0  0.99999777 -0.00171371 -0.00123689 0.99999716 0.00165563 0.99999786
347.5  0.99999797 -0.00191907 -0.00061418 0.99999807 0.00041558 0.99999973
348.0  0.99999802 -0.00198782 0.00005691 0.99999751 -0.00101074 0.99999949
348.5  0.99999757 -0.00205749 0.00079683 0.99999449 -0.00260285 0.99999630
349.0  0.99999675 -0.00203810 0.00153312 0.99998852 -0.00433454 0.99998943
349.5  0.99999535 -0.00198144 0.00231898 0.99998078 -0.00587046 0.99998008
350.0  0.99999296 -0.00199926 0.00317654 0.99997317 -0.00704094 0.99997017
350.5  0.99998929 -0.00205862 0.00414569 0.99996870 -0.00763144 0.99996229
351.0  0.99998544 -0.00176320 0.00510077 0.99996950 -0.00759882 0.99995812
351.5  0.99998104 -0.00136377 0.00600496 0.99997439 -0.00701686 0.99995735
352.0  0.99997555 -0.00117003 0.00689494 0.99998153 -0.00595648 0.99995849
352.5  0.99997098 -0.00092206 0.00756231 0.99998898 -0.00459534 0.99996085
353.0  0.99996701 -0.00027901 0.00811778 0.99999504 -0.00313330 0.99996214
353.5  0.99996300 0.00027727 0.00859813 0.99999872 -0.00158073 0.99996179
354.0  0.99995983 0.00055980 0.00894600 0.99999984 -0.00001554 0.99995998
354.5  0.99995761 0.00097750 0.00915571 0.99999855 0.00138364 0.99995713
355.0  0.99995639 0.00111491 0.00927208 0.99999584 0.00264920 0.99995350
355.5  0.99995582 0.00125215 0.00931659 0.99999269 0.00360021 0.99995012
356.0  0.99995556 0.00150130 0.00930748 0.99999033 0.00411855 0.99994820
356.5  0.99995517 0.00153122 0.00934458 0.99999022 0.00413361 0.99994779
357.0  0.99995551 0.00162721 0.00929108 0.99999216 0.00359490 0.99995038
357.5  0.99995771 0.00169828 0.00903846 0.99999536 0.00251506 0.99995599
358.0  0.99996041 0.00185351 0.00870248 0.99999779 0.00097187 0.99996166
358.5  0.99996443 0.00162835 0.00827581 0.99999805 -0.00113434 0.99996511
359.0  0.99996885 0.00174546 0.00769728 0.99999170 -0.00369371 0.99996355
359.5  0.99997337 0.00215369 0.00697293 0.99997590 -0.00661453 0.99995381
360.0  0.99997894 0.00195726 0.00618748 0.99994904 -0.00991607 0.99993169
360.5  0.99998434 0.00172297 0.00532445 0.99990902 -0.01338725 0.99989621
361.0  0.99998819 0.00211344 0.00437658 0.99985277 -0.01703747 0.99984527
361.5  0.99999106 0.00262475 0.00331458 0.99967504 -0.02536477 0.99967277
362.0  0.99999372 0.00280644 0.00216193 0.99972507 -0.02328503 0.99972653
362.5  0.99999518 0.00291172 0.00107610 0.99960973 -0.02778640 0.99961330
363.0  0.99999537 0.00304024 0.00010206 0.99946271 -0.03263555 0.99946731
363.5  0.99999402 0.00334700 -0.00086707 0.99927406 -0.03794674 0.99927939
364.0  0.99999264 0.00345161 -0.00167248 0.99903886 -0.04369163 0.99904367
364.5  0.99999112 0.00345839 -0.00240833 0.99875303 -0.04979575 0.99875652
365.0  0.99998800 0.00366873 -0.00324701 0.99840236 -0.05637310 0.99840449
365.5  0.99998519 0.00364485 -0.00404196 0.99790645 -0.06455635 0.99790588
366.0  0.99998408 0.00320225 -0.00464686 0.99733043 -0.07293514 0.99732586
366.5  0.99998446 0.00235293 -0.00505427 0.99662848 -0.08200039 0.99661948
367.0  0.99998643 0.00125664 -0.00505569 0.99587490 -0.09072074 0.99586354
367.5  0.99998845 0.00008772 -0.00480502 0.99524260 -0.09742616 0.99523116
368.0  0.99999035 -0.00128368 -0.00420255 0.99493489 -0.10051786 0.99492638
368.5  0.99999106 -0.00261084 -0.00332702 0.99530626 -0.09674848 0.99530330
369.0  0.99999048 -0.00355498 -0.00252844 0.99621781 -0.08682763 0.99622014
369.5  0.99999036 -0.00403975 -0.00171881 0.99727455 -0.07367657 0.99728071
370.0  0.99998983 -0.00435661 -0.00116340 0.99817066 -0.06030774 0.99817915
370.5  0.99998903 -0.00463178 -0.00069881 0.99883267 -0.04808541 0.99884298
371.0  0.99998888 -0.00470771 -0.00029434 0.99896505 -0.04524199 0.99897601
371.5  0.99998904 -0.00467823 0.00020169 0.99967916 -0.02489288 0.99969010
372.0  0.99998920 -0.00459912 0.00066716 0.99978788 -0.02007290 0.99979830
372.5  0.99998963 -0.00446567 0.00089192 0.99964169 -0.02638860 0.99965136
373.0  0.99999057 -0.00422909 0.00098690 0.99970910 -0.02374121 0.99971765
373.5  0.99999178 -0.00393049 0.00099182 0.99989687 -0.01380946 0.99990415
374.0  0.99999300 -0.00362172 0.00093546 0.99986461 -0.01604777 0.99987079
374.5  0.99999433 -0.00322880 0.00095676 0.99939506 -0.03462500 0.99939992
375.0  0.99999555 -0.00282721 0.00095637 0.99954560 -0.03000755 0.99954921
375.5  0.99999637 -0.00253655 0.00090426 0.99937067 -0.03537897 0.99937356
376.0  0.99999723 -0.00226001 0.00065138 0.99919341 -0.04009128 0.99919581
376.5  0.99999808 -0.00195610 0.00014191 0.99903489 -0.04387992 0.99903680
377.0  0.99999877 -0.00156949 -0.00006608 0.99896399 -0.04548070 0.99896522
377.5  0.99999935 -0.00109620 -0.00032048 0.99899462 -0.04481726 0.99899515
378.0  0.99999951 -0.00062866 -0.00076809 0.99913235 -0.04164353 0.99913224
378.5  0.99999911 -0.00019645 -0.00131584 0.99931377 -0.03704018 0.99931291
379.0  0.99999848 0.00014862 -0.00173665 0.99949252 -0.03185374 0.99949103
379.5  0.99999735 0.00056120 -0.00223086 0.99964510 -0.02663252 0.99964280
380.0  0.99999539 0.00110287 -0.00282964 0.99976058 -0.02185011 0.99975725
380.5  0.99999266 0.00162555 -0.00346920 0.99984021 -0.01779642 0.99983561
381.0  0.99998986 0.00211297 -0.00397675 0.99989144 -0.01457385 0.99988589
381.5  0.99998822 0.00248279 -0.00417091 0.99992499 -0.01198341 0.99991950
382.0  0.99998686 0.00283005 -0.00427429 0.99994736 -0.00985078 0.99994234
382.5  0.99998596 0.00317779 -0.00424034 0.99996213 -0.00808860 0.99995830
383.0  0.99998550 0.00347325 -0.00411521 0.99997212 -0.00659645 0.99996978
383.5  0.99998478 0.00373197 -0.00406429 0.99997912 -0.00526023 0.99997791
384.0  0.99998489 0.00374711 -0.00402320 0.99998479 -0.00403098 0.99998378
384.5  0.99998590 0.00350866 -0.00398653 0.99998914 -0.00305252 0.99998739
385.0  0.99998720 0.00313192 -0.00397269 0.99999226 -0.00236872 0.99998930
385.5  0.99998823 0.00267732 -0.00404690 0.99999457 -0.00191229 0.99998998
386.0  0.99998921 0.00205885 -0.00416469 0.99999663 -0.00157166 0.99999009
386.5  0.99999017 0.00136559 -0.00421926 0.99999813 -0.00136107 0.99999017
387.0  0.99999070 0.00075644 -0.00424686 0.99999900 -0.00119195 0.99999027
387.5  0.99999121 0.00012343 -0.00418988 0.99999940 -0.00108601 0.99999063
388.0  0.99999165 -0.00050357 -0.00405658 0.99999955 -0.00080367 0.99999145
388.5  0.99999151 -0.00108215 -0.00397696 0.99999930 -0.00049085 0.99999197
389.0  0.99999138 -0.00154336 -0.00385460 0.99999881 -0.00004145 0.99999257
389.5  0.99999200 -0.00177242 -0.00358552 0.99999833 0.00044052 0.99999347
390.0  0.99999296 -0.00182365 -0.00327923 0.99999785 0.00097774 0.99999415
390.5  0.99999390 -0.00179816 -0.00299498 0.99999721 0.00152609 0.99999435
391.0  0.99999458 -0.00175678 -0.00278303 0.99999634 0.00205135 0.99999402
391.5  0.99999485 -0.00158779 -0.00278740 0.99999579 0.00242414 0.99999318
392.0  0.99999546 -0.00117850 -0.00277314 0.99999571 0.00267980 0.99999256
392.5  0.99999587 -0.00079268 -0.00276114 0.99999566 0.00283398 0.99999217
393.0  0.99999522 -0.00045426 -0.00305687 0.99999576 0.00287443 0.99999120
393.5  0.99999334 0.00004559 -0.00364862 0.99999634 0.00270473 0.99998969
394.0  0.99999068 0.00055068 -0.00428199 0.99999713 0.00233328 0.99998811
394.5  0.99998709 0.00099834 -0.00498279 0.99999793 0.00177702 0.99998601
395.0  0.99998087 0.00147688 -0.00600657 0.99999821 0.00118734 0.99998126
395.5  0.99997223 0.00197031 -0.00718716 0.99999792 0.00054374 0.99997402
396.0  0.99996234 0.00251908 -0.00830552 0.99999681 -0.00015275 0.99996550
396.5  0.99995281 0.00306207 -0.00921957 0.99999483 -0.00095764 0.99995704
397.0  0.99994240 0.00356757 -0.01012296 0.99999204 -0.00174891 0.99994723
397.5  0.99992979 0.00400962 -0.01115112 0.99998863 -0.00253767 0.99993460
398.0  0.99991751 0.00431918 -0.01209628 0.99998514 -0.00327293 0.99992148
398.5  0.99990533 0.00447426 -0.01301215 0.99998198 -0.00394289 0.99990756
399.0  0.99989328 0.00460205 -0.01386577 0.99997892 -0.00451562 0.99989367
399.5  0.99988378 0.00488672 -0.01444134 0.99997505 -0.00503079 0.99988306
400.0  0.99987679 0.00514754 -0.01482911 0.99997147 -0.00545125 0.99987518
