0.0  -6276.95868364 -6271.17988364 -6270.29268364
0.5  -6277.01225711 -6271.24885711 -6270.36035711
1.0  -6277.05736153 -6271.31496153 -6270.42516153
1.5  -6277.07688258 -6271.36018258 -6270.46898258
2.0  -6277.05879732 -6271.37129732 -6270.47869732
2.5  -6277.00434385 -6271.34834385 -6270.45424385
3.0  -6276.93257667 -6271.30907667 -6270.41347667
3.5  -6276.87391517 -6271.28271517 -6270.38571517
4.0  -6276.85191560 -6271.29191560 -6270.39371560
4.5  -6276.86671025 -6271.33631025 -6270.43731025
5.0  -6276.89607314 -6271.39357314 -6270.49417314
5.5  -6276.91221658 -6271.43591658 -6270.53661658
6.0  -6276.89771614 -6271.44641614 -6270.54781614
6.5  -6276.85016808 -6271.42306808 -6270.52596808
7.0  -6276.77803760 -6271.37483760 -6270.48003760
7.5  -6276.69427082 -6271.31517082 -6270.42377082
8.0  -6276.61162941 -6271.25712941 -6270.37042941
8.5  -6276.54035598 -6271.21135598 -6270.33095598
9.0  -6276.48728646 -6271.18478646 -6270.31248646
9.5  -6276.45530199 -6271.18030199 -6270.31820199
10.0  -6276.44272853 -6271.19612853 -6270.34662853
10.5  -6276.44287653 -6271.22527653 -6270.39107653
11.0  -6276.44422959 -6271.25572959 -6270.43952959
11.5  -6276.43210664 -6271.27220664 -6270.47710664
12.0  -6276.39252891 -6271.25982891 -6270.48892891
12.5  -6276.31841471 -6271.21081471 -6270.46721471
13.0  -6276.21615172 -6271.13035172 -6270.41755172
13.5  -6276.10740590 -6271.03950590 -6270.36060590
14.0  -6276.02060232 -6270.96570232 -6270.32420232
14.5  -6275.97393730 -6270.92673730 -6270.32573730
15.0  -6275.96304374 -6270.91804374 -6270.36024374
15.5  -6275.96512878 -6270.91702878 -6270.40472878
16.0  -6275.95493882 -6270.89893882 -6270.43353882
16.5  -6275.91805145 -6270.84995145 -6270.43205145
17.0  -6275.85410978 -6270.77060978 -6270.39980978
17.5  -6275.77289338 -6270.67159338 -6270.34649338
18.0  -6275.68857731 -6270.56777731 -6270.28587731
18.5  -6275.61538422 -6270.47418422 -6270.23198422
19.0  -6275.56513130 -6270.40323130 -6270.19623130
19.5  -6275.54596576 -6270.36356576 -6270.18656576
20.0  -6275.56159950 -6270.35899950 -6270.20649950
20.5  -6275.61088727 -6270.38858727 -6270.25478727
21.0  -6275.68758888 -6270.44648888 -6270.32478888
21.5  -6275.78032906 -6270.52182906 -6270.40452906
22.0  -6275.87477123 -6270.60097123 -6270.47857123
22.5  -6275.95728012 -6270.67038012 -6270.53208012
23.0  -6276.02008506 -6270.72178506 -6270.55668506
23.5  -6276.06677786 -6270.75787786 -6270.55527786
24.0  -6276.11420851 -6270.79430851 -6270.54460851
24.5  -6276.18590393 -6270.85370393 -6270.54840393
25.0  -6276.29759914 -6270.95109914 -6270.58289914
25.5  -6276.44464494 -6271.08154494 -6270.64424494
26.0  -6276.60265509 -6271.22065509 -6270.70955509
26.5  -6276.74247864 -6271.33947864 -6270.75207864
27.0  -6276.84448477 -6271.41888477 -6270.75508477
27.5  -6276.90345103 -6271.45435103 -6270.71735103
28.0  -6276.92574650 -6271.45284650 -6270.65004650
28.5  -6276.92323456 -6271.42693456 -6270.57113456
29.0  -6276.90873352 -6271.39023352 -6270.49963352
29.5  -6276.89204265 -6271.35294265 -6270.45004265
30.0  -6276.87744370 -6271.31984370 -6270.42824370
30.5  -6276.86642801 -6271.29282801 -6270.43332801
31.0  -6276.85668584 -6271.26968584 -6270.45778584
31.5  -6276.84262780 -6271.24482780 -6270.49002780
32.0  -6276.81649811 -6271.21069811 -6270.51679811
32.5  -6276.77046075 -6271.15906075 -6270.52536075
33.0  -6276.70012900 -6271.08522900 -6270.50742900
33.5  -6276.60929704 -6270.99259704 -6270.46329704
34.0  -6276.51351950 -6270.89631950 -6270.40581950
34.5  -6276.43827710 -6270.82117710 -6270.35827710
35.0  -6276.40849702 -6270.79189702 -6270.34419702
35.5  -6276.43397266 -6270.81807266 -6270.37307266
36.0  -6276.50262855 -6270.88782855 -6270.43272855
36.5  -6276.58775688 -6270.97465688 -6270.49765688
37.0  -6276.66299493 -6271.05289493 -6270.54289493
37.5  -6276.71290948 -6271.10730948 -6270.55530948
38.0  -6276.73456690 -6271.13536690 -6270.53476690
38.5  -6276.73357643 -6271.14307643 -6270.49007643
39.0  -6276.71920187 -6271.13970187 -6270.43450187
39.5  -6276.70090945 -6271.13500945 -6270.38210945
40.0  -6276.68596769 -6271.13616769 -6270.34506769
40.5  -6276.67820542 -6271.14680542 -6270.33210542
41.0  -6276.67720554 -6271.16660554 -6270.34590554
41.5  -6276.67919815 -6271.19119815 -6270.38259815
42.0  -6276.67688910 -6271.21298910 -6270.43138910
42.5  -6276.66169325 -6271.22269325 -6270.47809325
43.0  -6276.62642270 -6271.21262270 -6270.50992270
43.5  -6276.56903312 -6271.17973312 -6270.52003312
44.0  -6276.49627904 -6271.13017904 -6270.51137904
44.5  -6276.42459635 -6271.07949635 -6270.49769635
45.0  -6276.37501456 -6271.04821456 -6270.49821456
45.5  -6276.36234322 -6271.05084322 -6270.52654322
46.0  -6276.38561754 -6271.08651754 -6270.58121754
46.5  -6276.42829813 -6271.13889813 -6270.64549813
47.0  -6276.46828730 -6271.18658730 -6270.69758730
47.5  -6276.48922783 -6271.21382783 -6270.72172783
48.0  -6276.48577838 -6271.21587838 -6270.71317838
48.5  -6276.46235148 -6271.19805148 -6270.67745148
49.0  -6276.42865716 -6271.17045716 -6270.62525716
49.5  -6276.39537544 -6271.14427544 -6270.56837544
50.0  -6276.37118586 -6271.12838586 -6270.51658586
50.5  -6276.36111430 -6271.12791430 -6270.47631430
51.0  -6276.36583893 -6271.14333893 -6270.44953893
51.5  -6276.38161912 -6271.17061912 -6270.43401912
52.0  -6276.40104597 -6271.20194597 -6270.42374597
52.5  -6276.41449931 -6271.22719931 -6270.41089931
53.0  -6276.41246414 -6271.23606414 -6270.38716414
53.5  -6276.38876105 -6271.22166105 -6270.34786105
54.0  -6276.34411420 -6271.18401420 -6270.29421420
54.5  -6276.28846909 -6271.13216909 -6270.23616909
55.0  -6276.24055542 -6271.08415542 -6270.19155542
55.5  -6276.22114419 -6271.06034419 -6270.17944419
56.0  -6276.24288553 -6271.07308553 -6270.21038553
56.5  -6276.30303415 -6271.11973415 -6270.27953415
57.0  -6276.38436298 -6271.18346298 -6270.36776298
57.5  -6276.46592078 -6271.24382078 -6270.45252078
58.0  -6276.53319903 -6271.28719903 -6270.51849903
58.5  -6276.58021472 -6271.30841472 -6270.55911472
59.0  -6276.60923462 -6271.31083462 -6270.57643462
59.5  -6276.62772841 -6271.30262841 -6270.57802841
60.0  -6276.64438239 -6271.29328239 -6270.57298239
60.5  -6276.66653984 -6271.29083984 -6270.56903984
61.0  -6276.69844445 -6271.29984445 -6270.57134445
61.5  -6276.74030412 -6271.32110412 -6270.58100412
62.0  -6276.78800204 -6271.35040204 -6270.59490204
62.5  -6276.83351212 -6271.38001212 -6270.60601212
63.0  -6276.86617663 -6271.39897663 -6270.60467663
63.5  -6276.87505402 -6271.39595402 -6270.58105402
64.0  -6276.85248230 -6271.36288230 -6270.52818230
64.5  -6276.79835137 -6271.29895137 -6270.44655137
65.0  -6276.72337496 -6271.21427496 -6270.34737496
65.5  -6276.64830303 -6271.12890303 -6270.25160303
66.0  -6276.59673338 -6271.06603338 -6270.18293338
66.5  -6276.58371808 -6271.04031808 -6270.15631808
67.0  -6276.60704563 -6271.04954563 -6270.16934563
67.5  -6276.65135417 -6271.07865417 -6270.20615417
68.0  -6276.69787442 -6271.10947442 -6270.24757442
68.5  -6276.73397230 -6271.12977230 -6270.28037230
69.0  -6276.75627267 -6271.13717267 -6270.30077267
69.5  -6276.76876842 -6271.13626842 -6270.31236842
70.0  -6276.77903713 -6271.13533713 -6270.32253713
70.5  -6276.79485504 -6271.14305504 -6270.33935504
71.0  -6276.82188760 -6271.16558760 -6270.36858760
71.5  -6276.86230391 -6271.20560391 -6270.41310391
72.0  -6276.91402641 -6271.26122641 -6270.47142641
72.5  -6276.97056773 -6271.32606773 -6270.53756773
73.0  -6277.02159890 -6271.38979890 -6270.60149890
73.5  -6277.05450556 -6271.43920556 -6270.65070556
74.0  -6277.05720561 -6271.46170561 -6270.67270561
74.5  -6277.02224111 -6271.44904111 -6270.65954111
75.0  -6276.95126562 -6271.40196562 -6270.61166562
75.5  -6276.85760828 -6271.33290828 -6270.54150828
76.0  -6276.76276991 -6271.26236991 -6270.46916991
76.5  -6276.68747033 -6271.21037033 -6270.41437033
77.0  -6276.64076956 -6271.18546956 -6270.38526956
77.5  -6276.61664197 -6271.18144197 -6270.37514197
78.0  -6276.60051163 -6271.18361163 -6270.36941163
78.5  -6276.57946927 -6271.17916927 -6270.35526927
79.0  -6276.54851962 -6271.16351962 -6270.32831962
79.5  -6276.51077586 -6271.13997586 -6270.29237586
80.0  -6276.47410961 -6271.11670961 -6270.25670961
80.5  -6276.44733727 -6271.10303727 -6270.23123727
81.0  -6276.43752173 -6271.10622173 -6270.22432173
81.5  -6276.44848047 -6271.13028047 -6270.24108047
82.0  -6276.48018954 -6271.17538954 -6270.28228954
82.5  -6276.52868169 -6271.23758169 -6270.34478169
83.0  -6276.58632104 -6271.30922104 -6270.42102104
83.5  -6276.64252374 -6271.37942374 -6270.50012374
84.0  -6276.68516996 -6271.43596996 -6270.56926996
84.5  -6276.70296355 -6271.46686355 -6270.61596355
85.0  -6276.68908590 -6271.46508590 -6270.63198590
85.5  -6276.64530208 -6271.43160208 -6270.61750208
86.0  -6276.58416391 -6271.37856391 -6270.58356391
86.5  -6276.52575723 -6271.32555723 -6270.54875723
87.0  -6276.48800089 -6271.29020089 -6270.52990089
87.5  -6276.47618089 -6271.27778089 -6270.53148089
88.0  -6276.48066002 -6271.27876002 -6270.54316002
88.5  -6276.48486418 -6271.27706418 -6270.54796418
89.0  -6276.47614279 -6271.26054279 -6270.53324279
89.5  -6276.45144823 -6271.22664823 -6270.49614823
90.0  -6276.41647127 -6271.18177127 -6270.44267127
90.5  -6276.38142802 -6271.13652802 -6270.38342802
91.0  -6276.35673283 -6271.10173283 -6270.32983283
91.5  -6276.35084820 -6271.08594820 -6270.29134820
92.0  -6276.36845833 -6271.09415833 -6270.27405833
92.5  -6276.41009096 -6271.12679096 -6270.28029096
93.0  -6276.47206984 -6271.18006984 -6270.30876984
93.5  -6276.54690163 -6271.24640163 -6270.35460163
94.0  -6276.62414217 -6271.31484217 -6270.40944217
94.5  -6276.69183287 -6271.37323287 -6270.46323287
95.0  -6276.73885827 -6271.41005827 -6270.50515827
95.5  -6276.75847356 -6271.41807356 -6270.52717356
96.0  -6276.75226895 -6271.39846895 -6270.52876895
96.5  -6276.73192628 -6271.36272628 -6270.51902628
97.0  -6276.71524302 -6271.32844302 -6270.51284302
97.5  -6276.71623001 -6271.30983001 -6270.52183001
98.0  -6276.73600456 -6271.30830456 -6270.54520456
98.5  -6276.76280352 -6271.31270352 -6270.57000352
99.0  -6276.78115970 -6271.30825970 -6270.57985970
99.5  -6276.78184001 -6271.28664001 -6270.56534001
100.0  -6276.76555538 -6271.24915538 -6270.52705538
100.5  -6276.74044048 -6271.20454048 -6270.47364048
101.0  -6276.71714126 -6271.16414126 -6270.41644126
101.5  -6276.70468944 -6271.13718944 -6270.36598944
102.0  -6276.70831938 -6271.12921938 -6270.32951938
102.5  -6276.72892758 -6271.14102758 -6270.31062758
103.0  -6276.76354440 -6271.16964440 -6270.30994440
103.5  -6276.80626137 -6271.20886137 -6270.32586137
104.0  -6276.84915236 -6271.25045236 -6270.35445236
104.5  -6276.88308588 -6271.28478588 -6270.38958588
105.0  -6276.89876155 -6271.30226155 -6270.42276155
105.5  -6276.88862084 -6271.29492084 -6270.44482084
106.0  -6276.85014724 -6271.25984724 -6270.44964724
106.5  -6276.78979595 -6271.20319595 -6270.43939595
107.0  -6276.72428815 -6271.14168815 -6270.42698815
107.5  -6276.67495230 -6271.09665230 -6270.43065230
108.0  -6276.65574590 -6271.08224590 -6270.46184590
108.5  -6276.66381751 -6271.09621751 -6270.51611751
109.0  -6276.68195994 -6271.12185994 -6270.57515994
109.5  -6276.69106678 -6271.14066678 -6270.61926678
110.0  -6276.68136619 -6271.14326619 -6270.63816619
110.5  -6276.65499345 -6271.13219345 -6270.63389345
111.0  -6276.62168057 -6271.11728057 -6270.61608057
111.5  -6276.59252034 -6271.10962034 -6270.59552034
112.0  -6276.57589383 -6271.11729383 -6270.58059383
112.5  -6276.57584035 -6271.14414035 -6270.57564035
113.0  -6276.59213574 -6271.18943574 -6270.58093574
113.5  -6276.62121841 -6271.24911841 -6270.59391841
114.0  -6276.65728214 -6271.31678214 -6270.61018214
114.5  -6276.69308331 -6271.38428331 -6270.62468331
115.0  -6276.72034960 -6271.44274960 -6270.63214960
115.5  -6276.73015593 -6271.48245593 -6270.62755593
116.0  -6276.71424502 -6271.49444502 -6270.60694502
116.5  -6276.66817805 -6271.47357805 -6270.56987805
117.0  -6276.59599309 -6271.42339309 -6270.52219309
117.5  -6276.51249137 -6271.35829137 -6270.47759137
118.0  -6276.43823631 -6271.29863631 -6270.45303631
118.5  -6276.38731939 -6271.25851939 -6270.45821939
119.0  -6276.35726114 -6271.23576114 -6270.48686114
119.5  -6276.33171986 -6271.21481986 -6270.51951986
120.0  -6276.29277605 -6271.17837605 -6270.53617605
120.5  -6276.23130308 -6271.11830308 -6270.52620308
121.0  -6276.15058900 -6271.03858900 -6270.49138900
121.5  -6276.06235288 -6270.95155288 -6270.44265288
122.0  -6275.97991959 -6270.87111959 -6270.39221959
122.5  -6275.91421391 -6270.80841391 -6270.35051391
123.0  -6275.87301855 -6270.77131855 -6270.32481855
123.5  -6275.85921883 -6270.76251883 -6270.31771883
124.0  -6275.87247541 -6270.78127541 -6270.32887541
124.5  -6275.91005340 -6270.82445340 -6270.35555340
125.0  -6275.96712950 -6270.88662950 -6270.39302950
125.5  -6276.03699395 -6270.96039395 -6270.43489395
126.0  -6276.11096006 -6271.03646006 -6270.47276006
126.5  -6276.17925747 -6271.10425747 -6270.49725747
127.0  -6276.23391564 -6271.15541564 -6270.50101564
127.5  -6276.27357833 -6271.18797833 -6270.48337833
128.0  -6276.30715183 -6271.21045183 -6270.45445183
128.5  -6276.35091416 -6271.23881416 -6270.43261416
129.0  -6276.41794297 -6271.28614297 -6270.43374297
129.5  -6276.50724395 -6271.35184395 -6270.46094395
130.0  -6276.60264201 -6271.42004201 -6270.50334201
130.5  -6276.68244042 -6271.46994042 -6270.54414042
131.0  -6276.73121674 -6271.48691674 -6270.57161674
131.5  -6276.74510449 -6271.46790449 -6270.58190449
132.0  -6276.72938272 -6271.41898272 -6270.57778272
132.5  -6276.69317825 -6271.35017825 -6270.56447825
133.0  -6276.64509399 -6271.27049399 -6270.54679399
133.5  -6276.59127341 -6271.18677341 -6270.52757341
134.0  -6276.53534642 -6271.10284642 -6270.50764642
134.5  -6276.47959888 -6271.02129888 -6270.48689888
135.0  -6276.42635624 -6270.94445624 -6270.46565624
135.5  -6276.37865640 -6270.87525640 -6270.44525640
136.0  -6276.33920292 -6270.81610292 -6270.42710292
136.5  -6276.30786445 -6270.76656445 -6270.41026445
137.0  -6276.27957730 -6270.72097730 -6270.38907730
137.5  -6276.24598863 -6270.67058863 -6270.35488863
138.0  -6276.20261717 -6270.61081717 -6270.30311717
138.5  -6276.15721664 -6270.54951664 -6270.24141664
139.0  -6276.13103497 -6270.50843497 -6270.19103497
139.5  -6276.14783309 -6270.51203309 -6270.17623309
140.0  -6276.21567856 -6270.56897856 -6270.20597856
140.5  -6276.31827591 -6270.66357591 -6270.26557591
141.0  -6276.42524907 -6270.76604907 -6270.32634907
141.5  -6276.51172404 -6270.85192404 -6270.36582404
142.0  -6276.56915340 -6270.91305340 -6270.37765340
142.5  -6276.60248633 -6270.95458633 -6270.36888633
143.0  -6276.62175431 -6270.98655431 -6270.35175431
143.5  -6276.63548690 -6271.01728690 -6270.33648690
144.0  -6276.64813236 -6271.05103236 -6270.32923236
144.5  -6276.66071214 -6271.08811214 -6270.33191214
145.0  -6276.67316699 -6271.12786699 -6270.34506699
145.5  -6276.68676036 -6271.17066036 -6270.37006036
146.0  -6276.70464837 -6271.21884837 -6270.40944837
146.5  -6276.72919570 -6271.27389570 -6270.46499570
147.0  -6276.75680993 -6271.33120993 -6270.53180993
147.5  -6276.77427018 -6271.37697018 -6270.59547018
148.0  -6276.76147465 -6271.39047465 -6270.63457465
148.5  -6276.70223519 -6271.35503519 -6270.63163519
149.0  -6276.59821504 -6271.27191504 -6270.58671504
149.5  -6276.47468709 -6271.16608709 -6270.52378709
150.0  -6276.36751287 -6271.07311287 -6270.47741287
150.5  -6276.29721331 -6271.01361331 -6270.46751331
151.0  -6276.25443568 -6270.97873568 -6270.48393568
151.5  -6276.21182674 -6270.94172674 -6270.49922674
152.0  -6276.14711686 -6270.88111686 -6270.49111686
152.5  -6276.05487127 -6270.79227127 -6270.45377127
153.0  -6275.94313334 -6270.68413334 -6270.39533334
153.5  -6275.82450076 -6270.56970076 -6270.32790076
154.0  -6275.70945221 -6270.46025221 -6270.26155221
154.5  -6275.60398817 -6270.36218817 -6270.20168817
155.0  -6275.51062050 -6270.27842050 -6270.14992050
155.5  -6275.43124656 -6270.21134656 -6270.10704656
156.0  -6275.37013367 -6270.16513367 -6270.07593367
156.5  -6275.33460287 -6270.14620287 -6270.06360287
157.0  -6275.33140823 -6270.15910823 -6270.07720823
157.5  -6275.36046769 -6270.20196769 -6270.11766769
158.0  -6275.41037193 -6270.26257193 -6270.17347193
158.5  -6275.46013587 -6270.32013587 -6270.22293587
159.0  -6275.49038632 -6270.35598632 -6270.24518632
159.5  -6275.49805770 -6270.36735770 -6270.23605770
160.0  -6275.50259825 -6270.37379825 -6270.21389825
160.5  -6275.53396390 -6270.40516390 -6270.20806390
161.0  -6275.60873563 -6270.47833563 -6270.23473563
161.5  -6275.71717853 -6270.58367853 -6270.28457853
162.0  -6275.83386200 -6270.69636200 -6270.33306200
162.5  -6275.93743852 -6270.79543852 -6270.36033852
163.0  -6276.02018245 -6270.87348245 -6270.36088245
163.5  -6276.08501078 -6270.93341078 -6270.34031078
164.0  -6276.13821952 -6270.98161952 -6270.30831952
164.5  -6276.18421721 -6271.02211721 -6270.27411721
165.0  -6276.22404389 -6271.05564389 -6270.24424389
165.5  -6276.25637065 -6271.08047065 -6270.22387065
166.0  -6276.28129265 -6271.09589265 -6270.21799265
166.5  -6276.30152963 -6271.10422963 -6270.23002963
167.0  -6276.32196795 -6271.10986795 -6270.26086795
167.5  -6276.34671547 -6271.11631547 -6270.30791547
168.0  -6276.37462049 -6271.12232049 -6270.36332049
168.5  -6276.39712916 -6271.11942916 -6270.41342916
169.0  -6276.40154418 -6271.09524418 -6270.44194418
169.5  -6276.37923023 -6271.04173023 -6270.43773023
170.0  -6276.33404943 -6270.96324943 -6270.40304943
170.5  -6276.28419592 -6270.87889592 -6270.35539592
171.0  -6276.25352056 -6270.81342056 -6270.31792056
171.5  -6276.25737190 -6270.78297190 -6270.30597190
172.0  -6276.29492355 -6270.78782355 -6270.31862355
172.5  -6276.35403640 -6270.81673640 -6270.34413640
173.0  -6276.42181055 -6270.85791055 -6270.37001055
173.5  -6276.49095554 -6270.90465554 -6270.38965554
174.0  -6276.55944413 -6270.95544413 -6270.40214413
174.5  -6276.62677566 -6271.00967566 -6270.40847566
175.0  -6276.69113933 -6271.06533933 -6270.40893933
175.5  -6276.74909104 -6271.11809104 -6270.40269104
176.0  -6276.79718379 -6271.16388379 -6270.38978379
176.5  -6276.83401023 -6271.20031023 -6270.37321023
177.0  -6276.86100053 -6271.22800053 -6270.36020053
177.5  -6276.88103104 -6271.24923104 -6270.35953104
178.0  -6276.89536769 -6271.26466769 -6270.37646769
178.5  -6276.90122056 -6271.27132056 -6270.40782056
179.0  -6276.89243931 -6271.26313931 -6270.44223931
179.5  -6276.86364407 -6271.23494407 -6270.46734407
180.0  -6276.81548245 -6271.18758245 -6270.47668245
180.5  -6276.75737735 -6271.13097735 -6270.47457735
181.0  -6276.70487358 -6271.08107358 -6270.47237358
181.5  -6276.67225870 -6271.05275870 -6270.48175870
182.0  -6276.66542265 -6271.05242265 -6270.50682265
182.5  -6276.68028761 -6271.07658761 -6270.54278761
183.0  -6276.70707032 -6271.11577032 -6270.57997032
183.5  -6276.73595446 -6271.16055446 -6270.60915446
184.0  -6276.76035163 -6271.20435163 -6270.62525163
184.5  -6276.77722461 -6271.24382461 -6270.62672461
185.0  -6276.78554174 -6271.27744174 -6270.61474174
185.5  -6276.78504693 -6271.30444693 -6270.59134693
186.0  -6276.77606831 -6271.32426831 -6270.55926831
186.5  -6276.75995797 -6271.33725797 -6270.52285797
187.0  -6276.73928555 -6271.34528555 -6270.48738555
187.5  -6276.71705626 -6271.35055626 -6270.45895626
188.0  -6276.69499031 -6271.35389031 -6270.44129031
188.5  -6276.67201627 -6271.35391627 -6270.43421627
189.0  -6276.64432353 -6271.34622353 -6270.43292353
189.5  -6276.60753766 -6271.32633766 -6270.43053766
190.0  -6276.56008751 -6271.29258751 -6270.42208751
190.5  -6276.50587487 -6271.24897487 -6270.40817487
191.0  -6276.45433111 -6271.20493111 -6270.39543111
191.5  -6276.41693141 -6271.17213141 -6270.39303141
192.0  -6276.40172990 -6271.15892990 -6270.40752990
192.5  -6276.40974502 -6271.16664502 -6270.43894502
193.0  -6276.43573302 -6271.19043302 -6270.48143302
193.5  -6276.47179495 -6271.22269495 -6270.52679495
194.0  -6276.51078097 -6271.25678097 -6270.56788097
194.5  -6276.54807384 -6271.28817384 -6270.60027384
195.0  -6276.58165295 -6271.31535295 -6270.62225295
195.5  -6276.61123256 -6271.33793256 -6270.63383256
196.0  -6276.63732775 -6271.35662775 -6270.63632775
196.5  -6276.66070942 -6271.37210942 -6270.63100942
197.0  -6276.68219170 -6271.38519170 -6270.61959170
197.5  -6276.70244191 -6271.39634191 -6270.60374191
198.0  -6276.72156976 -6271.40546976 -6270.58496976
198.5  -6276.73849005 -6271.41119005 -6270.56339005
199.0  -6276.75039038 -6271.41059038 -6270.53799038
199.5  -6276.75286967 -6271.39916967 -6270.50586967
200.0  -6276.74114534 -6271.37174534 -6270.46344534
200.5  -6276.71232346 -6271.32562346 -6270.40862346
201.0  -6276.66798626 -6271.26208626 -6270.34278626
201.5  -6276.61541917 -6271.18841917 -6270.27251917
202.0  -6276.56698522 -6271.11718522 -6270.20868522
202.5  -6276.53531137 -6271.06111137 -6270.16261137
203.0  -6276.52866390 -6271.02876390 -6270.14116390
203.5  -6276.54798410 -6271.02138410 -6270.14438410
204.0  -6276.58783348 -6271.03443348 -6270.16603348
204.5  -6276.64015360 -6271.06035360 -6270.19785360
205.0  -6276.69799657 -6271.09299657 -6270.23289657
205.5  -6276.75713206 -6271.12893206 -6270.26753206
206.0  -6276.81556422 -6271.16656422 -6270.30106422
206.5  -6276.87227269 -6271.20547269 -6270.33387269
207.0  -6276.92630183 -6271.24490183 -6270.36670183
207.5  -6276.97645157 -6271.28355157 -6270.40005157
208.0  -6277.02122371 -6271.32022371 -6270.43382371
208.5  -6277.05863671 -6271.35253671 -6270.46673671
209.0  -6277.08562656 -6271.37742656 -6270.49592656
209.5  -6277.09733173 -6271.38963173 -6270.51623173
210.0  -6277.08714428 -6271.38244428 -6270.51994428
210.5  -6277.04838844 -6271.34878844 -6270.49918844
211.0  -6276.97760465 -6271.28500465 -6270.44900465
211.5  -6276.87813188 -6271.19413188 -6270.37133188
212.0  -6276.76169492 -6271.08779492 -6270.27669492
212.5  -6276.64584688 -6270.98324688 -6270.18154688
213.0  -6276.54751538 -6270.89731538 -6270.10211538
213.5  -6276.47630397 -6270.83960397 -6270.04760397
214.0  -6276.43193314 -6270.81003314 -6270.01753314
214.5  -6276.40724040 -6270.80154040 -6270.00484040
215.0  -6276.39376164 -6270.80596164 -6270.00176164
215.5  -6276.38602857 -6270.81792857 -6270.00342857
216.0  -6276.38272274 -6270.83632274 -6270.01012274
216.5  -6276.38539098 -6270.86249098 -6270.02489098
217.0  -6276.39627981 -6270.89857981 -6270.05167981
217.5  -6276.41660294 -6270.94540294 -6270.09330294
218.0  -6276.44578758 -6271.00218758 -6270.15038758
218.5  -6276.48168184 -6271.06618184 -6270.22108184
219.0  -6276.52097385 -6271.13357385 -6270.30187385
219.5  -6276.55894477 -6271.19944477 -6270.38704477
220.0  -6276.58883826 -6271.25663826 -6270.46843826
220.5  -6276.60156239 -6271.29586239 -6270.53506239
221.0  -6276.58756360 -6271.30736360 -6270.57566360
221.5  -6276.53997086 -6271.28407086 -6270.58127086
222.0  -6276.45906383 -6271.22636383 -6270.55046383
222.5  -6276.35433423 -6271.14353423 -6270.49093423
223.0  -6276.24245458 -6271.05205458 -6270.41825458
223.5  -6276.14077693 -6270.96927693 -6270.34837693
224.0  -6276.05968715 -6270.90558715 -6270.29118715
224.5  -6275.99892093 -6270.86092093 -6270.24582093
225.0  -6275.94999133 -6270.82679133 -6270.20389133
225.5  -6275.90242895 -6270.79302895 -6270.15522895
226.0  -6275.84918136 -6270.75278136 -6270.09318136
226.5  -6275.78903233 -6270.70483233 -6270.01753233
227.0  -6275.72644478 -6270.65344478 -6269.93384478
227.5  -6275.67000284 -6270.60720284 -6269.85190284
228.0  -6275.62899248 -6270.57499248 -6269.78269248
228.5  -6275.61414327 -6270.56714327 -6269.73904327
229.0  -6275.63169455 -6270.58959455 -6269.72929455
229.5  -6275.68309525 -6270.64349525 -6269.75719525
230.0  -6275.76332273 -6270.72362273 -6269.81982273
230.5  -6275.86087241 -6270.81817241 -6269.90707241
231.0  -6275.95951532 -6270.91101532 -6270.00321532
231.5  -6276.04224720 -6270.98524720 -6270.09064720
232.0  -6276.09651375 -6271.02841375 -6270.15541375
232.5  -6276.11882859 -6271.03722859 -6270.19232859
233.0  -6276.11634343 -6271.01914343 -6270.20644343
233.5  -6276.10389511 -6270.98929511 -6270.21079511
234.0  -6276.09722296 -6270.96362296 -6270.21962296
234.5  -6276.10579852 -6270.95209852 -6270.24069852
235.0  -6276.12956112 -6270.95506112 -6270.27286112
235.5  -6276.16086566 -6270.96546566 -6270.30736566
236.0  -6276.18992499 -6270.97362499 -6270.33342499
236.5  -6276.20852852 -6270.97182852 -6270.34202852
237.0  -6276.21297919 -6270.95637919 -6270.32877919
237.5  -6276.20465427 -6270.92845427 -6270.29395427
238.0  -6276.18897904 -6270.89327904 -6270.24257904
238.5  -6276.17613403 -6270.86063403 -6270.18433403
239.0  -6276.17867381 -6270.84237381 -6270.13167381
239.5  -6276.20815627 -6270.84995627 -6270.09745627
240.0  -6276.27006520 -6270.88856520 -6270.08996520
240.5  -6276.36083506 -6270.95463506 -6270.11063506
241.0  -6276.46741112 -6271.03541112 -6270.15281112
241.5  -6276.57005121 -6271.11175121 -6270.20445121
242.0  -6276.64785252 -6271.16325252 -6270.25115252
242.5  -6276.68492144 -6271.17472144 -6270.28052144
243.0  -6276.67752650 -6271.14332650 -6270.28782650
243.5  -6276.63437178 -6271.07857178 -6270.27757178
244.0  -6276.57259817 -6270.99869817 -6270.26119817
244.5  -6276.50944748 -6270.92174748 -6270.25044748
245.0  -6276.45466323 -6270.85876323 -6270.25026323
245.5  -6276.40824499 -6270.81074499 -6270.25714499
246.0  -6276.36400872 -6270.77230872 -6270.26210872
246.5  -6276.31469200 -6270.73619200 -6270.25619200
247.0  -6276.25525221 -6270.69665221 -6270.23395221
247.5  -6276.18407157 -6270.65057157 -6270.19377157
248.0  -6276.10319883 -6270.59779883 -6270.13839883
248.5  -6276.01912145 -6270.54272145 -6270.07502145
249.0  -6275.94364429 -6270.49534429 -6270.01544429
249.5  -6275.89124564 -6270.46924564 -6269.97414564
250.0  -6275.87415514 -6270.47595514 -6269.96305514
250.5  -6275.89856956 -6270.52186956 -6269.98816956
251.0  -6275.95998928 -6270.60288928 -6270.04508928
251.5  -6276.04326583 -6270.70446583 -6270.11896583
252.0  -6276.12579215 -6270.80479215 -6270.18809215
252.5  -6276.18566080 -6270.88266080 -6270.23146080
253.0  -6276.21095779 -6270.92635779 -6270.23875779
253.5  -6276.20516922 -6270.93986922 -6270.21486922
254.0  -6276.18499684 -6270.93959684 -6270.17849684
254.5  -6276.17077499 -6270.94587499 -6270.15197499
255.0  -6276.17494941 -6270.97104941 -6270.15014941
255.5  -6276.19658789 -6271.01408789 -6270.17448789
256.0  -6276.22417021 -6271.06337021 -6270.21617021
256.5  -6276.24337724 -6271.10457724 -6270.26257724
257.0  -6276.24261004 -6271.12591004 -6270.30311004
257.5  -6276.21447544 -6271.11977544 -6270.32987544
258.0  -6276.15497722 -6271.08167722 -6270.33727722
258.5  -6276.06298919 -6271.01018919 -6270.32168919
259.0  -6275.94123766 -6270.90733766 -6270.28313766
259.5  -6275.79785489 -6270.78075489 -6270.22665489
260.0  -6275.64638182 -6270.64338182 -6270.16318182
260.5  -6275.50270206 -6270.51080206 -6270.10610206
261.0  -6275.37962400 -6270.39572400 -6270.06582400
261.5  -6275.28103038 -6270.30233038 -6270.04433038
262.0  -6275.19929560 -6270.22399560 -6270.03129560
262.5  -6275.11887402 -6270.14757402 -6270.00767402
263.0  -6275.02606285 -6270.06376285 -6269.95386285
263.5  -6274.92041252 -6269.97361252 -6269.86581252
264.0  -6274.81746807 -6269.88586807 -6269.76546807
264.5  -6274.74237633 -6269.81867633 -6269.68557633
265.0  -6274.71976219 -6269.79376219 -6269.65486219
265.5  -6274.76200661 -6269.82270661 -6269.68770661
266.0  -6274.86352513 -6269.89982513 -6269.77962513
266.5  -6275.00535908 -6270.00675908 -6269.91225908
267.0  -6275.16475310 -6270.12135310 -6270.06335310
267.5  -6275.32305030 -6270.22665030 -6270.21355030
268.0  -6275.46717769 -6270.30857769 -6270.35217769
268.5  -6275.59136573 -6270.36666573 -6270.46956573
269.0  -6275.69639000 -6270.40119000 -6270.56759000
269.5  -6275.78677661 -6270.41767661 -6270.65017661
270.0  -6275.86878377 -6270.42368377 -6270.72328377
270.5  -6275.94870844 -6270.42650844 -6270.79270844
271.0  -6276.03101357 -6270.43231357 -6270.86261357
271.5  -6276.11656319 -6270.44366319 -6270.93376319
272.0  -6276.20118656 -6270.45818656 -6271.00188656
272.5  -6276.27505618 -6270.46855618 -6271.05735618
273.0  -6276.32508442 -6270.46378442 -6271.08718442
273.5  -6276.33989956 -6270.43439956 -6271.08039956
274.0  -6276.31614371 -6270.37794371 -6271.03354371
274.5  -6276.26202186 -6270.30262186 -6270.95522186
275.0  -6276.19703054 -6270.22653054 -6270.86473054
275.5  -6276.14493815 -6270.17133815 -6270.78593815
276.0  -6276.12235062 -6270.15105062 -6270.73565062
276.5  -6276.13045453 -6270.16445453 -6270.71525453
277.0  -6276.15663745 -6270.19653745 -6270.71243745
277.5  -6276.18337501 -6270.22827501 -6270.71037501
278.0  -6276.19696855 -6270.24446855 -6270.69586855
278.5  -6276.19184040 -6270.23864040 -6270.66374040
279.0  -6276.17065953 -6270.21305953 -6270.61715953
279.5  -6276.14227641 -6270.17597641 -6270.56537641
280.0  -6276.11863738 -6270.13923738 -6270.52063738
280.5  -6276.11114398 -6270.11424398 -6270.49434398
281.0  -6276.12738560 -6270.10858560 -6270.49448560
281.5  -6276.16938103 -6270.12448103 -6270.52298103
282.0  -6276.23265886 -6270.15785886 -6270.57555886
282.5  -6276.30685354 -6270.19885354 -6270.64195354
283.0  -6276.37782637 -6270.23422637 -6270.70782637
283.5  -6276.43137672 -6270.25047672 -6270.75897672
284.0  -6276.45807744 -6270.23917744 -6270.78607744
284.5  -6276.45758734 -6270.20088734 -6270.78868734
285.0  -6276.44036029 -6270.14696029 -6270.77726029
285.5  -6276.42467820 -6270.09677820 -6270.76987820
286.0  -6276.42888320 -6270.06958320 -6270.78498320
286.5  -6276.46231638 -6270.07621638 -6270.83191638
287.0  -6276.52076108 -6270.11396108 -6270.90656108
287.5  -6276.58940910 -6270.16940910 -6270.99410910
288.0  -6276.65089691 -6270.22639691 -6271.07729691
288.5  -6276.69201224 -6270.27251224 -6271.14281224
289.0  -6276.70667992 -6270.30137992 -6271.18407992
289.5  -6276.69676175 -6270.31406175 -6271.20266175
290.0  -6276.67108559 -6270.31778559 -6271.20648559
290.5  -6276.64279006 -6270.32359006 -6271.20809006
291.0  -6276.62501171 -6270.34271171 -6271.21991171
291.5  -6276.62583591 -6270.38123591 -6271.24933591
292.0  -6276.64487255 -6270.43707255 -6271.29547255
292.5  -6276.67320881 -6270.50030881 -6271.34940881
293.0  -6276.69628868 -6270.55538868 -6271.39658868
293.5  -6276.69849721 -6270.58659721 -6271.42149721
294.0  -6276.66792580 -6270.58172580 -6271.41272580
294.5  -6276.60004862 -6270.53664862 -6271.36614862
295.0  -6276.49954860 -6270.45604860 -6271.28664860
295.5  -6276.37977411 -6270.35377411 -6271.18797411
296.0  -6276.25942067 -6270.24882067 -6271.08902067
296.5  -6276.15663007 -6270.15943007 -6271.00783007
297.0  -6276.08251226 -6270.09711226 -6270.95561226
297.5  -6276.03734212 -6270.06234212 -6270.93264212
298.0  -6276.01145554 -6270.04585554 -6270.92905554
298.5  -6275.98996612 -6270.03296612 -6270.92966612
299.0  -6275.95847576 -6270.00937576 -6270.91997576
299.5  -6275.90769744 -6269.96569744 -6270.88989744
300.0  -6275.83646572 -6269.90046572 -6270.83796572
300.5  -6275.75307589 -6269.82157589 -6270.77147589
301.0  -6275.67423105 -6269.74523105 -6270.70653105
301.5  -6275.62048772 -6269.69128772 -6270.66288772
302.0  -6275.60886290 -6269.67636290 -6270.65716290
302.5  -6275.64572017 -6269.70652017 -6270.69522017
303.0  -6275.72384639 -6269.77454639 -6270.76994639
303.5  -6275.82545054 -6269.86275054 -6270.86365054
304.0  -6275.92907232 -6269.95007232 -6270.95517232
304.5  -6276.01655055 -6270.01875055 -6271.02705055
305.0  -6276.07798015 -6270.05918015 -6271.06978015
305.5  -6276.11318351 -6270.07178351 -6271.08368351
306.0  -6276.13051154 -6270.06511154 -6271.07771154
306.5  -6276.14319485 -6270.05279485 -6271.06549485
307.0  -6276.16566665 -6270.04946665 -6271.06196665
307.5  -6276.20769558 -6270.06539558 -6271.07709558
308.0  -6276.27074919 -6270.10224919 -6271.11274919
308.5  -6276.34721621 -6270.15281621 -6271.16171621
309.0  -6276.42333110 -6270.20373110 -6271.21043110
309.5  -6276.48377415 -6270.23987415 -6271.24357415
310.0  -6276.51617231 -6270.24917231 -6271.24877231
310.5  -6276.51457636 -6270.22557636 -6271.22007636
311.0  -6276.48154058 -6270.17194058 -6271.15954058
311.5  -6276.42822074 -6270.09912074 -6271.07832074
312.0  -6276.37156457 -6270.02416457 -6270.99296457
312.5  -6276.32863145 -6269.96423145 -6270.92073145
313.0  -6276.30999377 -6269.92989377 -6270.87219377
313.5  -6276.31583080 -6269.92173080 -6270.84823080
314.0  -6276.33666491 -6269.93056491 -6270.84016491
314.5  -6276.35818257 -6269.94258257 -6270.83458257
315.0  -6276.36737714 -6269.94517714 -6270.81937714
315.5  -6276.35742525 -6269.93192525 -6270.78852525
316.0  -6276.33006816 -6269.90466816 -6270.74436816
316.5  -6276.29515961 -6269.87335961 -6270.69705961
317.0  -6276.26731424 -6269.85241424 -6270.66141424
317.5  -6276.26075349 -6269.85575349 -6270.65125349
318.0  -6276.28366750 -6269.89126750 -6270.67466750
318.5  -6276.33479679 -6269.95739679 -6270.73009679
319.0  -6276.40406456 -6270.04356456 -6270.80736456
319.5  -6276.47672136 -6270.13512136 -6270.89162136
320.0  -6276.53798549 -6270.21698549 -6270.96818549
320.5  -6276.57688293 -6270.27828293 -6271.02598293
321.0  -6276.58880789 -6270.31410789 -6271.06030789
321.5  -6276.57655787 -6270.32695787 -6271.07375787
322.0  -6276.54932263 -6270.32592263 -6271.07532263
322.5  -6276.51919493 -6270.32279493 -6271.07659493
323.0  -6276.49602633 -6270.32712633 -6271.08722633
323.5  -6276.48268131 -6270.34168131 -6271.10978131
324.0  -6276.47310437 -6270.36030437 -6271.13800437
324.5  -6276.45459422 -6270.37029422 -6271.15869422
325.0  -6276.41327556 -6270.35757556 -6271.15787556
325.5  -6276.34009964 -6270.31309964 -6271.12589964
326.0  -6276.23494078 -6270.23644078 -6271.06204078
326.5  -6276.10762397 -6270.13722397 -6270.97552397
327.0  -6275.97560449 -6270.03270449 -6270.88310449
327.5  -6275.85878998 -6269.94268998 -6270.80388998
328.0  -6275.77285273 -6269.88265273 -6270.75295273
328.5  -6275.72359972 -6269.85879972 -6270.73569972
329.0  -6275.70607119 -6269.86637119 -6270.74697119
329.5  -6275.70781563 -6269.89351563 -6270.77421563
330.0  -6275.71408830 -6269.92588830 -6270.80278830
330.5  -6275.71240187 -6269.95120187 -6270.82030187
331.0  -6275.69546081 -6269.96226081 -6270.81966081
331.5  -6275.66268166 -6269.95808166 -6270.80028166
332.0  -6275.62027408 -6269.94447408 -6270.76857408
332.5  -6275.57926016 -6269.93166016 -6270.73536016
333.0  -6275.55147964 -6269.93067964 -6270.71267964
333.5  -6275.54468637 -6269.94848637 -6270.70818637
334.0  -6275.55878397 -6269.98438397 -6270.72178397
334.5  -6275.58516117 -6270.02906117 -6270.74506117
335.0  -6275.60962694 -6270.06812694 -6270.76382694
335.5  -6275.61771134 -6270.08651134 -6270.76381134
336.0  -6275.60020497 -6270.07500497 -6270.73610497
336.5  -6275.55700195 -6270.03320195 -6270.68060195
337.0  -6275.49793125 -6269.97063125 -6270.60743125
337.5  -6275.44022338 -6269.90452338 -6270.53372338
338.0  -6275.40303952 -6269.85413952 -6270.47873952
338.5  -6275.40055509 -6269.83385509 -6270.45675509
339.0  -6275.43686824 -6269.84846824 -6270.47216824
339.5  -6275.50526439 -6269.89226439 -6270.51856439
340.0  -6275.59158614 -6269.95208614 -6270.58198614
340.5  -6275.67934516 -6270.01284516 -6270.64634516
341.0  -6275.75418536 -6270.06108536 -6270.69768536
341.5  -6275.80730198 -6270.08920198 -6270.72720198
342.0  -6275.83811239 -6270.09701239 -6270.73441239
342.5  -6275.85541231 -6270.09351231 -6270.72801231
343.0  -6275.87518950 -6270.09478950 -6270.72358950
343.5  -6275.91415473 -6270.11725473 -6270.73765473
344.0  -6275.98133804 -6270.16973804 -6270.77893804
344.5  -6276.07250042 -6270.24820042 -6270.84320042
345.0  -6276.17072272 -6270.33572272 -6270.91362272
345.5  -6276.25250258 -6270.40910258 -6270.96720258
346.0  -6276.29600692 -6270.44700692 -6270.98300692
346.5  -6276.28818859 -6270.43638859 -6270.94888859
347.0  -6276.22889958 -6270.37709958 -6270.86569958
347.5  -6276.13135190 -6270.28215190 -6270.74745190
348.0  -6276.01897582 -6270.17417582 -6270.61847582
348.5  -6275.91872815 -6270.07962815 -6270.50612815
349.0  -6275.85243933 -6270.01983933 -6270.43273933
349.5  -6275.82970442 -6270.00380442 -6270.40830442
350.0  -6275.84579585 -6270.02669585 -6270.42819585
350.5  -6275.88495733 -6270.07275733 -6270.47685733
351.0  -6275.92618151 -6270.12128151 -6270.53308151
351.5  -6275.94869840 -6270.15159840 -6270.57599840
352.0  -6275.93692626 -6270.14862626 -6270.58942626
352.5  -6275.88576970 -6270.10746970 -6270.56756970
353.0  -6275.80544304 -6270.03864304 -6270.51994304
353.5  -6275.72183865 -6269.96833865 -6270.47153865
354.0  -6275.66778364 -6269.92968364 -6270.45418364
354.5  -6275.66690740 -6269.94670740 -6270.49080740
355.0  -6275.72032833 -6270.02082833 -6270.58232833
355.5  -6275.80636969 -6270.13076969 -6270.70666969
356.0  -6275.89195496 -6270.24385496 -6270.83115496
356.5  -6275.94656013 -6270.32976013 -6270.92546013
357.0  -6275.95165157 -6270.37035157 -6270.97135157
357.5  -6275.90402188 -6270.36242188 -6270.96602188
358.0  -6275.81467064 -6270.31687064 -6270.92057064
358.5  -6275.70467560 -6270.25487560 -6270.85637560
359.0  -6275.59831495 -6270.20031495 -6270.79761495
359.5  -6275.51485696 -6270.17235696 -6270.76355696
360.0  -6275.46206456 -6270.17866456 -6270.76196456
360.5  -6275.43458213 -6270.21388213 -6270.78738213
361.0  -6275.41784581 -6270.26354581 -6270.82524581
361.5  -6275.39386139 -6270.30976139 -6270.85736139
362.0  -6275.34555486 -6270.33545486 -6270.86625486
362.5  -6275.25969974 -6270.32689974 -6270.83819974
363.0  -6275.12961175 -6270.27691175 -6270.76601175
363.5  -6274.95890724 -6270.18810724 -6270.65240724
364.0  -6274.76449618 -6270.07609618 -6270.51319618
364.5  -6274.57466515 -6269.96746515 -6270.37576515
365.0  -6274.41991966 -6269.89121966 -6270.26961966
365.5  -6274.31996936 -6269.86516936 -6270.21376936
366.0  -6274.27486083 -6269.88766083 -6270.20766083
366.5  -6274.26668852 -6269.93938852 -6270.23368852
367.0  -6274.27022592 -6269.99372592 -6270.26692592
367.5  -6274.26490557 -6270.02960557 -6270.28780557
368.0  -6274.24219423 -6270.03819423 -6270.28859423
368.5  -6274.20737926 -6270.02507926 -6270.27467926
369.0  -6274.17595539 -6270.00675539 -6270.26155539
369.5  -6274.16608449 -6270.00268449 -6270.26678449
370.0  -6274.19029757 -6270.02699757 -6270.30249757
370.5  -6274.25065428 -6270.08295428 -6270.37035428
371.0  -6274.33949858 -6270.16409858 -6270.46279858
371.5  -6274.44366218 -6270.25826218 -6270.56656218
372.0  -6274.54940949 -6270.35250949 -6270.66840949
372.5  -6274.64422838 -6270.43492838 -6270.75602838
373.0  -6274.71851305 -6270.49621305 -6270.82011305
373.5  -6274.76720050 -6270.53180050 -6270.85630050
374.0  -6274.79093197 -6270.54243197 -6270.86573197
374.5  -6274.79666558 -6270.53486558 -6270.85596558
375.0  -6274.79628473 -6270.52108473 -6270.83978473
375.5  -6274.80182921 -6270.51262921 -6270.83022921
376.0  -6274.81975657 -6270.51595657 -6270.83485657
376.5  -6274.84746771 -6270.52826771 -6270.85196771
377.0  -6274.87454227 -6270.53914227 -6270.87234227
377.5  -6274.88775947 -6270.53575947 -6270.88315947
378.0  -6274.87701295 -6270.50871295 -6270.87461295
378.5  -6274.83951948 -6270.45571948 -6270.84391948
379.0  -6274.78111304 -6270.38371304 -6270.79651304
379.5  -6274.71432165 -6270.30572165 -6270.74452165
380.0  -6274.65369413 -6270.23689413 -6270.70209413
380.5  -6274.61005255 -6270.18875255 -6270.67975255
381.0  -6274.58640361 -6270.16440361 -6270.68020361
381.5  -6274.57765147 -6270.15905147 -6270.69865147
382.0  -6274.57374672 -6270.16284672 -6270.72534672
382.5  -6274.56377953 -6270.16487953 -6270.74967953
383.0  -6274.53884924 -6270.15634924 -6270.76334924
383.5  -6274.49350552 -6270.13170552 -6270.76150552
384.0  -6274.42657892 -6270.08957892 -6270.74357892
384.5  -6274.34181987 -6270.03331987 -6270.71351987
385.0  -6274.24777670 -6269.97107670 -6270.68007670
385.5  -6274.15588168 -6269.91368168 -6270.65468168
386.0  -6274.07656056 -6269.87086056 -6270.64756056
386.5  -6274.01482679 -6269.84712679 -6270.66302679
387.0  -6273.96787872 -6269.83937872 -6270.69787872
387.5  -6273.92633472 -6269.83773472 -6270.74163472
388.0  -6273.87844695 -6269.83044695 -6270.78184695
388.5  -6273.81513375 -6269.80813375 -6270.80833375
389.0  -6273.73367588 -6269.76787588 -6270.81707588
389.5  -6273.63871006 -6269.71411006 -6270.81161006
390.0  -6273.54015132 -6269.65645132 -6270.80065132
390.5  -6273.44890458 -6269.60540458 -6270.79390458
391.0  -6273.37233940 -6269.56793940 -6270.79783940
391.5  -6273.31183965 -6269.54513965 -6270.81303965
392.0  -6273.26342978 -6269.53262978 -6270.83522978
392.5  -6273.22036648 -6269.52376648 -6270.85736648
393.0  -6273.17585881 -6269.51145881 -6270.87265881
393.5  -6273.12477828 -6269.49077828 -6270.87617828
394.0  -6273.06444285 -6269.45904285 -6270.86564285
394.5  -6272.99501664 -6269.41651664 -6270.84151664
395.0  -6272.91974952 -6269.36624952 -6270.80744952
395.5  -6272.84473534 -6269.31453534 -6270.76993534
396.0  -6272.77760024 -6269.26860024 -6270.73670024
396.5  -6272.72514045 -6269.23504045 -6270.71484045
397.0  -6272.69084469 -6269.21704469 -6270.70754469
397.5  -6272.67372102 -6269.21332102 -6270.71372102
398.0  -6272.66918869 -6269.21888869 -6270.72828869
398.5  -6272.67160204 -6269.22760204 -6270.74510204
399.0  -6272.67708626 -6269.23538626 -6270.75968626
399.5  -6272.68530611 -6269.24150611 -6270.77100611
400.0  -6272.69943027 -6269.24903027 -6270.78153027
