0.0  309.3718
0.5  353.8231
1.0  396.1866
1.5  424.7317
2.0  431.0770
2.5  415.4559
3.0  389.4956
3.5  371.9542
4.0  377.2482
4.5  405.2482
5.0  441.8873
5.5  469.4950
6.0  476.9099
6.5  462.6871
7.0  432.5862
7.5  395.4665
8.0  360.1878
8.5  333.8967
9.0  321.3997
9.5  324.8298
10.0  343.1043
10.5  371.6721
11.0  402.7414
11.5  426.3490
12.0  432.9953
12.5  417.7352
13.0  384.3617
13.5  346.3903
14.0  321.4154
14.5  320.4304
15.0  340.2542
15.5  366.1174
16.0  381.5433
16.5  376.9535
17.0  351.8184
17.5  312.2583
18.0  267.4826
18.5  226.8001
19.0  198.0495
19.5  186.7865
20.0  195.8630
20.5  225.1319
21.0  269.0820
21.5  318.2267
22.0  363.0827
22.5  395.5847
23.0  411.9478
23.5  415.8630
24.0  419.2254
24.5  436.7922
25.0  476.8381
25.5  537.5436
26.0  604.3817
26.5  657.9318
27.0  686.7555
27.5  687.2911
28.0  664.2984
28.5  626.5866
29.0  584.5925
29.5  551.7141
30.0  530.7396
30.5  517.7678
31.0  510.2274
31.5  503.1584
32.0  490.1618
32.5  465.0571
33.0  424.1863
33.5  369.7683
34.0  311.8165
34.5  266.4997
35.0  249.6485
35.5  266.8891
36.0  309.3962
36.5  359.9396
37.0  402.4024
37.5  427.7021
38.0  434.8087
38.5  428.2244
39.0  414.6329
39.5  401.0730
40.0  393.2855
40.5  394.6804
41.0  403.1312
41.5  416.1402
42.0  430.0469
42.5  437.3983
43.0  432.3766
43.5  412.8072
44.0  382.4369
44.5  351.3512
45.0  332.5824
45.5  335.2372
46.0  358.6517
46.5  392.4877
47.0  422.8239
47.5  438.9673
48.0  437.4031
48.5  421.4796
49.0  398.0716
49.5  374.7112
50.0  357.5691
50.5  350.2077
51.0  353.3103
51.5  364.4799
52.0  378.7142
52.5  389.7137
53.0  390.8809
53.5  377.7673
54.0  351.1165
54.5  316.7966
55.0  286.1359
55.5  272.3852
56.0  282.9213
56.5  312.6062
57.0  349.6964
57.5  386.5867
58.0  416.5733
58.5  431.8552
59.0  433.9200
59.5  429.6368
60.0  424.0438
60.5  422.5577
61.0  428.4070
61.5  441.9602
62.0  460.6990
62.5  479.4244
63.0  491.0797
63.5  488.0742
64.0  464.9516
64.5  421.4904
65.0  364.5548
65.5  307.3012
66.0  264.3067
66.5  245.9125
67.0  250.6113
67.5  268.0184
68.0  286.9328
68.5  299.5202
69.0  303.8217
69.5  302.8009
70.0  301.8178
70.5  306.3677
71.0  320.3345
71.5  345.2763
72.0  380.0667
72.5  420.5803
73.0  460.0473
73.5  490.0805
74.0  502.5419
74.5  492.2340
75.0  459.4057
75.5  412.8982
76.0  366.3065
76.5  331.7575
77.0  314.9785
77.5  312.0740
78.0  313.6814
78.5  311.4849
79.0  302.1854
79.5  287.7702
80.0  273.5046
80.5  265.3616
81.0  268.2054
81.5  284.7510
82.0  315.0855
82.5  356.6089
83.0  404.1956
83.5  450.8053
84.0  488.2093
84.5  508.6613
85.0  507.5240
85.5  485.7404
86.0  451.2146
86.5  416.6246
87.0  393.2807
87.5  384.5494
88.0  384.4907
88.5  382.8977
89.0  371.9556
89.5  349.7433
90.0  320.1378
90.5  290.5690
91.0  267.7081
91.5  256.8902
92.0  261.6312
92.5  282.2097
93.0  316.0251
93.5  357.9880
94.0  401.0975
94.5  437.3421
95.0  459.2989
95.5  462.4624
96.0  447.8103
96.5  422.8271
97.0  398.9365
97.5  385.1886
98.0  382.5934
98.5  384.1622
99.0  380.5555
99.5  366.2734
100.0  342.1077
100.5  313.6546
101.0  288.1588
101.5  271.7543
102.0  268.0215
102.5  277.6780
103.0  298.7936
103.5  327.3249
104.0  357.7775
104.5  383.7467
105.0  398.7017
105.5  397.3772
106.0  377.9668
106.5  344.6340
107.0  308.2439
107.5  282.5847
108.0  276.7362
108.5  289.1419
109.0  308.9892
109.5  324.0137
110.0  327.7567
110.5  321.5332
111.0  312.4872
111.5  308.5543
112.0  314.9863
112.5  334.0702
113.0  365.1839
113.5  405.4103
114.0  450.2796
114.5  494.4147
115.0  531.9465
115.5  556.6892
116.0  563.4456
116.5  549.5252
117.0  517.5588
117.5  477.1838
118.0  441.2130
118.5  418.7281
119.0  408.5041
119.5  400.1320
120.0  384.5070
120.5  353.4065
121.0  306.4876
121.5  254.8662
122.0  208.3077
122.5  172.3040
123.0  151.6139
123.5  148.7426
124.0  161.7804
124.5  188.0986
125.0  224.5926
125.5  266.4306
126.0  307.8127
126.5  342.9976
127.0  367.0962
127.5  379.1444
128.0  385.0861
128.5  395.6995
129.0  419.9599
129.5  458.3853
130.0  502.2678
130.5  538.9769
131.0  559.6007
131.5  562.2667
132.0  550.1381
132.5  528.8744
133.0  503.6709
133.5  478.1678
134.0  454.3956
134.5  433.0190
135.0  414.3216
135.5  399.1631
136.0  387.9451
136.5  378.8555
137.0  367.3002
137.5  346.9621
138.0  315.9387
138.5  281.6973
139.0  258.7011
139.5  261.5748
140.0  295.2859
140.5  349.3601
141.0  404.2559
141.5  444.3294
142.0  464.7663
142.5  469.9007
143.0  467.7000
143.5  465.1928
144.0  466.5946
144.5  473.5051
145.0  486.3933
145.5  506.1216
146.0  534.3608
146.5  571.9332
147.0  615.9846
147.5  657.6220
148.0  683.1993
148.5  681.5596
149.0  653.0388
149.5  613.0361
150.0  583.5594
150.5  577.0421
151.0  587.4524
151.5  597.3718
152.0  592.3670
152.5  568.5454
153.0  530.7328
153.5  486.8051
154.0  443.2601
154.5  403.5421
155.0  368.4961
155.5  338.2448
156.0  314.6651
156.5  302.8135
157.0  308.7105
157.5  333.8194
158.0  369.2737
158.5  399.1538
159.0  410.9781
159.5  403.8102
160.0  391.2038
160.5  392.9967
161.0  420.3310
161.5  467.9072
162.0  520.5362
162.5  565.1639
163.0  597.0169
163.5  617.8945
164.0  631.8428
164.5  641.8511
165.0  651.2297
165.5  653.1949
166.0  648.6253
166.5  644.5007
167.0  639.8650
167.5  636.4234
168.0  632.7128
168.5  623.0320
169.0  599.6207
169.5  557.6881
170.0  500.5936
170.5  440.8585
171.0  394.4665
171.5  371.9288
172.0  373.3533
172.5  390.6732
173.0  414.4855
173.5  439.7348
174.0  465.5634
174.5  491.9180
175.0  517.6399
175.5  540.3568
176.0  557.6021
176.5  568.2567
177.0  572.8618
177.5  572.7466
178.0  568.6035
178.5  558.8454
179.0  539.9613
179.5  509.0228
180.0  466.9667
180.5  420.3752
181.0  379.5449
181.5  353.9622
182.0  347.9330
182.5  359.4904
183.0  382.8744
183.5  410.2855
184.0  435.4173
184.5  455.8426
185.0  470.5959
185.5  479.1673
186.0  481.5086
186.5  478.2416
187.0  470.7200
187.5  460.6086
188.0  448.6695
188.5  433.7780
189.0  413.4025
189.5  385.1910
190.0  348.6620
190.5  306.6739
191.0  265.5150
191.5  232.6480
192.0  213.3212
192.5  208.5048
193.0  215.4722
193.5  229.7207
194.0  247.0072
194.5  264.6577
195.0  281.6905
195.5  298.2052
196.0  314.6157
196.5  331.3397
197.0  348.7770
197.5  367.1562
198.0  386.2143
198.5  404.7540
199.0  420.2150
199.5  429.1172
200.0  428.2014
200.5  415.4116
201.0  391.7393
201.5  360.6743
202.0  329.7215
202.5  307.8874
203.0  300.5812
203.5  308.9012
204.0  329.6243
204.5  357.5783
205.0  388.2732
205.5  419.0518
206.0  448.7744
206.5  477.0381
207.0  504.7484
207.5  533.2343
208.0  562.3935
208.5  590.8964
209.0  616.3195
209.5  634.8305
210.0  641.3213
210.5  630.8349
211.0  600.7271
211.5  552.7168
212.0  494.1147
212.5  436.2064
213.0  389.8238
213.5  361.1247
214.0  350.0843
214.5  352.2912
215.0  362.3211
215.5  376.4897
216.0  393.7892
216.5  415.1092
217.0  441.7578
217.5  474.4280
218.0  513.2601
218.5  557.8494
219.0  606.3415
219.5  655.6258
220.0  700.0813
220.5  734.2319
221.0  751.1806
221.5  744.7945
222.0  715.8003
222.5  669.8037
223.0  617.2293
223.5  568.9809
224.0  531.6403
224.5  505.6404
225.0  486.2237
225.5  466.6918
226.0  442.3688
226.5  412.3434
227.0  379.3844
227.5  350.6923
228.0  330.2480
228.5  324.0512
229.0  338.2577
229.5  373.1569
230.0  425.7076
230.5  488.4192
231.0  550.5617
231.5  600.8767
232.0  631.0133
232.5  638.7635
233.0  628.9674
233.5  611.3755
234.0  596.2183
234.5  589.7346
235.0  593.5460
235.5  601.2899
236.0  607.7823
236.5  606.0034
237.0  590.3428
237.5  566.9163
238.0  538.1892
238.5  508.1528
239.0  485.8170
239.5  479.7938
240.0  495.1764
240.5  530.3681
241.0  578.0128
241.5  626.6562
242.0  667.2760
242.5  684.3668
243.0  674.4372
243.5  648.5328
244.0  614.6986
244.5  583.6405
245.0  561.7808
245.5  549.7048
246.0  543.1817
246.5  536.0858
247.0  523.0465
247.5  501.5357
248.0  471.3224
248.5  434.0160
249.0  397.6944
249.5  375.3450
250.0  375.5122
250.5  402.3245
251.0  453.2964
251.5  517.2819
252.0  579.1119
252.5  624.2802
253.0  645.0946
253.5  644.4597
254.0  634.2461
254.5  629.2328
255.0  638.7923
255.5  665.1063
256.0  702.1832
256.5  740.3871
257.0  772.5243
257.5  793.7535
258.0  801.8696
258.5  795.1391
259.0  772.6164
259.5  736.8814
260.0  695.3848
260.5  657.5966
261.0  630.6424
261.5  615.5617
262.0  605.1864
262.5  585.2230
263.0  539.8993
263.5  468.3294
264.0  390.9325
264.5  331.8313
265.0  306.5785
265.5  320.9885
266.0  370.3481
266.5  441.6920
267.0  520.2938
267.5  593.2735
268.0  650.4649
268.5  689.7726
269.0  714.4724
269.5  728.6128
270.0  736.2384
270.5  741.3628
271.0  747.7746
271.5  756.4483
272.0  766.8212
272.5  773.9564
273.0  768.8877
273.5  744.4822
274.0  701.6730
274.5  647.2088
275.0  591.3860
275.5  548.0291
276.0  526.4887
276.5  526.4810
277.0  538.7701
277.5  551.0360
278.0  553.8601
278.5  543.5325
279.0  521.8877
279.5  494.8187
280.0  470.3763
280.5  456.2161
281.0  456.0580
281.5  469.6692
282.0  494.1118
282.5  523.3026
283.0  548.5907
283.5  561.4292
284.0  556.5499
284.5  534.3119
285.0  502.1472
285.5  472.6872
286.0  458.5564
286.5  466.3199
287.0  493.8452
287.5  532.5424
288.0  572.2355
288.5  604.4159
289.0  624.5788
289.5  633.7526
290.0  637.0393
290.5  641.1965
291.0  652.8867
291.5  676.2071
292.0  710.5445
292.5  750.0645
293.0  784.8747
293.5  804.4470
294.0  800.9599
294.5  771.6726
295.0  719.9899
295.5  654.8598
296.0  588.6259
296.5  533.2723
297.0  496.1535
297.5  477.5945
298.0  471.4244
298.5  467.8879
299.0  457.4170
299.5  433.7057
300.0  395.6687
300.5  348.3191
301.0  302.2139
301.5  270.4851
302.0  263.9012
302.5  286.3659
303.0  333.1888
303.5  393.0935
304.0  451.7861
304.5  497.3270
305.0  523.2587
305.5  530.7956
306.0  528.7576
306.5  523.1396
307.0  521.8106
307.5  532.2284
308.0  554.9094
308.5  586.3197
309.0  617.8734
309.5  639.6676
310.0  644.1320
310.5  627.6821
311.0  591.8422
311.5  543.8496
312.0  494.5390
312.5  455.1509
313.0  432.8943
313.5  428.3156
314.0  435.8222
314.5  446.4178
315.0  451.8280
315.5  447.6998
316.0  434.8309
316.5  419.5007
317.0  411.0744
317.5  418.3587
318.0  446.2626
318.5  493.4473
319.0  554.0155
319.5  619.3267
320.0  679.5685
320.5  727.0804
321.0  758.4056
321.5  775.0876
322.0  783.0781
322.5  790.0379
323.0  801.5989
323.5  818.9258
324.0  837.8841
324.5  850.0700
325.0  846.2261
325.5  820.3164
326.0  772.1338
326.5  708.0943
327.0  639.5544
327.5  579.2288
328.0  537.7366
328.5  519.4637
329.0  521.2718
329.5  535.2257
330.0  551.9499
330.5  563.5517
331.0  565.2277
331.5  556.4105
332.0  541.3980
332.5  527.5050
333.0  521.9959
333.5  529.4868
334.0  549.6542
334.5  576.7457
335.0  601.4917
335.5  614.1038
336.0  607.9009
336.5  582.4695
337.0  544.1867
337.5  504.0909
338.0  474.6428
338.5  465.3502
339.0  479.2472
339.5  512.7557
340.0  557.6472
340.5  603.7803
341.0  642.1390
341.5  667.1876
342.0  678.6802
342.5  682.3577
343.0  688.4561
343.5  707.5844
344.0  745.4035
344.5  799.1845
345.0  858.0981
345.5  907.2042
346.0  932.5485
346.5  925.6231
347.0  886.3962
347.5  823.4620
348.0  752.0376
348.5  689.6857
349.0  650.4670
349.5  640.4696
350.0  656.5723
350.5  688.4561
351.0  722.1516
351.5  743.8205
352.0  743.3511
352.5  717.7019
353.0  673.7002
353.5  628.2665
354.0  602.8005
354.5  612.8513
355.0  659.6040
355.5  729.4490
356.0  801.1179
356.5  854.8296
357.0  878.4774
357.5  869.8563
358.0  836.0407
358.5  791.0341
359.0  751.0541
359.5  728.5638
360.0  728.8587
360.5  748.9669
361.0  779.1826
361.5  807.5378
362.0  822.1850
362.5  813.8551
363.0  778.1030
363.5  716.4424
364.0  638.9211
364.5  562.8065
365.0  506.3014
365.5  480.4487
366.0  483.8454
366.5  503.8374
367.0  523.5987
367.5  530.0572
368.0  517.8728
368.5  491.4327
369.0  463.1861
369.5  446.9961
370.0  451.9367
370.5  479.6959
371.0  525.1283
371.5  581.3156
372.0  639.8918
372.5  690.2744
373.0  726.0838
373.5  745.6094
374.0  748.9703
374.5  738.8124
375.0  723.9972
375.5  713.8157
376.0  712.2326
376.5  718.1782
377.0  725.8623
377.5  727.6482
378.0  717.2558
378.5  692.7367
379.0  657.5420
379.5  619.3320
380.0  586.9954
380.5  567.0784
381.0  561.3517
381.5  566.7550
382.0  577.1730
382.5  585.9207
383.0  587.6617
383.5  579.1791
384.0  559.9618
384.5  532.6881
385.0  503.0211
385.5  478.2483
386.0  464.7696
386.5  465.4209
387.0  477.9842
387.5  495.9964
388.0  511.4577
388.5  517.9354
389.0  513.0116
389.5  499.0926
390.0  481.9733
390.5  468.0144
391.0  461.3425
391.5  462.3027
392.0  468.0173
392.5  474.0716
393.0  475.9383
393.5  470.1051
394.0  454.8725
394.5  430.5720
395.0  399.4330
395.5  365.4468
396.0  333.6653
396.5  308.6111
397.0  292.4940
397.5  284.3931
398.0  281.1014
398.5  278.8278
399.0  274.9237
399.5  269.1325
400.0  263.4769
